<?xml version="1.0"?>
<opencv_storage>
<camera_name>RL</camera_name>
<camera_model>FISHEYE</camera_model>
<calibration_time>"2023-01-7 12:13:19"</calibration_time>
<camIntrinsicMat type_id="opencv-matrix">
  <rows>3</rows>
  <cols>3</cols>
  <dt>d</dt>
  <data>
    1163.8426023440443 0. 969.61393448898355 0.
    1165.1792977186747 589.44095676899883 0. 0. 1.</data></camIntrinsicMat>
<distortion_coefficients type_id="opencv-matrix">
  <rows>4</rows>
  <cols>1</cols>
  <dt>d</dt>
  <data>
    -0.037050858254448565 -0.0094060874342914731
    -0.001804483267406208 -0.020253682553071944</data></distortion_coefficients>
<camIntriMatrix type_id="opencv-matrix">
  <rows>3</rows>
  <cols>4</cols>
  <dt>d</dt>
  <data>
    1163.8426023440443 0. 969.61393448898355 0. 0.
    1165.1792977186747 589.44095676899883 0. 0. 0. 1. 0.</data></camIntriMatrix>
<avg_reprojection_error>2.5577851203661700e-01</avg_reprojection_error>
</opencv_storage>
