<?xml version="1.0"?>
<opencv_storage>
<camera_name>RL</camera_name>
<calibration_time>"2023-01-07 12:31:21"</calibration_time>
<undistort>1</undistort>
<rotationMatrix type_id="opencv-matrix">
  <rows>3</rows>
  <cols>3</cols>
  <dt>d</dt>
  <data>
    6.7757487380116432e-01 7.3527850457414590e-01 1.6056497268823466e-02
    -5.6607418690401423e-03 2.7045456733113760e-02
    -9.9961817674129416e-01 -7.3543201344164255e-01
    6.7722526826847274e-01 2.2487543749082461e-02</data></rotationMatrix>
<offsetMatrix type_id="opencv-matrix">
  <rows>3</rows>
  <cols>1</cols>
  <dt>d</dt>
  <data>
    7.8806656795541649e+03 1.5196964403696315e+03 5.4765833000130897e+03</data></offsetMatrix>
<deltaXY>
  0. 0.</deltaXY>
<headLocation>
  0. 0.</headLocation>
<pointA>
  0. 0.</pointA>
<pointB>
  0. 0.</pointB>
<pointV>
  0. 0.</pointV>
<cameraLocation>
  -1.3034837646484375e+03 -9.5444658203125000e+03 1.2694254150390625e+03</cameraLocation>
<extrinsicMatrix type_id="opencv-matrix">
  <rows>4</rows>
  <cols>4</cols>
  <dt>d</dt>
  <data>
    6.7757487380116432e-01 7.3527850457414590e-01 1.6056497268823466e-02
    7.8806656795541649e+03 -5.6607418690401423e-03
    2.7045456733113760e-02 -9.9961817674129416e-01
    1.5196964403696315e+03 -7.3543201344164255e-01
    6.7722526826847274e-01 2.2487543749082461e-02 5.4765833000130897e+03
    0. 0. 0. 1.</data></extrinsicMatrix>
 <!-- resumed -->

<bsd_deltaXY>
  -3120. -6800.</bsd_deltaXY>
<yaw>4.7343732593225162e+01</yaw>
<pitch>8.8098168841372882e+01</pitch>
<roll>-4.7866159894400467e-01</roll>
<avg_reprojection_error>3.9480748772621155e-01</avg_reprojection_error>
</opencv_storage>
