<?xml version="1.0"?>
<opencv_storage>
<camera_name>RL</camera_name>
<calibration_time>"2022-07-08 15:28:41"</calibration_time>
<undistort>1</undistort>
<rotationMatrix type_id="opencv-matrix">
  <rows>3</rows>
  <cols>3</cols>
  <dt>d</dt>
  <data>
    6.9144545477340991e-01 7.2238176945447785e-01 8.2317818854535374e-03
    -3.1736594639542037e-03 1.4431836438444173e-02
    -9.9989081903106836e-01 -7.2242169884271812e-01
    6.9134383721620851e-01 1.2271421448612652e-02</data></rotationMatrix>
<offsetMatrix type_id="opencv-matrix">
  <rows>3</rows>
  <cols>1</cols>
  <dt>d</dt>
  <data>
    7.7522358492995436e+03 1.3818316883853881e+03 5.5970375552627920e+03</data></offsetMatrix>
<deltaXY>
  0. 0.</deltaXY>
<headLocation>
  0. 0.</headLocation>
<pointA>
  0. 0.</pointA>
<pointB>
  0. 0.</pointB>
<pointV>
  0. 0.</pointV>
<cameraLocation>
  -1.3124414062500000e+03 -9.4894931640625000e+03 1.2491824951171875e+03</cameraLocation>
<extrinsicMatrix type_id="opencv-matrix">
  <rows>4</rows>
  <cols>4</cols>
  <dt>d</dt>
  <data>
    6.9144545477340991e-01 7.2238176945447785e-01 8.2317818854535374e-03
    7.7522358492995436e+03 -3.1736594639542037e-03
    1.4431836438444173e-02 -9.9989081903106836e-01
    1.3818316883853881e+03 -7.2242169884271812e-01
    6.9134383721620851e-01 1.2271421448612652e-02 5.5970375552627920e+03
    0. 0. 0. 1.</data></extrinsicMatrix>
 <!-- resumed -->

<bsd_deltaXY>
  -3275. -6730.</bsd_deltaXY>
<yaw>4.6254783883277533e+01</yaw>
<pitch>8.8983101037858404e+01</pitch>
<roll>-2.6297955208020335e-01</roll>
<avg_reprojection_error>2.3902148008346558e-01</avg_reprojection_error>
</opencv_storage>
