<?xml version="1.0"?>
<opencv_storage>
<camera_name>RL</camera_name>
<camera_model>FISHEYE</camera_model>
<calibration_time>"2022-07-07 15:58:49"</calibration_time>
<camIntrinsicMat type_id="opencv-matrix">
  <rows>3</rows>
  <cols>3</cols>
  <dt>d</dt>
  <data>
    1.1497335546647287e+03 0. 9.6742787226717519e+02 0.
    1.1501618043068727e+03 5.9607593395067408e+02 0. 0. 1.</data></camIntrinsicMat>
<distortion_coefficients type_id="opencv-matrix">
  <rows>4</rows>
  <cols>1</cols>
  <dt>d</dt>
  <data>
    -3.7607909744444834e-02 -8.0481698612707812e-03
    3.1530613090093853e-03 -7.0478144972725195e-03</data></distortion_coefficients>
<camIntriMatrix type_id="opencv-matrix">
  <rows>3</rows>
  <cols>4</cols>
  <dt>d</dt>
  <data>
    1.1497335546647287e+03 0. 9.6742787226717519e+02 0. 0.
    1.1501618043068727e+03 5.9607593395067408e+02 0. 0. 0. 1. 0.</data></camIntriMatrix>
<avg_reprojection_error>1.7954971897748023e-01</avg_reprojection_error>
</opencv_storage>
