<?xml version="1.0"?>
<opencv_storage>
<camera_name>FR</camera_name>
<camera_model>FISHEYE</camera_model>
<calibration_time>"2022-01-10 22:57:02"</calibration_time>
<camIntrinsicMat type_id="opencv-matrix">
  <rows>3</rows>
  <cols>3</cols>
  <dt>d</dt>
  <data>
    1.1426461596605368e+03 0. 9.6451673667142893e+02 0.
    1.1416571117697058e+03 5.8420136141232638e+02 0. 0. 1.</data></camIntrinsicMat>
<distortion_coefficients type_id="opencv-matrix">
  <rows>4</rows>
  <cols>1</cols>
  <dt>d</dt>
  <data>
    -4.0563586107388826e-02 2.6702051758799278e-02
    -9.6991383802127656e-02 7.6095983513371560e-02</data></distortion_coefficients>
<camIntriMatrix type_id="opencv-matrix">
  <rows>3</rows>
  <cols>4</cols>
  <dt>d</dt>
  <data>
    1.1426461596605368e+03 0. 9.6451673667142893e+02 0. 0.
    1.1416571117697058e+03 5.8420136141232638e+02 0. 0. 0. 1. 0.</data></camIntriMatrix>
<avg_reprojection_error>5.7241390845316653e-01</avg_reprojection_error>
</opencv_storage>
