<?xml version="1.0"?>
<opencv_storage>
<camera_name>FC120</camera_name>
<camera_model>FISHEYE</camera_model>
<calibration_time>"2022-12-20 16:06:15"</calibration_time>
<camIntrinsicMat type_id="opencv-matrix">
  <rows>3</rows>
  <cols>3</cols>
  <dt>d</dt>
  <data>
    994.44577529014123 0. 970.11009371649823 0.
   994.72790173864337 604.40603479902461 0. 0. 1.</data></camIntrinsicMat>
<distortion_coefficients type_id="opencv-matrix">
  <rows>4</rows>
  <cols>1</cols>
  <dt>d</dt>
  <data>
    -0.033845558020732816 -0.025707341020014901
    0.0045376447327928554 0.0021149655656092104</data></distortion_coefficients>
<camIntriMatrix type_id="opencv-matrix">
  <rows>3</rows>
  <cols>4</cols>
  <dt>d</dt>
  <data>
    994.44577529014123 0. 970.11009371649823 0. 0.
   994.72790173864337 604.40603479902461 0. 0. 0. 1. 0.</data></camIntriMatrix>
<avg_reprojection_error>1.6075191862406424e-01</avg_reprojection_error>
</opencv_storage>
