<?xml version="1.0"?>
<opencv_storage>
<camera_name>FC120</camera_name>
<calibration_time>"2022-12-21 09:56:01"</calibration_time>
<undistort>1</undistort>
<rotationMatrix type_id="opencv-matrix">
  <rows>3</rows>
  <cols>3</cols>
  <dt>d</dt>
  <data>
    9.9990776102885959e-01 -1.2274309018853980e-02
    5.8147031190526983e-03 5.7549757061333981e-03
    -4.8957760098837615e-03 -9.9997145540854449e-01
    1.2302426137752492e-02 9.9991268254551646e-01
    -4.8246860783285970e-03</data></rotationMatrix>
<offsetMatrix type_id="opencv-matrix">
  <rows>3</rows>
  <cols>1</cols>
  <dt>d</dt>
  <data>
    -1.7991859355095200e+03 1.3975579730718819e+03
    3.3576218029055231e+03</data></offsetMatrix>
<deltaXY>
  1825. -3240.</deltaXY>
<headLocation>
  1825. -3240.</headLocation>
<pointA>
  4.3723505371628085e+02 1.0184460880619923e+03</pointA>
<pointB>
  1.5080405156446777e+03 1.0191210855869185e+03</pointB>
<pointV>
  9.5790289306640625e+02 5.9953564453125000e+02</pointV>
<cameraLocation>
  1.7496701660156250e+03 -3.3725703125000000e+03 1.4241793212890625e+03</cameraLocation>
<extrinsicMatrix type_id="opencv-matrix">
  <rows>4</rows>
  <cols>4</cols>
  <dt>d</dt>
  <data>
    9.9990776102885959e-01 -1.2274309018853980e-02
    5.8147031190526983e-03 -1.7991859355095200e+03
    5.7549757061333981e-03 -4.8957760098837615e-03
    -9.9997145540854449e-01 1.3975579730718819e+03
    1.2302426137752492e-02 9.9991268254551646e-01
    -4.8246860783285970e-03 3.3576218029055231e+03 0. 0. 0. 1.</data></extrinsicMatrix>
 <!-- resumed -->

<yaw_z>7.0329219911834229e-01</yaw_z>
<pitch_x>9.0280511543501419e+01</pitch_x>
<roll_z>0.</roll_z>
</opencv_storage>
