<?xml version="1.0"?>
<opencv_storage>
<camera_name>RL</camera_name>
<camera_model>FISHEYE</camera_model>
<calibration_time>"2023-02-16 13:13:19"</calibration_time>
<camIntrinsicMat type_id="opencv-matrix">
  <rows>3</rows>
  <cols>3</cols>
  <dt>d</dt>
  <data>
    1156.8811972778296 0. 949.71077127629587 0.
    1161.1151818501678 596.3583504018294 0. 0. 1.</data></camIntrinsicMat>
<distortion_coefficients type_id="opencv-matrix">
  <rows>4</rows>
  <cols>1</cols>
  <dt>d</dt>
  <data>
    -0.027345216335408373 0.021672854841255421
    -0.12125844205131844 0.097582556204655779</data></distortion_coefficients>
<camIntriMatrix type_id="opencv-matrix">
  <rows>3</rows>
  <cols>4</cols>
  <dt>d</dt>
  <data>
    1156.8811972778296 0. 949.71077127629587 0. 0.
    1161.1151818501678 596.3583504018294 0. 0. 0. 1. 0.</data></camIntriMatrix>
<avg_reprojection_error>2.5577851203661700e-01</avg_reprojection_error>
</opencv_storage>
