<?xml version="1.0"?>
<opencv_storage>
<camera_name>RR</camera_name>
<calibration_time>"2022-03-24 20:02:54"</calibration_time>
<undistort>1</undistort>
<rotationMatrix type_id="opencv-matrix">
  <rows>3</rows>
  <cols>3</cols>
  <dt>d</dt>
  <data>
    6.9274031869507180e-01 -7.2044947530102621e-01
    3.2609881826322018e-02 2.1194813386567646e-02
    -2.4859445643413663e-02 -9.9946625148016421e-01
    7.2087560004466722e-01 6.9306172993520465e-01
    -1.9513481141453515e-03</data></rotationMatrix>
<offsetMatrix type_id="opencv-matrix">
  <rows>3</rows>
  <cols>1</cols>
  <dt>d</dt>
  <data>
    -7.7685665501702933e+03 1.0282629826848138e+03
    5.6869952040441613e+03</data></offsetMatrix>
<deltaXY>
  0. 0.</deltaXY>
<headLocation>
  0. 0.</headLocation>
<pointA>
  0. 0.</pointA>
<pointB>
  0. 0.</pointB>
<pointV>
  0. 0.</pointV>
<cameraLocation>
  1.2601893310546875e+03 -9.5127363281250000e+03 1.2921434326171875e+03</cameraLocation>
<extrinsicMatrix type_id="opencv-matrix">
  <rows>4</rows>
  <cols>4</cols>
  <dt>d</dt>
  <data>
    6.9274031869507180e-01 -7.2044947530102621e-01
    3.2609881826322018e-02 -7.7685665501702933e+03
    2.1194813386567646e-02 -2.4859445643413663e-02
    -9.9946625148016421e-01 1.0282629826848138e+03
    7.2087560004466722e-01 6.9306172993520465e-01
    -1.9513481141453515e-03 5.6869952040441613e+03 0. 0. 0. 1.</data></extrinsicMatrix>
 <!-- resumed -->

<bsd_deltaXY>
  2305. -6645.</bsd_deltaXY>
<yaw>-4.6126820054973521e+01</yaw>
<pitch>9.0161318553656557e+01</pitch>
<roll>1.7524527056448329e+00</roll>
<avg_reprojection_error>5.0420010089874268e-01</avg_reprojection_error>
</opencv_storage>
