<?xml version="1.0"?>
<opencv_storage>
<camera_name>FC120</camera_name>
<calibration_time>"2022-11-30 08:59:14"</calibration_time>
<undistort>1</undistort>
<rotationMatrix type_id="opencv-matrix">
  <rows>3</rows>
  <cols>3</cols>
  <dt>d</dt>
  <data>
    9.9978802455749971e-01 1.9584770460957874e-02 6.3515917220639678e-03
    5.9021831312014560e-03 2.2919876327555051e-02
    -9.9971988251880606e-01 -1.9724862121139417e-02
    9.9954545471185108e-01 2.2799424974785352e-02</data></rotationMatrix>
<offsetMatrix type_id="opencv-matrix">
  <rows>3</rows>
  <cols>1</cols>
  <dt>d</dt>
  <data>
    -1.6161182852263923e+03 1.6159636301918276e+03
    7.6436722765528093e+03</data></offsetMatrix>
<deltaXY>
  1820. -3340.</deltaXY>
<headLocation>
  1820. -3340.</headLocation>
<pointA>
  5.0846371055137610e+02 9.6695820971641592e+02</pointA>
<pointB>
  1.4482751187646631e+03 9.7638735171949065e+02</pointB>
<pointV>
  9.6336462402343750e+02 5.9889483642578125e+02</pointV>
<cameraLocation>
  1.7570084228515625e+03 -7.6455844726562500e+03 1.4515045166015625e+03</cameraLocation>
<extrinsicMatrix type_id="opencv-matrix">
  <rows>4</rows>
  <cols>4</cols>
  <dt>d</dt>
  <data>
    9.9978802455749971e-01 1.9584770460957874e-02 6.3515917220639678e-03
    -1.6161182852263923e+03 5.9021831312014560e-03
    2.2919876327555051e-02 -9.9971988251880606e-01
    1.6159636301918276e+03 -1.9724862121139417e-02
    9.9954545471185108e-01 2.2799424974785352e-02 7.6436722765528093e+03
    0. 0. 0. 1.</data></extrinsicMatrix>
 <!-- resumed -->

<yaw_z>-1.1224913241681727e+00</yaw_z>
<pitch_x>8.8686673240300607e+01</pitch_x>
<roll_z>0.</roll_z>
</opencv_storage>
