<?xml version="1.0"?>
<opencv_storage>
<camera_name>FC120</camera_name>
<camera_model>FISHEYE</camera_model>
<calibration_time>"2022-06-22 16:47:49"</calibration_time>
<camIntrinsicMat type_id="opencv-matrix">
  <rows>3</rows>
  <cols>3</cols>
  <dt>d</dt>
  <data>
    9.7755160319550646e+02 0. 9.6785090040815453e+02 0.
    9.7619163172317496e+02 5.9184530289703025e+02 0. 0. 1.</data></camIntrinsicMat>
<distortion_coefficients type_id="opencv-matrix">
  <rows>4</rows>
  <cols>1</cols>
  <dt>d</dt>
  <data>
    -2.9375784614307378e-02 -3.4745639678355214e-02
    2.7805696804519522e-02 -1.1321199159174049e-02</data></distortion_coefficients>
<camIntriMatrix type_id="opencv-matrix">
  <rows>3</rows>
  <cols>4</cols>
  <dt>d</dt>
  <data>
    9.7755160319550646e+02 0. 9.6785090040815453e+02 0. 0.
    9.7619163172317496e+02 5.9184530289703025e+02 0. 0. 0. 1. 0.</data></camIntriMatrix>
<avg_reprojection_error>1.8087265635960864e-01</avg_reprojection_error>
</opencv_storage>
