<?xml version="1.0"?>
<opencv_storage>
<camera_name>FR</camera_name>
<calibration_time>"2022-06-24 17:15:18"</calibration_time>
<undistort>1</undistort>
<rotationMatrix type_id="opencv-matrix">
  <rows>3</rows>
  <cols>3</cols>
  <dt>d</dt>
  <data>
    -7.0862887898166727e-01 -7.0551059195137933e-01
    -9.9958250084629108e-03 2.5727560929612925e-02
    -1.1678716627683938e-02 -9.9960077040113537e-01
    7.0511219283302617e-01 -7.0860314155551452e-01
    2.6426942612736593e-02</data></rotationMatrix>
<offsetMatrix type_id="opencv-matrix">
  <rows>3</rows>
  <cols>1</cols>
  <dt>d</dt>
  <data>
    -2.6961526725368249e+03 1.1709064097922881e+03
    -4.5731516988316525e+03</data></offsetMatrix>
<deltaXY>
  0. 0.</deltaXY>
<headLocation>
  0. 0.</headLocation>
<pointA>
  0. 0.</pointA>
<pointB>
  0. 0.</pointB>
<pointV>
  0. 0.</pointV>
<cameraLocation>
  1.2838887939453125e+03 -5.1290390625000000e+03 1.2643431396484375e+03</cameraLocation>
<extrinsicMatrix type_id="opencv-matrix">
  <rows>4</rows>
  <cols>4</cols>
  <dt>d</dt>
  <data>
    -7.0862887898166727e-01 -7.0551059195137933e-01
    -9.9958250084629108e-03 -2.6961526725368249e+03
    2.5727560929612925e-02 -1.1678716627683938e-02
    -9.9960077040113537e-01 1.1709064097922881e+03
    7.0511219283302617e-01 -7.0860314155551452e-01
    2.6426942612736593e-02 -4.5731516988316525e+03 0. 0. 0. 1.</data></extrinsicMatrix>
 <!-- resumed -->

<bsd_deltaXY>
  2310. -8730.</bsd_deltaXY>
<yaw>-4.4838607963745808e+01</yaw>
<pitch>-8.7864177033029151e+01</pitch>
<roll>1.7792072615819458e+02</roll>
<avg_reprojection_error>4.0393504500389099e-01</avg_reprojection_error>
</opencv_storage>
