<?xml version="1.0"?>
<opencv_storage>
<camera_name>FR</camera_name>
<camera_model>FISHEYE</camera_model>
<calibration_time>"2022-06-24 16:10:31"</calibration_time>
<camIntrinsicMat type_id="opencv-matrix">
  <rows>3</rows>
  <cols>3</cols>
  <dt>d</dt>
  <data>
    1.1496032565454591e+03 0. 9.6539961602922813e+02 0.
    1.1502332466816817e+03 5.9916561847829951e+02 0. 0. 1.</data></camIntrinsicMat>
<distortion_coefficients type_id="opencv-matrix">
  <rows>4</rows>
  <cols>1</cols>
  <dt>d</dt>
  <data>
    -2.5624087136528983e-02 -5.7698637569498570e-02
    9.0405448380723410e-02 -6.0362827020157127e-02</data></distortion_coefficients>
<camIntriMatrix type_id="opencv-matrix">
  <rows>3</rows>
  <cols>4</cols>
  <dt>d</dt>
  <data>
    1.1496032565454591e+03 0. 9.6539961602922813e+02 0. 0.
    1.1502332466816817e+03 5.9916561847829951e+02 0. 0. 0. 1. 0.</data></camIntriMatrix>
<avg_reprojection_error>2.1470114497283155e-01</avg_reprojection_error>
</opencv_storage>
