<?xml version="1.0"?>
<opencv_storage>
<camera_name>RL</camera_name>
<camera_model>FISHEYE</camera_model>
<calibration_time>"2022-12-25 9:25:24"</calibration_time>
<camIntrinsicMat type_id="opencv-matrix">
  <rows>3</rows>
  <cols>3</cols>
  <dt>d</dt>
  <data>
    1155.5019543824869 0. 963.51989582076874 0.
    1155.9769187030868 591.72340519515706 0. 0. 1.</data></camIntrinsicMat>
<distortion_coefficients type_id="opencv-matrix">
  <rows>4</rows>
  <cols>1</cols>
  <dt>d</dt>
  <data>
    -0.032149839707122929 -0.041216108567818502
    0.026135274207016401 -0.0010575182321875417</data></distortion_coefficients>
<camIntriMatrix type_id="opencv-matrix">
  <rows>3</rows>
  <cols>4</cols>
  <dt>d</dt>
  <data>
    1155.5019543824869 0. 963.51989582076874 0. 0.
    1155.9769187030868 591.72340519515706 0. 0. 0. 1. 0.</data></camIntriMatrix>
<avg_reprojection_error>2.0585591140929968e-01</avg_reprojection_error>
</opencv_storage>
