<?xml version="1.0"?>
<opencv_storage>
<camera_name>RL</camera_name>
<calibration_time>"2022-12-25 15:59:42"</calibration_time>
<undistort>1</undistort>
<rotationMatrix type_id="opencv-matrix">
  <rows>3</rows>
  <cols>3</cols>
  <dt>d</dt>
  <data>
    6.9045414581309128e-01 7.2277475902213406e-01 2.9491019819778308e-02
    2.1914004987027558e-03 3.8678466778964513e-02
    -9.9924930521441080e-01 -7.2337284320975770e-01
    6.9000045212168126e-01 2.5121818773859148e-02</data></rotationMatrix>
<offsetMatrix type_id="opencv-matrix">
  <rows>3</rows>
  <cols>1</cols>
  <dt>d</dt>
  <data>
    7.7421487343476465e+03 1.6192531321871022e+03 5.5621380791962110e+03</data></offsetMatrix>
<deltaXY>
  0. 0.</deltaXY>
<headLocation>
  0. 0.</headLocation>
<pointA>
  0. 0.</pointA>
<pointB>
  0. 0.</pointB>
<pointV>
  0. 0.</pointV>
<cameraLocation>
  -1.3256474609375000e+03 -9.4963378906250000e+03 1.2499826660156250e+03</cameraLocation>
<extrinsicMatrix type_id="opencv-matrix">
  <rows>4</rows>
  <cols>4</cols>
  <dt>d</dt>
  <data>
    6.9045414581309128e-01 7.2277475902213406e-01 2.9491019819778308e-02
    7.7421487343476465e+03 2.1914004987027558e-03 3.8678466778964513e-02
    -9.9924930521441080e-01 1.6192531321871022e+03
    -7.2337284320975770e-01 6.9000045212168126e-01
    2.5121818773859148e-02 5.5621380791962110e+03 0. 0. 0. 1.</data></extrinsicMatrix>
 <!-- resumed -->

<bsd_deltaXY>
  -3135. -6665.</bsd_deltaXY>
<yaw>4.6333654577492318e+01</yaw>
<pitch>8.7914872820438134e+01</pitch>
<roll>1.8184781562395283e-01</roll>
<avg_reprojection_error>4.0048712491989136e-01</avg_reprojection_error>
</opencv_storage>
