<?xml version="1.0"?>
<opencv_storage>
<camera_name>RL</camera_name>
<camera_model>FISHEYE</camera_model>
<calibration_time>"2022-03-24 19:56:09"</calibration_time>
<camIntrinsicMat type_id="opencv-matrix">
  <rows>3</rows>
  <cols>3</cols>
  <dt>d</dt>
  <data>
    1.1497391101180642e+03 0. 9.6302280494092940e+02 0.
    1.1504448567526133e+03 5.9566606493864197e+02 0. 0. 1.</data></camIntrinsicMat>
<distortion_coefficients type_id="opencv-matrix">
  <rows>4</rows>
  <cols>1</cols>
  <dt>d</dt>
  <data>
    -3.3080080974531148e-02 -2.7034269422785674e-02
    4.6444520858297325e-02 -3.8493705023118843e-02</data></distortion_coefficients>
<camIntriMatrix type_id="opencv-matrix">
  <rows>3</rows>
  <cols>4</cols>
  <dt>d</dt>
  <data>
    1.1497391101180642e+03 0. 9.6302280494092940e+02 0. 0.
    1.1504448567526133e+03 5.9566606493864197e+02 0. 0. 0. 1. 0.</data></camIntriMatrix>
<avg_reprojection_error>2.7979402960427652e-01</avg_reprojection_error>
</opencv_storage>
