<?xml version="1.0"?>
<opencv_storage>
<camera_name>RL</camera_name>
<calibration_time>"2022-03-24 19:59:33"</calibration_time>
<undistort>1</undistort>
<rotationMatrix type_id="opencv-matrix">
  <rows>3</rows>
  <cols>3</cols>
  <dt>d</dt>
  <data>
    7.0664567725121807e-01 7.0708464584334252e-01 2.6137911828645055e-02
    2.0919943417451292e-02 1.6045940593254260e-02
    -9.9965238145961932e-01 -7.0725825749126314e-01
    7.0694683774883138e-01 -3.4533762247383748e-03</data></rotationMatrix>
<offsetMatrix type_id="opencv-matrix">
  <rows>3</rows>
  <cols>1</cols>
  <dt>d</dt>
  <data>
    7.6091563249587816e+03 1.4492517885961977e+03 5.8097210566475669e+03</data></offsetMatrix>
<deltaXY>
  0. 0.</deltaXY>
<headLocation>
  0. 0.</headLocation>
<pointA>
  0. 0.</pointA>
<pointB>
  0. 0.</pointB>
<pointV>
  0. 0.</pointV>
<cameraLocation>
  -1.2983225097656250e+03 -9.5107363281250000e+03 1.2699237060546875e+03</cameraLocation>
<extrinsicMatrix type_id="opencv-matrix">
  <rows>4</rows>
  <cols>4</cols>
  <dt>d</dt>
  <data>
    7.0664567725121807e-01 7.0708464584334252e-01 2.6137911828645055e-02
    7.6091563249587816e+03 2.0919943417451292e-02 1.6045940593254260e-02
    -9.9965238145961932e-01 1.4492517885961977e+03
    -7.0725825749126314e-01 7.0694683774883138e-01
    -3.4533762247383748e-03 5.8097210566475669e+03 0. 0. 0. 1.</data></extrinsicMatrix>
 <!-- resumed -->

<bsd_deltaXY>
  -3520. -6645.</bsd_deltaXY>
<yaw>4.5012275951513288e+01</yaw>
<pitch>9.0279882868653402e+01</pitch>
<roll>1.6957217989630824e+00</roll>
<avg_reprojection_error>3.1313803791999817e-01</avg_reprojection_error>
</opencv_storage>
