<?xml version="1.0"?>
<opencv_storage>
<camera_name>FC120</camera_name>
<camera_model>FISHEYE</camera_model>
<calibration_time>"2022-09-22 10:22:13"</calibration_time>
<camIntrinsicMat type_id="opencv-matrix">
  <rows>3</rows>
  <cols>3</cols>
  <dt>d</dt>
  <data>
    9.8125876588317544e+02 0. 9.6676539695944484e+02 0.
    9.8093622711571811e+02 6.1380486856888729e+02 0. 0. 1.</data></camIntrinsicMat>
<distortion_coefficients type_id="opencv-matrix">
  <rows>4</rows>
  <cols>1</cols>
  <dt>d</dt>
  <data>
    -4.0683028465129417e-02 4.4645173155219469e-04
    -1.3169179932520720e-02 5.1232089363414121e-03</data></distortion_coefficients>
<camIntriMatrix type_id="opencv-matrix">
  <rows>3</rows>
  <cols>4</cols>
  <dt>d</dt>
  <data>
    9.8125876588317544e+02 0. 9.6676539695944484e+02 0. 0.
    9.8093622711571811e+02 6.1380486856888729e+02 0. 0. 0. 1. 0.</data></camIntriMatrix>
<avg_reprojection_error>1.7242775385867856e-01</avg_reprojection_error>
</opencv_storage>
