<?xml version="1.0"?>
<opencv_storage>
<camera_name>RL</camera_name>
<calibration_time>"2022-08-29 18:22:24"</calibration_time>
<undistort>1</undistort>
<rotationMatrix type_id="opencv-matrix">
  <rows>3</rows>
  <cols>3</cols>
  <dt>d</dt>
  <data>
    7.1200221599213398e-01 7.0217682835254602e-01
    -7.3901762517203373e-04 4.2495056416132548e-02
    -4.4140168405023078e-02 -9.9812114280450259e-01
    -7.0089015872851357e-01 7.1063306090973255e-01
    -6.1266941653584817e-02</data></rotationMatrix>
<offsetMatrix type_id="opencv-matrix">
  <rows>3</rows>
  <cols>1</cols>
  <dt>d</dt>
  <data>
    9.6947486336113627e+02 1.7757990839634317e+03
    -8.2250907355282493e+02</data></offsetMatrix>
<deltaXY>
  0. 0.</deltaXY>
<headLocation>
  0. 0.</headLocation>
<pointA>
  0. 0.</pointA>
<pointB>
  0. 0.</pointB>
<pointV>
  0. 0.</pointV>
<cameraLocation>
  -1.3422194824218750e+03 -1.7856573104858398e+01 1.7227864990234375e+03</cameraLocation>
<extrinsicMatrix type_id="opencv-matrix">
  <rows>4</rows>
  <cols>4</cols>
  <dt>d</dt>
  <data>
    7.1200221599213398e-01 7.0217682835254602e-01
    -7.3901762517203373e-04 9.6947486336113627e+02
    4.2495056416132548e-02 -4.4140168405023078e-02
    -9.9812114280450259e-01 1.7757990839634317e+03
    -7.0089015872851357e-01 7.1063306090973255e-01
    -6.1266941653584817e-02 -8.2250907355282493e+02 0. 0. 0. 1.</data></extrinsicMatrix>
 <!-- resumed -->

<bsd_deltaXY>
  -3060. 2560.</bsd_deltaXY>
<yaw>4.4498464855737659e+01</yaw>
<pitch>9.4927547791224939e+01</pitch>
<roll>3.4155827787442310e+00</roll>
<avg_reprojection_error>3.7001073360443115e-01</avg_reprojection_error>
</opencv_storage>
