<?xml version="1.0"?>
<opencv_storage>
<camera_name>RL</camera_name>
<camera_model>FISHEYE</camera_model>
<calibration_time>"2021-10-11 16:30:34"</calibration_time>
<camIntrinsicMat type_id="opencv-matrix">
  <rows>3</rows>
  <cols>3</cols>
  <dt>d</dt>
  <data>
    1.4259137964819347e+03 0. 1.4592126286438647e+03 0.
    1.4256842341643714e+03 9.3695796278200021e+02 0. 0. 1.</data></camIntrinsicMat>
<distortion_coefficients type_id="opencv-matrix">
  <rows>4</rows>
  <cols>1</cols>
  <dt>d</dt>
  <data>
    1.6312130215600622e-02 4.8222943843762051e-02
    -7.9597884051882978e-02 3.9860815266066378e-02</data></distortion_coefficients>
<undistort_roi>
  0 0 0 0</undistort_roi>
<camIntriMatrix type_id="opencv-matrix">
  <rows>3</rows>
  <cols>4</cols>
  <dt>d</dt>
  <data>
    1.4259137964819347e+03 0. 1.4592126286438647e+03 0. 0.
    1.4256842341643714e+03 9.3695796278200021e+02 0. 0. 0. 1. 0.</data></camIntriMatrix>
<avg_reprojection_error>9.2720822987966578e-01</avg_reprojection_error>
</opencv_storage>
