<?xml version="1.0"?>
<opencv_storage>
<camera_name>FL</camera_name>
<calibration_time>"2023-02-14 09:39:16"</calibration_time>
<undistort>1</undistort>
<rotationMatrix type_id="opencv-matrix">
  <rows>3</rows>
  <cols>3</cols>
  <dt>d</dt>
  <data>
    -6.9723777760032812e-01 7.1609285831219349e-01
    3.2718492649082553e-02 -1.2374351689839691e-02
    3.3612446402313978e-02 -9.9935833356564752e-01
    -7.1673311414166674e-01 -6.9719525365648072e-01
    -1.4574682557921714e-02</data></rotationMatrix>
<offsetMatrix type_id="opencv-matrix">
  <rows>3</rows>
  <cols>1</cols>
  <dt>d</dt>
  <data>
    2.6543612279851736e+03 1.4481099259852335e+03
    -4.4529756623323628e+03</data></offsetMatrix>
<deltaXY>
  0. 0.</deltaXY>
<headLocation>
  0. 0.</headLocation>
<pointA>
  0. 0.</pointA>
<pointB>
  0. 0.</pointB>
<pointV>
  0. 0.</pointV>
<cameraLocation>
  -1.3229547119140625e+03 -5.0540371093750000e+03 1.2954333496093750e+03</cameraLocation>
<extrinsicMatrix type_id="opencv-matrix">
  <rows>4</rows>
  <cols>4</cols>
  <dt>d</dt>
  <data>
    -6.9723777760032812e-01 7.1609285831219349e-01
    3.2718492649082553e-02 2.6543612279851736e+03
    -1.2374351689839691e-02 3.3612446402313978e-02
    -9.9935833356564752e-01 1.4481099259852335e+03
    -7.1673311414166674e-01 -6.9719525365648072e-01
    -1.4574682557921714e-02 -4.4529756623323628e+03 0. 0. 0. 1.</data></extrinsicMatrix>
 <!-- resumed -->

<bsd_deltaXY>
  -2840. -8750.</bsd_deltaXY>
<yaw>4.5785414610036298e+01</yaw>
<pitch>-9.1197578701311173e+01</pitch>
<roll>-1.7898323968840623e+02</roll>
<avg_reprojection_error>5.0608521699905396e-01</avg_reprojection_error>
</opencv_storage>
