<?xml version="1.0"?>
<opencv_storage>
<camera_name>FL</camera_name>
<camera_model>FISHEYE</camera_model>
<calibration_time>"2022-12-20 16:10:12"</calibration_time>
<camIntrinsicMat type_id="opencv-matrix">
  <rows>3</rows>
  <cols>3</cols>
  <dt>d</dt>
  <data>
    1.1513636588846664e+03 0. 9.6873243102325227e+02 0.
    1.1503806227472085e+03 5.9751717077386900e+02 0. 0. 1.</data></camIntrinsicMat>
<distortion_coefficients type_id="opencv-matrix">
  <rows>4</rows>
  <cols>1</cols>
  <dt>d</dt>
  <data>
    -3.9616185822230011e-02 -8.9364144484314085e-03
    -8.0510771397176665e-03 1.3582884549034642e-02</data></distortion_coefficients>
<camIntriMatrix type_id="opencv-matrix">
  <rows>3</rows>
  <cols>4</cols>
  <dt>d</dt>
  <data>
    1.1513636588846664e+03 0. 9.6873243102325227e+02 0. 0.
    1.1503806227472085e+03 5.9751717077386900e+02 0. 0. 0. 1. 0.</data></camIntriMatrix>
<avg_reprojection_error>2.7698559417496921e-01</avg_reprojection_error>
</opencv_storage>
