<?xml version="1.0"?>
<opencv_storage>
<camera_name>FL</camera_name>
<calibration_time>"2021-12-17 01:17:20"</calibration_time>
<undistort>1</undistort>
<rotationMatrix type_id="opencv-matrix">
  <rows>3</rows>
  <cols>3</cols>
  <dt>d</dt>
  <data>
    -7.0741166521675436e-01 7.0135525017807820e-01
    8.7575961101798383e-02 -6.0447104903257109e-02
    6.3417541783089448e-02 -9.9615478862624773e-01
    -7.0421224316542030e-01 -7.0998523114346190e-01
    -2.4674144547642829e-03</data></rotationMatrix>
<offsetMatrix type_id="opencv-matrix">
  <rows>3</rows>
  <cols>1</cols>
  <dt>d</dt>
  <data>
    2.4840845439939367e+03 1.5713333026857435e+03
    -4.4750033450545352e+03</data></offsetMatrix>
<deltaXY>
  0. 0.</deltaXY>
<headLocation>
  0. 0.</headLocation>
<pointA>
  0. 0.</pointA>
<pointB>
  0. 0.</pointB>
<pointV>
  0. 0.</pointV>
<cameraLocation>
  -1.2990992431640625e+03 -5.0190620117187500e+03 1.3367033691406250e+03</cameraLocation>
<extrinsicMatrix type_id="opencv-matrix">
  <rows>4</rows>
  <cols>4</cols>
  <dt>d</dt>
  <data>
    -7.0741166521675436e-01 7.0135525017807820e-01
    8.7575961101798383e-02 2.4840845439939367e+03
    -6.0447104903257109e-02 6.3417541783089448e-02
    -9.9615478862624773e-01 1.5713333026857435e+03
    -7.0421224316542030e-01 -7.0998523114346190e-01
    -2.4674144547642829e-03 -4.4750033450545352e+03 0. 0. 0. 1.</data></extrinsicMatrix>
 <!-- resumed -->

<bsd_deltaXY>
  -3210. -9655.</bsd_deltaXY>
<image_points type_id="opencv-matrix">
  <rows>56</rows>
  <cols>2</cols>
  <dt>f</dt>
  <data>
    5.06963593e+02 8.65334900e+02 4.65222778e+02 8.67690674e+02
    4.23190948e+02 8.69360718e+02 3.80248199e+02 8.70955383e+02
    3.36840637e+02 8.71835571e+02 2.92939545e+02 8.72099304e+02
    2.48129089e+02 8.73703735e+02 5.23136230e+02 8.76858582e+02
    4.81795044e+02 8.79598389e+02 4.37894684e+02 8.82138184e+02
    3.93397919e+02 8.82634827e+02 3.48131744e+02 8.83301514e+02
    3.01815216e+02 8.83749573e+02 2.55786057e+02 8.88141235e+02
    5.42824158e+02 8.89393066e+02 4.98391449e+02 8.91699646e+02
    4.54481934e+02 8.94858643e+02 4.07320007e+02 8.96910950e+02
    3.60554840e+02 8.98593750e+02 3.12722595e+02 9.00682495e+02
    2.64560486e+02 9.02445740e+02 5.63598694e+02 9.02350891e+02
    5.17791565e+02 9.06498657e+02 4.70646851e+02 9.09963684e+02 -1. -1.
    3.74384094e+02 9.14371399e+02 3.23743042e+02 9.17106323e+02
    2.73329712e+02 9.19549438e+02 5.84893738e+02 9.19296509e+02
    5.38594360e+02 9.23027954e+02 4.89265015e+02 9.27233582e+02
    4.39517151e+02 9.29962830e+02 3.88512451e+02 9.32706787e+02
    3.36475403e+02 9.33486450e+02 2.83831360e+02 9.36832275e+02
    6.08836304e+02 9.35092346e+02 5.60616272e+02 9.39310974e+02
    5.10527649e+02 9.43445923e+02 4.57853912e+02 9.47527283e+02
    4.04964081e+02 9.52092773e+02 3.50597717e+02 9.53633789e+02
    2.95487823e+02 9.56839722e+02 6.35318359e+02 9.51438843e+02
    5.83877625e+02 9.55783020e+02 -1. -1. 4.78251923e+02 9.66885986e+02
    4.23184296e+02 9.70204041e+02 3.66692413e+02 9.73932190e+02
    3.08931671e+02 9.78469971e+02 6.62726868e+02 9.69394958e+02
    6.10973816e+02 9.76037048e+02 5.56742615e+02 9.82185303e+02
    5.00675201e+02 9.87336304e+02 4.43612122e+02 9.93571472e+02
    3.83468292e+02 9.97473999e+02 3.22897766e+02 1.00157434e+03</data></image_points>
</opencv_storage>
