<?xml version="1.0"?>
<opencv_storage>
<camera_name>FL</camera_name>
<camera_model>FISHEYE</camera_model>
<calibration_time>"2022-06-17 23:13:22"</calibration_time>
<camIntrinsicMat type_id="opencv-matrix">
  <rows>3</rows>
  <cols>3</cols>
  <dt>d</dt>
  <data>
    1.1519672630698215e+03 0. 9.7296853554381664e+02 0.
    1.1528507695378923e+03 5.9390212641267158e+02 0. 0. 1.</data></camIntrinsicMat>
<distortion_coefficients type_id="opencv-matrix">
  <rows>4</rows>
  <cols>1</cols>
  <dt>d</dt>
  <data>
    -3.3098041439622534e-02 -1.5718415508020570e-02
    -2.6139304975357517e-03 1.0163805515652585e-02</data></distortion_coefficients>
<camIntriMatrix type_id="opencv-matrix">
  <rows>3</rows>
  <cols>4</cols>
  <dt>d</dt>
  <data>
    1.1519672630698215e+03 0. 9.7296853554381664e+02 0. 0.
    1.1528507695378923e+03 5.9390212641267158e+02 0. 0. 0. 1. 0.</data></camIntriMatrix>
<avg_reprojection_error>2.2117133179027676e-01</avg_reprojection_error>
</opencv_storage>
