<?xml version="1.0"?>
<opencv_storage>
<camera_name>FL</camera_name>
<calibration_time>"2022-06-21 12:22:15"</calibration_time>
<undistort>1</undistort>
<rotationMatrix type_id="opencv-matrix">
  <rows>3</rows>
  <cols>3</cols>
  <dt>d</dt>
  <data>
    -6.9897762607206770e-01 7.1390884869398663e-01
    4.2005166433228602e-02 -1.5838778053950175e-02
    4.3268272433806043e-02 -9.9893793085974636e-01
    -7.1496811912169511e-01 -6.9890057401394401e-01
    -1.8936110544806151e-02</data></rotationMatrix>
<offsetMatrix type_id="opencv-matrix">
  <rows>3</rows>
  <cols>1</cols>
  <dt>d</dt>
  <data>
    2.6894862846550000e+03 1.4826035050607350e+03
    -4.4575463985975839e+03</data></offsetMatrix>
<deltaXY>
  0. 0.</deltaXY>
<headLocation>
  0. 0.</headLocation>
<pointA>
  0. 0.</pointA>
<pointB>
  0. 0.</pointB>
<pointV>
  0. 0.</pointV>
<cameraLocation>
  -1.2836302490234375e+03 -5.0995795898437500e+03 1.2836479492187500e+03</cameraLocation>
<extrinsicMatrix type_id="opencv-matrix">
  <rows>4</rows>
  <cols>4</cols>
  <dt>d</dt>
  <data>
    -6.9897762607206770e-01 7.1390884869398663e-01
    4.2005166433228602e-02 2.6894862846550000e+03
    -1.5838778053950175e-02 4.3268272433806043e-02
    -9.9893793085974636e-01 1.4826035050607350e+03
    -7.1496811912169511e-01 -6.9890057401394401e-01
    -1.8936110544806151e-02 -4.4575463985975839e+03 0. 0. 0. 1.</data></extrinsicMatrix>
 <!-- resumed -->

<bsd_deltaXY>
  -2860. -8385.</bsd_deltaXY>
<yaw>4.5640586329279301e+01</yaw>
<pitch>-9.1552000220088686e+01</pitch>
<roll>-1.7870190428896649e+02</roll>
<avg_reprojection_error>4.3504261970520020e-01</avg_reprojection_error>
</opencv_storage>
