<?xml version="1.0"?>
<opencv_storage>
<camera_name>FC60</camera_name>
<calibration_time>"2022-07-15 13:26:01"</calibration_time>
<undistort>1</undistort>
<rotationMatrix type_id="opencv-matrix">
  <rows>3</rows>
  <cols>3</cols>
  <dt>d</dt>
  <data>
    9.9993360904814232e-01 -1.1058694818086091e-02
    -3.2377098198266988e-03 -3.2635153812552173e-03
    -2.3162607331186436e-03 -9.9999199216972356e-01
    1.1051106881814010e-02 9.9993616806531038e-01
    -2.3521971749992528e-03</data></rotationMatrix>
<offsetMatrix type_id="opencv-matrix">
  <rows>3</rows>
  <cols>1</cols>
  <dt>d</dt>
  <data>
    -1.9573183401927758e+03 1.4269802326963752e+03
    5.3687005523162225e+03</data></offsetMatrix>
<deltaXY>
  1865. -5170.</deltaXY>
<headLocation>
  1865. -5170.</headLocation>
<pointA>
  2.6070469876098537e+02 1.1242502987661851e+03</pointA>
<pointB>
  1.5708306972884016e+03 1.1161583094480807e+03</pointB>
<pointV>
  9.4622351074218750e+02 6.0433752441406250e+02</pointV>
<cameraLocation>
  1.9025152587890625e+03 -5.3866977539062500e+03 1.4332597656250000e+03</cameraLocation>
<extrinsicMatrix type_id="opencv-matrix">
  <rows>4</rows>
  <cols>4</cols>
  <dt>d</dt>
  <data>
    9.9993360904814232e-01 -1.1058694818086091e-02
    -3.2377098198266988e-03 -1.9573183401927758e+03
    -3.2635153812552173e-03 -2.3162607331186436e-03
    -9.9999199216972356e-01 1.4269802326963752e+03
    1.1051106881814010e-02 9.9993616806531038e-01
    -2.3521971749992528e-03 5.3687005523162225e+03 0. 0. 0. 1.</data></extrinsicMatrix>
 <!-- resumed -->

<yaw_z>6.3363115313423513e-01</yaw_z>
<pitch_x>9.0132713080051516e+01</pitch_x>
<roll_z>0.</roll_z>
</opencv_storage>
