<?xml version="1.0"?>
<opencv_storage>
<camera_name>FC60</camera_name>
<camera_model>PINHOLE</camera_model>
<calibration_time>"2022-07-15 13:24:07"</calibration_time>
<camIntrinsicMat type_id="opencv-matrix">
  <rows>3</rows>
  <cols>3</cols>
  <dt>d</dt>
  <data>
    1.9391224132981097e+03 0. 9.6766904263555296e+02 0.
    1.9391582042462621e+03 6.0882940714342794e+02 0. 0. 1.</data></camIntrinsicMat>
<distortion_coefficients type_id="opencv-matrix">
  <rows>1</rows>
  <cols>5</cols>
  <dt>d</dt>
  <data>
    -5.0342252549073874e-01 3.0832497890184857e-01
    -2.2815620506461726e-03 -1.0978180054272034e-03
    -1.7168475574663003e-01</data></distortion_coefficients>
<camIntriMatrix type_id="opencv-matrix">
  <rows>3</rows>
  <cols>4</cols>
  <dt>d</dt>
  <data>
    1.9391224132981097e+03 0. 9.6766904263555296e+02 0. 0.
    1.9391582042462621e+03 6.0882940714342794e+02 0. 0. 0. 1. 0.</data></camIntriMatrix>
<avg_reprojection_error>3.4223974231252718e-01</avg_reprojection_error>
</opencv_storage>
