<?xml version="1.0"?>
<opencv_storage>
<camera_name>FL</camera_name>
<camera_model>FISHEYE</camera_model>
<calibration_time>"2023-01-7 12:03:47"</calibration_time>
<camIntrinsicMat type_id="opencv-matrix">
  <rows>3</rows>
  <cols>3</cols>
  <dt>d</dt>
  <data>
    1159.2208161851036 0. 967.76789791259284 0.
    1158.794778462395 600.94833690056817 0. 0. 1.</data></camIntrinsicMat>
<distortion_coefficients type_id="opencv-matrix">
  <rows>4</rows>
  <cols>1</cols>
  <dt>d</dt>
  <data>
    -0.051376329537907127 0.072903486481069146
    -0.19642406520084993 0.1461010852603703</data></distortion_coefficients>
<camIntriMatrix type_id="opencv-matrix">
  <rows>3</rows>
  <cols>4</cols>
  <dt>d</dt>
  <data>
    1159.2208161851036 0. 967.76789791259284 0. 0.
    1158.794778462395 600.94833690056817 0. 0. 0. 1. 0.</data></camIntriMatrix>
<avg_reprojection_error>3.3586095551351586e-01</avg_reprojection_error>
</opencv_storage>
