<?xml version="1.0"?>
<opencv_storage>
<camera_name>FL</camera_name>
<calibration_time>"2022-08-16 09:37:09"</calibration_time>
<undistort>1</undistort>
<rotationMatrix type_id="opencv-matrix">
  <rows>3</rows>
  <cols>3</cols>
  <dt>d</dt>
  <data>
    -7.0931129015761707e-01 7.0462000148994841e-01
    1.9701450587256308e-02 2.8785337107436082e-02 5.6880504560659961e-02
    -9.9796593757930274e-01 -7.0430738887402566e-01
    -7.0730139382107160e-01 -6.0628708350267568e-02</data></rotationMatrix>
<offsetMatrix type_id="opencv-matrix">
  <rows>3</rows>
  <cols>1</cols>
  <dt>d</dt>
  <data>
    2.6102715206587550e+03 1.5874219810264754e+03
    -4.4710832311134491e+03</data></offsetMatrix>
<deltaXY>
  0. 0.</deltaXY>
<headLocation>
  0. 0.</headLocation>
<pointA>
  0. 0.</pointA>
<pointB>
  0. 0.</pointB>
<pointV>
  0. 0.</pointV>
<cameraLocation>
  -1.3432164306640625e+03 -5.0919462890625000e+03 1.2616909179687500e+03</cameraLocation>
<extrinsicMatrix type_id="opencv-matrix">
  <rows>4</rows>
  <cols>4</cols>
  <dt>d</dt>
  <data>
    -7.0931129015761707e-01 7.0462000148994841e-01
    1.9701450587256308e-02 2.6102715206587550e+03 2.8785337107436082e-02
    5.6880504560659961e-02 -9.9796593757930274e-01
    1.5874219810264754e+03 -7.0430738887402566e-01
    -7.0730139382107160e-01 -6.0628708350267568e-02
    -4.4710832311134491e+03 0. 0. 0. 1.</data></extrinsicMatrix>
 <!-- resumed -->

<bsd_deltaXY>
  -3100. -8570.</bsd_deltaXY>
<yaw>4.4773616197176509e+01</yaw>
<pitch>-9.4899323615253010e+01</pitch>
<roll>1.7767609251070806e+02</roll>
<avg_reprojection_error>3.5490646958351135e-01</avg_reprojection_error>
</opencv_storage>
