<?xml version="1.0"?>
<opencv_storage>
<camera_name>FL</camera_name>
<camera_model>FISHEYE</camera_model>
<calibration_time>"2022-08-15 05:10:43"</calibration_time>
<camIntrinsicMat type_id="opencv-matrix">
  <rows>3</rows>
  <cols>3</cols>
  <dt>d</dt>
  <data>
    1.1500687758657762e+03 0. 9.7283961947133275e+02 0.
    1.1486718365264226e+03 5.9994342549978910e+02 0. 0. 1.</data></camIntrinsicMat>
<distortion_coefficients type_id="opencv-matrix">
  <rows>4</rows>
  <cols>1</cols>
  <dt>d</dt>
  <data>
    -4.2452992815376345e-02 1.9331781686583425e-02
    -6.0807207035434435e-02 4.7357515017892808e-02</data></distortion_coefficients>
<camIntriMatrix type_id="opencv-matrix">
  <rows>3</rows>
  <cols>4</cols>
  <dt>d</dt>
  <data>
    1.1500687758657762e+03 0. 9.7283961947133275e+02 0. 0.
    1.1486718365264226e+03 5.9994342549978910e+02 0. 0. 0. 1. 0.</data></camIntriMatrix>
<avg_reprojection_error>2.5253474923579494e-01</avg_reprojection_error>
</opencv_storage>
