<?xml version="1.0"?>
<opencv_storage>
<camera_name>FR</camera_name>
<camera_model>FISHEYE</camera_model>
<calibration_time>"2022-07-04 10:15:54"</calibration_time>
<camIntrinsicMat type_id="opencv-matrix">
  <rows>3</rows>
  <cols>3</cols>
  <dt>d</dt>
  <data>
    1.1352134374655961e+03 0. 9.5857299368820384e+02 0.
    1.1339744000349815e+03 5.8231615593538731e+02 0. 0. 1.</data></camIntrinsicMat>
<distortion_coefficients type_id="opencv-matrix">
  <rows>4</rows>
  <cols>1</cols>
  <dt>d</dt>
  <data>
    -4.3097399187699746e-02 8.3378744883440423e-02
    -2.8839614563813831e-01 2.6935829526159416e-01</data></distortion_coefficients>
<camIntriMatrix type_id="opencv-matrix">
  <rows>3</rows>
  <cols>4</cols>
  <dt>d</dt>
  <data>
    1.1352134374655961e+03 0. 9.5857299368820384e+02 0. 0.
    1.1339744000349815e+03 5.8231615593538731e+02 0. 0. 0. 1. 0.</data></camIntriMatrix>
<avg_reprojection_error>4.3330483804932529e-01</avg_reprojection_error>
</opencv_storage>
