<?xml version="1.0"?>
<opencv_storage>
<camera_name>FR</camera_name>
<calibration_time>"2022-07-04 11:03:30"</calibration_time>
<undistort>1</undistort>
<rotationMatrix type_id="opencv-matrix">
  <rows>3</rows>
  <cols>3</cols>
  <dt>d</dt>
  <data>
    -7.0227654603977197e-01 -7.1178509086274411e-01
    1.3024488779343646e-02 8.7200392290456286e-03
    -2.6894580125288781e-02 -9.9960024133436909e-01
    7.1185083676167160e-01 -7.0188223085172907e-01
    2.5094226752550908e-02</data></rotationMatrix>
<offsetMatrix type_id="opencv-matrix">
  <rows>3</rows>
  <cols>1</cols>
  <dt>d</dt>
  <data>
    -2.7391226698234268e+03 1.1141811151200843e+03
    -4.5618335635870089e+03</data></offsetMatrix>
<deltaXY>
  0. 0.</deltaXY>
<headLocation>
  0. 0.</headLocation>
<pointA>
  0. 0.</pointA>
<pointB>
  0. 0.</pointB>
<pointV>
  0. 0.</pointV>
<cameraLocation>
  1.3140076904296875e+03 -5.1215712890625000e+03 1.2638870849609375e+03</cameraLocation>
<extrinsicMatrix type_id="opencv-matrix">
  <rows>4</rows>
  <cols>4</cols>
  <dt>d</dt>
  <data>
    -7.0227654603977197e-01 -7.1178509086274411e-01
    1.3024488779343646e-02 -2.7391226698234268e+03
    8.7200392290456286e-03 -2.6894580125288781e-02
    -9.9960024133436909e-01 1.1141811151200843e+03
    7.1185083676167160e-01 -7.0188223085172907e-01
    2.5094226752550908e-02 -4.5618335635870089e+03 0. 0. 0. 1.</data></extrinsicMatrix>
 <!-- resumed -->

<bsd_deltaXY>
  2410. -8720.</bsd_deltaXY>
<yaw>-4.5385703611959329e+01</yaw>
<pitch>-8.7952389924041739e+01</pitch>
<roll>1.7928860536004419e+02</roll>
<avg_reprojection_error>3.9408221840858459e-01</avg_reprojection_error>
</opencv_storage>
