<?xml version="1.0"?>
<opencv_storage>
<camera_name>FL</camera_name>
<camera_model>FISHEYE</camera_model>
<calibration_time>"2021-12-06 10:37:51"</calibration_time>
<camIntrinsicMat type_id="opencv-matrix">
  <rows>3</rows>
  <cols>3</cols>
  <dt>d</dt>
  <data>
    1.4360831247746107e+03 0. 1.5134593963556044e+03 0.
    1.4347493739617044e+03 9.1382731076109610e+02 0. 0. 1.</data></camIntrinsicMat>
<distortion_coefficients type_id="opencv-matrix">
  <rows>4</rows>
  <cols>1</cols>
  <dt>d</dt>
  <data>
    1.6023353374122036e-02 3.0515860527973688e-02
    -5.2987128430540882e-02 3.0725360083328865e-02</data></distortion_coefficients>
<camIntriMatrix type_id="opencv-matrix">
  <rows>3</rows>
  <cols>4</cols>
  <dt>d</dt>
  <data>
    1.4360831247746107e+03 0. 1.5134593963556044e+03 0. 0.
    1.4347493739617044e+03 9.1382731076109610e+02 0. 0. 0. 1. 0.</data></camIntriMatrix>
<avg_reprojection_error>9.2145395124155793e-01</avg_reprojection_error>
</opencv_storage>
