<?xml version="1.0"?>
<opencv_storage>
<camera_name>FL</camera_name>
<calibration_time>"2022-08-29 18:10:07"</calibration_time>
<undistort>1</undistort>
<rotationMatrix type_id="opencv-matrix">
  <rows>3</rows>
  <cols>3</cols>
  <dt>d</dt>
  <data>
    -7.6959445317775665e-01 6.3584721844288128e-01
    -5.8503781386167686e-02 4.4249291269161550e-02
    -3.8294598539106994e-02 -9.9828629357760168e-01
    -6.3699794180217451e-01 -7.7086434508360779e-01
    1.3355218508004363e-03</data></rotationMatrix>
<offsetMatrix type_id="opencv-matrix">
  <rows>3</rows>
  <cols>1</cols>
  <dt>d</dt>
  <data>
    -2.6088050169927556e+02 1.6779712313175971e+03
    -4.6987520443082116e+02</data></offsetMatrix>
<deltaXY>
  0. 0.</deltaXY>
<headLocation>
  0. 0.</headLocation>
<pointA>
  0. 0.</pointA>
<pointB>
  0. 0.</pointB>
<pointV>
  0. 0.</pointV>
<cameraLocation>
  -5.7433074951171875e+02 -1.3207266235351562e+02 1.6604606933593750e+03</cameraLocation>
<extrinsicMatrix type_id="opencv-matrix">
  <rows>4</rows>
  <cols>4</cols>
  <dt>d</dt>
  <data>
    -7.6959445317775665e-01 6.3584721844288128e-01
    -5.8503781386167686e-02 -2.6088050169927556e+02
    4.4249291269161550e-02 -3.8294598539106994e-02
    -9.9828629357760168e-01 1.6779712313175971e+03
    -6.3699794180217451e-01 -7.7086434508360779e-01
    1.3355218508004363e-03 -4.6987520443082116e+02 0. 0. 0. 1.</data></extrinsicMatrix>
 <!-- resumed -->

<bsd_deltaXY>
  -2165. -3640.</bsd_deltaXY>
<yaw>3.9568326159578206e+01</yaw>
<pitch>-8.9900735207916753e+01</pitch>
<roll>1.7670929364578109e+02</roll>
<avg_reprojection_error>3.9215597510337830e-01</avg_reprojection_error>
</opencv_storage>
