<?xml version="1.0"?>
<opencv_storage>
<camera_name>RC</camera_name>
<camera_model>PINHOLE</camera_model>
<calibration_time>"2023-01-05 09:24:04"</calibration_time>
<camIntrinsicMat type_id="opencv-matrix">
  <rows>3</rows>
  <cols>3</cols>
  <dt>d</dt>
  <data>
    1923.2549595533692 0. 967.34499962071322 0.
    1923.0439507434833 622.31258379909343 0. 0. 1.</data></camIntrinsicMat>
<distortion_coefficients type_id="opencv-matrix">
  <rows>1</rows>
  <cols>5</cols>
  <dt>d</dt>
  <data>
    -0.50294720337286192 0.26824278519085371
    -0.0023354308310536984 0.0019045255532471729
    0</data></distortion_coefficients>
<camIntriMatrix type_id="opencv-matrix">
  <rows>3</rows>
  <cols>4</cols>
  <dt>d</dt>
  <data>
    1923.2549595533692 0. 967.34499962071322 0. 0.
    1923.0439507434833 622.31258379909343 0. 0. 0. 1. 0.</data></camIntriMatrix>
<avg_reprojection_error>2.8497060085805881e-01</avg_reprojection_error>
</opencv_storage>
