<?xml version="1.0"?>
<opencv_storage>
<camera_name>FC120</camera_name>
<camera_model>FISHEYE</camera_model>
<calibration_time>"2022-12-19 10:30:58"</calibration_time>
<camIntrinsicMat type_id="opencv-matrix">
  <rows>3</rows>
  <cols>3</cols>
  <dt>d</dt>
  <data>
    9.8023863637804959e+02 0. 9.7026090731665749e+02 0.
    9.8023704592184129e+02 6.0075969120415868e+02 0. 0. 1.</data></camIntrinsicMat>
<distortion_coefficients type_id="opencv-matrix">
  <rows>4</rows>
  <cols>1</cols>
  <dt>d</dt>
  <data>
    -3.2552363771352309e-02 -2.2807457745239876e-02
    1.6338895726878758e-02 -8.0440648948604445e-03</data></distortion_coefficients>
<camIntriMatrix type_id="opencv-matrix">
  <rows>3</rows>
  <cols>4</cols>
  <dt>d</dt>
  <data>
    9.8023863637804959e+02 0. 9.7026090731665749e+02 0. 0.
    9.8023704592184129e+02 6.0075969120415868e+02 0. 0. 0. 1. 0.</data></camIntriMatrix>
<avg_reprojection_error>2.2111175047389514e-01</avg_reprojection_error>
</opencv_storage>
