<?xml version="1.0"?>
<opencv_storage>
<camera_name>FC120</camera_name>
<calibration_time>"2022-12-20 10:29:06"</calibration_time>
<undistort>1</undistort>
<rotationMatrix type_id="opencv-matrix">
  <rows>3</rows>
  <cols>3</cols>
  <dt>d</dt>
  <data>
    9.9988019370916636e-01 -4.3951452753355534e-03
    1.4841863970833707e-02 1.4808671487206338e-02
    -7.4907046729195282e-03 -9.9986228681368272e-01
    4.5057160256765198e-03 9.9996228530955700e-01
    -7.4247209768559426e-03</data></rotationMatrix>
<offsetMatrix type_id="opencv-matrix">
  <rows>3</rows>
  <cols>1</cols>
  <dt>d</dt>
  <data>
    -1.7897971527113559e+03 1.3950821960493124e+03
    3.2501690458717735e+03</data></offsetMatrix>
<deltaXY>
  1830. -3290.</deltaXY>
<headLocation>
  1830. -3290.</headLocation>
<pointA>
  4.3046488575418050e+02 1.0215104987384584e+03</pointA>
<pointB>
  1.5253425131044996e+03 1.0355734516580787e+03</pointB>
<pointV>
  9.6595245361328125e+02 5.9341674804687500e+02</pointV>
<cameraLocation>
  1.7542790527343750e+03 -3.2474626464843750e+03 1.4455855712890625e+03</cameraLocation>
<extrinsicMatrix type_id="opencv-matrix">
  <rows>4</rows>
  <cols>4</cols>
  <dt>d</dt>
  <data>
    9.9988019370916636e-01 -4.3951452753355534e-03
    1.4841863970833707e-02 -1.7897971527113559e+03
    1.4808671487206338e-02 -7.4907046729195282e-03
    -9.9986228681368272e-01 1.3950821960493124e+03
    4.5057160256765198e-03 9.9996228530955700e-01
    -7.4247209768559426e-03 3.2501690458717735e+03 0. 0. 0. 1.</data></extrinsicMatrix>
 <!-- resumed -->

<yaw_z>2.5183115577163284e-01</yaw_z>
<pitch_x>9.0429191101354263e+01</pitch_x>
<roll_z>0.</roll_z>
</opencv_storage>
