<?xml version="1.0"?>
<opencv_storage>
<camera_name>FR</camera_name>
<calibration_time>"2023-01-03 10:16:06"</calibration_time>
<undistort>1</undistort>
<rotationMatrix type_id="opencv-matrix">
  <rows>3</rows>
  <cols>3</cols>
  <dt>d</dt>
  <data>
    -7.3571790401316661e-01 -6.7725700059871330e-01
    -6.4900581281990832e-03 2.2392958175474653e-02
    -1.4746507456514291e-02 -9.9964048334488054e-01
    6.7691780973662108e-01 -7.3559873277342558e-01
    2.6015057245875606e-02</data></rotationMatrix>
<offsetMatrix type_id="opencv-matrix">
  <rows>3</rows>
  <cols>1</cols>
  <dt>d</dt>
  <data>
    -2.4494043188422406e+03 1.1783022239766447e+03
    -4.6527272706427329e+03</data></offsetMatrix>
<deltaXY>
  0. 0.</deltaXY>
<headLocation>
  0. 0.</headLocation>
<pointA>
  0. 0.</pointA>
<pointB>
  0. 0.</pointB>
<pointV>
  0. 0.</pointV>
<cameraLocation>
  1.3210576171875000e+03 -5.0640405273437500e+03 1.2830228271484375e+03</cameraLocation>
<extrinsicMatrix type_id="opencv-matrix">
  <rows>4</rows>
  <cols>4</cols>
  <dt>d</dt>
  <data>
    -7.3571790401316661e-01 -6.7725700059871330e-01
    -6.4900581281990832e-03 -2.4494043188422406e+03
    2.2392958175474653e-02 -1.4746507456514291e-02
    -9.9964048334488054e-01 1.1783022239766447e+03
    6.7691780973662108e-01 -7.3559873277342558e-01
    2.6015057245875606e-02 -4.6527272706427329e+03 0. 0. 0. 1.</data></extrinsicMatrix>
 <!-- resumed -->

<bsd_deltaXY>
  2330. -8575.</bsd_deltaXY>
<yaw>-4.2603257507147042e+01</yaw>
<pitch>-8.7974531560103557e+01</pitch>
<roll>1.7825663340722184e+02</roll>
<avg_reprojection_error>3.8279134035110474e-01</avg_reprojection_error>
</opencv_storage>
