<?xml version="1.0"?>
<opencv_storage>
<camera_name>FR</camera_name>
<calibration_time>"2022-08-29 18:26:19"</calibration_time>
<undistort>1</undistort>
<rotationMatrix type_id="opencv-matrix">
  <rows>3</rows>
  <cols>3</cols>
  <dt>d</dt>
  <data>
    -6.7533156670772510e-01 -7.3743330514816241e-01
    1.0926823250453022e-02 -3.7160000410127236e-02
    1.9226234986371993e-02 -9.9912435975596581e-01
    7.3657749719741561e-01 -6.7514625996631739e-01
    -4.0387105316984417e-02</data></rotationMatrix>
<offsetMatrix type_id="opencv-matrix">
  <rows>3</rows>
  <cols>1</cols>
  <dt>d</dt>
  <data>
    8.1168285902249863e+02 1.7719420377723354e+03
    -9.5902845035762766e+02</data></offsetMatrix>
<deltaXY>
  0. 0.</deltaXY>
<headLocation>
  0. 0.</headLocation>
<pointA>
  0. 0.</pointA>
<pointB>
  0. 0.</pointB>
<pointV>
  0. 0.</pointV>
<cameraLocation>
  1.3203991699218750e+03 -8.2990272521972656e+01 1.7227889404296875e+03</cameraLocation>
<extrinsicMatrix type_id="opencv-matrix">
  <rows>4</rows>
  <cols>4</cols>
  <dt>d</dt>
  <data>
    -6.7533156670772510e-01 -7.3743330514816241e-01
    1.0926823250453022e-02 8.1168285902249863e+02
    -3.7160000410127236e-02 1.9226234986371993e-02
    -9.9912435975596581e-01 1.7719420377723354e+03
    7.3657749719741561e-01 -6.7514625996631739e-01
    -4.0387105316984417e-02 -9.5902845035762766e+02 0. 0. 0. 1.</data></extrinsicMatrix>
 <!-- resumed -->

<bsd_deltaXY>
  2160. -3760.</bsd_deltaXY>
<yaw>-4.7440681109722810e+01</yaw>
<pitch>-9.3423341833141961e+01</pitch>
<roll>-1.7685048589748848e+02</roll>
<avg_reprojection_error>3.9254549145698547e-01</avg_reprojection_error>
</opencv_storage>
