<?xml version="1.0"?>
<opencv_storage>
<camera_name>FL</camera_name>
<camera_model>FISHEYE</camera_model>
<calibration_time>"2022-02-23 10:56:28"</calibration_time>
<camIntrinsicMat type_id="opencv-matrix">
  <rows>3</rows>
  <cols>3</cols>
  <dt>d</dt>
  <data>
    1.1501533874229358e+03 0. 9.5789467513738839e+02 0.
    1.1525699237209810e+03 6.1246553202501821e+02 0. 0. 1.</data></camIntrinsicMat>
<distortion_coefficients type_id="opencv-matrix">
  <rows>4</rows>
  <cols>1</cols>
  <dt>d</dt>
  <data>
    -3.3473744978910376e-02 -9.9573182345144371e-03
    -3.7191771863134926e-03 3.9362727987741764e-03</data></distortion_coefficients>
<camIntriMatrix type_id="opencv-matrix">
  <rows>3</rows>
  <cols>4</cols>
  <dt>d</dt>
  <data>
    1.1501533874229358e+03 0. 9.5789467513738839e+02 0. 0.
    1.1525699237209810e+03 6.1246553202501821e+02 0. 0. 0. 1. 0.</data></camIntriMatrix>
<avg_reprojection_error>2.7652573735793329e-01</avg_reprojection_error>
</opencv_storage>
