<?xml version="1.0"?>
<opencv_storage>
<camera_name>FL</camera_name>
<calibration_time>"2022-02-25 12:40:05"</calibration_time>
<undistort>1</undistort>
<rotationMatrix type_id="opencv-matrix">
  <rows>3</rows>
  <cols>3</cols>
  <dt>d</dt>
  <data>
    -7.2452189744880391e-01 6.8917735795676116e-01
    1.0128642402762511e-02 -2.0956777362266976e-02
    -7.3384577364623560e-03 -9.9975344986683512e-01
    -6.8893311257318235e-01 -7.2455553018232377e-01
    1.9759809777384674e-02</data></rotationMatrix>
<offsetMatrix type_id="opencv-matrix">
  <rows>3</rows>
  <cols>1</cols>
  <dt>d</dt>
  <data>
    2.5227021467243717e+03 1.2046907438919854e+03
    -4.5749646980328853e+03</data></offsetMatrix>
<deltaXY>
  0. 0.</deltaXY>
<headLocation>
  0. 0.</headLocation>
<pointA>
  0. 0.</pointA>
<pointB>
  0. 0.</pointB>
<pointV>
  0. 0.</pointV>
<cameraLocation>
  -1.2988453369140625e+03 -5.0445644531250000e+03 1.2692425537109375e+03</cameraLocation>
<extrinsicMatrix type_id="opencv-matrix">
  <rows>4</rows>
  <cols>4</cols>
  <dt>d</dt>
  <data>
    -7.2452189744880391e-01 6.8917735795676116e-01
    1.0128642402762511e-02 2.5227021467243717e+03
    -2.0956777362266976e-02 -7.3384577364623560e-03
    -9.9975344986683512e-01 1.2046907438919854e+03
    -6.8893311257318235e-01 -7.2455553018232377e-01
    1.9759809777384674e-02 -4.5749646980328853e+03 0. 0. 0. 1.</data></extrinsicMatrix>
 <!-- resumed -->

<bsd_deltaXY>
  -3445. -9325.</bsd_deltaXY>
<yaw>4.3545715333620215e+01</yaw>
<pitch>-8.8437837949478492e+01</pitch>
<roll>-1.7834318300016776e+02</roll>
<avg_reprojection_error>3.1512233614921570e-01</avg_reprojection_error>
</opencv_storage>
