<?xml version="1.0"?>
<opencv_storage>
<camera_name>FC120</camera_name>
<camera_model>FISHEYE</camera_model>
<calibration_time>"2022-03-24 19:30:12"</calibration_time>
<camIntrinsicMat type_id="opencv-matrix">
  <rows>3</rows>
  <cols>3</cols>
  <dt>d</dt>
  <data>
    9.7784765680518922e+02 0. 9.6082029065373160e+02 0.
    9.7835388391357492e+02 6.0463297358762236e+02 0. 0. 1.</data></camIntrinsicMat>
<distortion_coefficients type_id="opencv-matrix">
  <rows>4</rows>
  <cols>1</cols>
  <dt>d</dt>
  <data>
    -3.1795558328427807e-02 -2.1013366181481620e-02
    1.4287723423211867e-02 -7.4205365297971525e-03</data></distortion_coefficients>
<camIntriMatrix type_id="opencv-matrix">
  <rows>3</rows>
  <cols>4</cols>
  <dt>d</dt>
  <data>
    9.7784765680518922e+02 0. 9.6082029065373160e+02 0. 0.
    9.7835388391357492e+02 6.0463297358762236e+02 0. 0. 0. 1. 0.</data></camIntriMatrix>
<avg_reprojection_error>2.7437989805227991e-01</avg_reprojection_error>
</opencv_storage>
