<?xml version="1.0"?>
<opencv_storage>
<camera_name>FC120</camera_name>
<calibration_time>"2022-03-24 19:32:35"</calibration_time>
<undistort>1</undistort>
<rotationMatrix type_id="opencv-matrix">
  <rows>3</rows>
  <cols>3</cols>
  <dt>d</dt>
  <data>
    9.9994963567509321e-01 8.8696178440120146e-03
    -4.6963807926557067e-03 -4.5666746520996934e-03
    -1.4587712770425337e-02 -9.9988316523419352e-01
    -8.9370910183522202e-03 9.9985425363671321e-01
    -1.4546473411137661e-02</data></rotationMatrix>
<offsetMatrix type_id="opencv-matrix">
  <rows>3</rows>
  <cols>1</cols>
  <dt>d</dt>
  <data>
    -1.7363378369326535e+03 1.4037846384747609e+03
    3.2701784946129887e+03</data></offsetMatrix>
<deltaXY>
  1820. -3160.</deltaXY>
<headLocation>
  1820. -3160.</headLocation>
<pointA>
  4.4162114355404947e+02 1.0246094841947388e+03</pointA>
<pointB>
  1.5311630768226614e+03 1.0238095841855767e+03</pointB>
<pointV>
  9.6949468994140625e+02 5.9035894775390625e+02</pointV>
<cameraLocation>
  1.7718868408203125e+03 -3.2338232421875000e+03 1.4430356445312500e+03</cameraLocation>
<extrinsicMatrix type_id="opencv-matrix">
  <rows>4</rows>
  <cols>4</cols>
  <dt>d</dt>
  <data>
    9.9994963567509321e-01 8.8696178440120146e-03
    -4.6963807926557067e-03 -1.7363378369326535e+03
    -4.5666746520996934e-03 -1.4587712770425337e-02
    -9.9988316523419352e-01 1.4037846384747609e+03
    -8.9370910183522202e-03 9.9985425363671321e-01
    -1.4546473411137661e-02 3.2701784946129887e+03 0. 0. 0. 1.</data></extrinsicMatrix>
 <!-- resumed -->

<yaw_z>-5.0825241210892591e-01</yaw_z>
<pitch_x>9.0835846904158473e+01</pitch_x>
<roll_z>0.</roll_z>
</opencv_storage>
