<?xml version="1.0"?>
<opencv_storage>
<camera_name>FL</camera_name>
<calibration_time>"2022-12-21 10:00:01"</calibration_time>
<undistort>1</undistort>
<rotationMatrix type_id="opencv-matrix">
  <rows>3</rows>
  <cols>3</cols>
  <dt>d</dt>
  <data>
    -7.1220715520354427e-01 7.0182425504332424e-01
    1.4271759168284492e-02 5.2558411520920445e-03 2.5661851322548723e-02
    -9.9965686388904651e-01 -7.0194967355976357e-01
    -7.1188776111096519e-01 -2.1965230928881585e-02</data></rotationMatrix>
<offsetMatrix type_id="opencv-matrix">
  <rows>3</rows>
  <cols>1</cols>
  <dt>d</dt>
  <data>
    2.6093052108392694e+03 1.3934566350344060e+03
    -4.5205937959502580e+03</data></offsetMatrix>
<deltaXY>
  0. 0.</deltaXY>
<headLocation>
  0. 0.</headLocation>
<pointA>
  0. 0.</pointA>
<pointB>
  0. 0.</pointB>
<pointV>
  0. 0.</pointV>
<cameraLocation>
  -1.3221872558593750e+03 -5.0851879882812500e+03 1.2564432373046875e+03</cameraLocation>
<extrinsicMatrix type_id="opencv-matrix">
  <rows>4</rows>
  <cols>4</cols>
  <dt>d</dt>
  <data>
    -7.1220715520354427e-01 7.0182425504332424e-01
    1.4271759168284492e-02 2.6093052108392694e+03 5.2558411520920445e-03
    2.5661851322548723e-02 -9.9965686388904651e-01
    1.3934566350344060e+03 -7.0194967355976357e-01
    -7.1188776111096519e-01 -2.1965230928881585e-02
    -4.5205937959502580e+03 0. 0. 0. 1.</data></extrinsicMatrix>
 <!-- resumed -->

<bsd_deltaXY>
  -3135. -8605.</bsd_deltaXY>
<yaw>4.4583635766400292e+01</yaw>
<pitch>-9.1767295275426676e+01</pitch>
<roll>1.7957718474574659e+02</roll>
<avg_reprojection_error>1.0504339933395386e+00</avg_reprojection_error>
</opencv_storage>
