<?xml version="1.0"?>
<opencv_storage>
<camera_name>FR</camera_name>
<calibration_time>"2022-12-07 17:37:57"</calibration_time>
<undistort>1</undistort>
<rotationMatrix type_id="opencv-matrix">
  <rows>3</rows>
  <cols>3</cols>
  <dt>d</dt>
  <data>
    -7.2028117036420958e-01 -6.9337852854025628e-01
    2.0524419068839117e-02 -1.4229014595821932e-02
    -1.4813261878888317e-02 -9.9978902895367838e-01
    6.9353627934117212e-01 -7.2042125415055325e-01
    8.0362040000803159e-04</data></rotationMatrix>
<offsetMatrix type_id="opencv-matrix">
  <rows>3</rows>
  <cols>1</cols>
  <dt>d</dt>
  <data>
    -1.3529167950521569e+03 1.2749902990237802e+03
    -3.2581083063557530e+03</data></offsetMatrix>
<deltaXY>
  0. 0.</deltaXY>
<headLocation>
  0. 0.</headLocation>
<pointA>
  0. 0.</pointA>
<pointB>
  0. 0.</pointB>
<pointV>
  0. 0.</pointV>
<cameraLocation>
  1.3032777099609375e+03 -3.2664072265625000e+03 1.3051074218750000e+03</cameraLocation>
<extrinsicMatrix type_id="opencv-matrix">
  <rows>4</rows>
  <cols>4</cols>
  <dt>d</dt>
  <data>
    -7.2028117036420958e-01 -6.9337852854025628e-01
    2.0524419068839117e-02 -1.3529167950521569e+03
    -1.4229014595821932e-02 -1.4813261878888317e-02
    -9.9978902895367838e-01 1.2749902990237802e+03
    6.9353627934117212e-01 -7.2042125415055325e-01
    8.0362040000803159e-04 -3.2581083063557530e+03 0. 0. 0. 1.</data></extrinsicMatrix>
 <!-- resumed -->

<bsd_deltaXY>
  2075. -6875.</bsd_deltaXY>
<yaw>-4.3910690895976003e+01</yaw>
<pitch>-8.9936087340721670e+01</pitch>
<roll>-1.7886828020967965e+02</roll>
<avg_reprojection_error>1.0380462408065796e+00</avg_reprojection_error>
</opencv_storage>
