<?xml version="1.0"?>
<opencv_storage>
<camera_name>FR</camera_name>
<camera_model>FISHEYE</camera_model>
<calibration_time>"2022-07-22 23:13:04"</calibration_time>
<camIntrinsicMat type_id="opencv-matrix">
  <rows>3</rows>
  <cols>3</cols>
  <dt>d</dt>
  <data>
    1.1560318750804151e+03 0. 9.6483259588693647e+02 0.
    1.1540817335934187e+03 5.9503269743744329e+02 0. 0. 1.</data></camIntrinsicMat>
<distortion_coefficients type_id="opencv-matrix">
  <rows>4</rows>
  <cols>1</cols>
  <dt>d</dt>
  <data>
    -2.8793794992505513e-02 -5.6481000787574773e-02
    1.0567827489672747e-01 -8.1801116062502066e-02</data></distortion_coefficients>
<camIntriMatrix type_id="opencv-matrix">
  <rows>3</rows>
  <cols>4</cols>
  <dt>d</dt>
  <data>
    1.1560318750804151e+03 0. 9.6483259588693647e+02 0. 0.
    1.1540817335934187e+03 5.9503269743744329e+02 0. 0. 0. 1. 0.</data></camIntriMatrix>
<avg_reprojection_error>2.4631640813569289e-01</avg_reprojection_error>
</opencv_storage>
