<?xml version="1.0"?>
<opencv_storage>
<camera_name>FC120</camera_name>
<camera_model>FISHEYE</camera_model>
<calibration_time>"2022-07-28 14:09:35"</calibration_time>
<camIntrinsicMat type_id="opencv-matrix">
  <rows>3</rows>
  <cols>3</cols>
  <dt>d</dt>
  <data>
    9.7905027415543395e+02 0. 9.6498009553994939e+02 0.
    9.7788522424674454e+02 6.0839142902402489e+02 0. 0. 1.</data></camIntrinsicMat>
<distortion_coefficients type_id="opencv-matrix">
  <rows>4</rows>
  <cols>1</cols>
  <dt>d</dt>
  <data>
    -3.3556227443489746e-02 -2.6041527591012675e-02
    2.0870168175337270e-02 -9.1803678687086120e-03</data></distortion_coefficients>
<camIntriMatrix type_id="opencv-matrix">
  <rows>3</rows>
  <cols>4</cols>
  <dt>d</dt>
  <data>
    9.7905027415543395e+02 0. 9.6498009553994939e+02 0. 0.
    9.7788522424674454e+02 6.0839142902402489e+02 0. 0. 0. 1. 0.</data></camIntriMatrix>
<avg_reprojection_error>2.1787449619462437e-01</avg_reprojection_error>
</opencv_storage>
