<?xml version="1.0"?>
<opencv_storage>
<camera_name>FC120</camera_name>
<calibration_time>"2022-08-06 16:16:04"</calibration_time>
<undistort>1</undistort>
<rotationMatrix type_id="opencv-matrix">
  <rows>3</rows>
  <cols>3</cols>
  <dt>d</dt>
  <data>
    9.9954210197820681e-01 2.8439966163720479e-02
    -1.0332216489919541e-02 -1.0555728300874275e-02
    7.7201897015434359e-03 -9.9991448397901028e-01
    -2.8357767419637480e-02 9.9956568918484723e-01
    8.0168591976615220e-03</data></rotationMatrix>
<offsetMatrix type_id="opencv-matrix">
  <rows>3</rows>
  <cols>1</cols>
  <dt>d</dt>
  <data>
    -1.5361089249332890e+03 1.4719818427758714e+03
    3.3033834033542526e+03</data></offsetMatrix>
<deltaXY>
  1810. -3275.</deltaXY>
<headLocation>
  1810. -3275.</headLocation>
<pointA>
  5.2392591108224656e+02 1.0466370268581973e+03</pointA>
<pointB>
  1.6132633146132707e+03 1.0489359366287472e+03</pointB>
<pointV>
  1.0044192504882812e+03 6.2003820800781250e+02</pointV>
<cameraLocation>
  1.6446199951171875e+03 -3.2696257324218750e+03 1.4295018310546875e+03</cameraLocation>
<extrinsicMatrix type_id="opencv-matrix">
  <rows>4</rows>
  <cols>4</cols>
  <dt>d</dt>
  <data>
    9.9954210197820681e-01 2.8439966163720479e-02
    -1.0332216489919541e-02 -1.5361089249332890e+03
    -1.0555728300874275e-02 7.7201897015434359e-03
    -9.9991448397901028e-01 1.4719818427758714e+03
    -2.8357767419637480e-02 9.9956568918484723e-01
    8.0168591976615220e-03 3.3033834033542526e+03 0. 0. 0. 1.</data></extrinsicMatrix>
 <!-- resumed -->

<yaw_z>-1.6297583747676183e+00</yaw_z>
<pitch_x>8.9557658963260636e+01</pitch_x>
<roll_z>0.</roll_z>
</opencv_storage>
