<?xml version="1.0"?>
<opencv_storage>
<camera_name>RC</camera_name>
<calibration_time>"2022-09-08 22:03:20"</calibration_time>
<undistort>1</undistort>
<rotationMatrix type_id="opencv-matrix">
  <rows>3</rows>
  <cols>3</cols>
  <dt>d</dt>
  <data>
    9.9991782283822062e-01 -9.0565853544589438e-03
    -9.0733583744069535e-03 -9.2054601331961403e-03
    -1.4652747793947946e-02 -9.9985026703293090e-01
    8.9222796531580155e-03 9.9985162661457139e-01
    -1.4734913708145328e-02</data></rotationMatrix>
<offsetMatrix type_id="opencv-matrix">
  <rows>3</rows>
  <cols>1</cols>
  <dt>d</dt>
  <data>
    -1.9183677127649350e+03 1.3944533927537566e+03
    5.3267738189739066e+03</data></offsetMatrix>
<deltaXY>
  1805. -5240.</deltaXY>
<headLocation>
  1805. -5240.</headLocation>
<pointA>
  2.7230371288271135e+02 1.1596831363624769e+03</pointA>
<pointB>
  1.5964285166188731e+03 1.1444872449081590e+03</pointB>
<pointV>
  9.5460900878906250e+02 6.2379302978515625e+02</pointV>
<cameraLocation>
  1.8835196533203125e+03 -5.3229248046875000e+03 1.4553281250000000e+03</cameraLocation>
<extrinsicMatrix type_id="opencv-matrix">
  <rows>4</rows>
  <cols>4</cols>
  <dt>d</dt>
  <data>
    9.9991782283822062e-01 -9.0565853544589438e-03
    -9.0733583744069535e-03 -1.9183677127649350e+03
    -9.2054601331961403e-03 -1.4652747793947946e-02
    -9.9985026703293090e-01 1.3944533927537566e+03
    8.9222796531580155e-03 9.9985162661457139e-01
    -1.4734913708145328e-02 5.3267738189739066e+03 0. 0. 0. 1.</data></extrinsicMatrix>
 <!-- resumed -->

<yaw_z>5.1896695120426606e-01</yaw_z>
<pitch_x>9.0839569357256138e+01</pitch_x>
<roll_z>0.</roll_z>
</opencv_storage>
