<?xml version="1.0"?>
<opencv_storage>
<camera_name>FR</camera_name>
<calibration_time>"2022-12-23 10:31:51"</calibration_time>
<undistort>1</undistort>
<rotationMatrix type_id="opencv-matrix">
  <rows>3</rows>
  <cols>3</cols>
  <dt>d</dt>
  <data>
    -6.9688564427634925e-01 -7.1718103427630608e-01
    1.3277333713118677e-03 8.1326147183106712e-03
    -9.7536443610815038e-03 -9.9991936024837580e-01
    7.1713615121494256e-01 -6.9681864964712692e-01
    1.2629731769663755e-02</data></rotationMatrix>
<offsetMatrix type_id="opencv-matrix">
  <rows>3</rows>
  <cols>1</cols>
  <dt>d</dt>
  <data>
    -2.7595158054145245e+03 1.2087025628529477e+03
    -4.4995612830408272e+03</data></offsetMatrix>
<deltaXY>
  0. 0.</deltaXY>
<headLocation>
  0. 0.</headLocation>
<pointA>
  0. 0.</pointA>
<pointB>
  0. 0.</pointB>
<pointV>
  0. 0.</pointV>
<cameraLocation>
  1.2939012451171875e+03 -5.1026611328125000e+03 1.2690972900390625e+03</cameraLocation>
<extrinsicMatrix type_id="opencv-matrix">
  <rows>4</rows>
  <cols>4</cols>
  <dt>d</dt>
  <data>
    -6.9688564427634925e-01 -7.1718103427630608e-01
    1.3277333713118677e-03 -2.7595158054145245e+03
    8.1326147183106712e-03 -9.7536443610815038e-03
    -9.9991936024837580e-01 1.2087025628529477e+03
    7.1713615121494256e-01 -6.9681864964712692e-01
    1.2629731769663755e-02 -4.4995612830408272e+03 0. 0. 0. 1.</data></extrinsicMatrix>
 <!-- resumed -->

<bsd_deltaXY>
  2320. -8610.</bsd_deltaXY>
<yaw>-4.5818539372615064e+01</yaw>
<pitch>-8.8961636427485018e+01</pitch>
<roll>1.7933139195437860e+02</roll>
<avg_reprojection_error>4.2170628905296326e-01</avg_reprojection_error>
</opencv_storage>
