<?xml version="1.0"?>
<opencv_storage>
<camera_name>RL</camera_name>
<camera_model>FISHEYE</camera_model>
<calibration_time>"2022-10-12 07:53:33"</calibration_time>
<camIntrinsicMat type_id="opencv-matrix">
  <rows>3</rows>
  <cols>3</cols>
  <dt>d</dt>
  <data>
    1.1552855173820085e+03 0. 9.5861818014705523e+02 0.
    1.1548040765807184e+03 5.9860277006320746e+02 0. 0. 1.</data></camIntrinsicMat>
<distortion_coefficients type_id="opencv-matrix">
  <rows>4</rows>
  <cols>1</cols>
  <dt>d</dt>
  <data>
    -4.4219059469404708e-02 -1.2330503315054361e-02
    2.9424271262750674e-02 -2.6500624823840472e-02</data></distortion_coefficients>
<camIntriMatrix type_id="opencv-matrix">
  <rows>3</rows>
  <cols>4</cols>
  <dt>d</dt>
  <data>
    1.1552855173820085e+03 0. 9.5861818014705523e+02 0. 0.
    1.1548040765807184e+03 5.9860277006320746e+02 0. 0. 0. 1. 0.</data></camIntriMatrix>
<avg_reprojection_error>2.0040182661459621e-01</avg_reprojection_error>
</opencv_storage>
