<?xml version="1.0"?>
<opencv_storage>
<camera_name>FC120</camera_name>
<calibration_time>"2022-10-12 08:06:57"</calibration_time>
<undistort>1</undistort>
<rotationMatrix type_id="opencv-matrix">
  <rows>3</rows>
  <cols>3</cols>
  <dt>d</dt>
  <data>
    9.9998104886428318e-01 -5.9930502851742165e-03
    -1.4089927493070647e-03 -1.2835786763207247e-03
    2.0879198248993078e-02 -9.9978118181243092e-01
    6.0211575357169804e-03 9.9976404337661529e-01 2.0871110012921232e-02</data></rotationMatrix>
<offsetMatrix type_id="opencv-matrix">
  <rows>3</rows>
  <cols>1</cols>
  <dt>d</dt>
  <data>
    -1.8115866156434497e+03 1.5299811165220449e+03
    3.3725809961454215e+03</data></offsetMatrix>
<deltaXY>
  1830. -3340.</deltaXY>
<headLocation>
  1830. -3340.</headLocation>
<pointA>
  4.3461852352565688e+02 1.0469544122433090e+03</pointA>
<pointB>
  1.4838457478049133e+03 1.0427557542653499e+03</pointB>
<pointV>
  9.5408734130859375e+02 6.2376782226562500e+02</pointV>
<cameraLocation>
  1.7932093505859375e+03 -3.4145869140625000e+03 1.4567043457031250e+03</cameraLocation>
<extrinsicMatrix type_id="opencv-matrix">
  <rows>4</rows>
  <cols>4</cols>
  <dt>d</dt>
  <data>
    9.9998104886428318e-01 -5.9930502851742165e-03
    -1.4089927493070647e-03 -1.8115866156434497e+03
    -1.2835786763207247e-03 2.0879198248993078e-02
    -9.9978118181243092e-01 1.5299811165220449e+03
    6.0211575357169804e-03 9.9976404337661529e-01 2.0871110012921232e-02
    3.3725809961454215e+03 0. 0. 0. 1.</data></extrinsicMatrix>
 <!-- resumed -->

<yaw_z>3.4345342105187310e-01</yaw_z>
<pitch_x>8.8803619739269564e+01</pitch_x>
<roll_z>0.</roll_z>
</opencv_storage>
