<?xml version="1.0"?>
<opencv_storage>
<camera_name>FC120</camera_name>
<camera_model>FISHEYE</camera_model>
<calibration_time>"2022-10-12 07:42:14"</calibration_time>
<camIntrinsicMat type_id="opencv-matrix">
  <rows>3</rows>
  <cols>3</cols>
  <dt>d</dt>
  <data>
    9.7799497627284995e+02 0. 9.5994989768905270e+02 0.
    9.7785844295542847e+02 6.0334610333586454e+02 0. 0. 1.</data></camIntrinsicMat>
<distortion_coefficients type_id="opencv-matrix">
  <rows>4</rows>
  <cols>1</cols>
  <dt>d</dt>
  <data>
    -3.4154459851667616e-02 -1.9814542351168866e-02
    1.4550390795141924e-02 -7.9355179325138088e-03</data></distortion_coefficients>
<camIntriMatrix type_id="opencv-matrix">
  <rows>3</rows>
  <cols>4</cols>
  <dt>d</dt>
  <data>
    9.7799497627284995e+02 0. 9.5994989768905270e+02 0. 0.
    9.7785844295542847e+02 6.0334610333586454e+02 0. 0. 0. 1. 0.</data></camIntriMatrix>
<avg_reprojection_error>2.0661880449569689e-01</avg_reprojection_error>
</opencv_storage>
