<?xml version="1.0"?>
<opencv_storage>
<camera_name>FC120</camera_name>
<calibration_time>"2022-12-23 10:38:09"</calibration_time>
<undistort>1</undistort>
<rotationMatrix type_id="opencv-matrix">
  <rows>3</rows>
  <cols>3</cols>
  <dt>d</dt>
  <data>
    9.9994218586509376e-01 -2.9867539418595617e-03
    -1.0329773871149714e-02 -1.0351369636287657e-02
    -7.3077965126872356e-03 -9.9991971940590418e-01
    2.9110262780062549e-03 9.9996883721995045e-01
    -7.3382910128186110e-03</data></rotationMatrix>
<offsetMatrix type_id="opencv-matrix">
  <rows>3</rows>
  <cols>1</cols>
  <dt>d</dt>
  <data>
    -1.7633059945268276e+03 1.4265508827967753e+03
    3.4255437052215138e+03</data></offsetMatrix>
<deltaXY>
  1810. -3265.</deltaXY>
<headLocation>
  1810. -3265.</headLocation>
<pointA>
  4.5436870332679257e+02 1.0330547671087384e+03</pointA>
<pointB>
  1.5041012435300051e+03 1.0209308942449745e+03</pointB>
<pointV>
  9.6215948486328125e+02 6.1250268554687500e+02</pointV>
<cameraLocation>
  1.7679989013671875e+03 -3.4202785644531250e+03 1.4333594970703125e+03</cameraLocation>
<extrinsicMatrix type_id="opencv-matrix">
  <rows>4</rows>
  <cols>4</cols>
  <dt>d</dt>
  <data>
    9.9994218586509376e-01 -2.9867539418595617e-03
    -1.0329773871149714e-02 -1.7633059945268276e+03
    -1.0351369636287657e-02 -7.3077965126872356e-03
    -9.9991971940590418e-01 1.4265508827967753e+03
    2.9110262780062549e-03 9.9996883721995045e-01
    -7.3382910128186110e-03 3.4255437052215138e+03 0. 0. 0. 1.</data></extrinsicMatrix>
 <!-- resumed -->

<yaw_z>1.7113321777987270e-01</yaw_z>
<pitch_x>9.0418706760978296e+01</pitch_x>
<roll_z>0.</roll_z>
</opencv_storage>
