<?xml version="1.0"?>
<opencv_storage>
<camera_name>FL</camera_name>
<calibration_time>"2022-07-12 18:30:18"</calibration_time>
<undistort>1</undistort>
<rotationMatrix type_id="opencv-matrix">
  <rows>3</rows>
  <cols>3</cols>
  <dt>d</dt>
  <data>
    -6.9206766318716806e-01 7.2103522844450585e-01
    -3.3919742225312022e-02 2.5561815696220347e-02
    -2.2480978350246095e-02 -9.9942043164562522e-01
    -7.2137988823432342e-01 -6.9253361286972526e-01
    -2.8726114669649361e-03</data></rotationMatrix>
<offsetMatrix type_id="opencv-matrix">
  <rows>3</rows>
  <cols>1</cols>
  <dt>d</dt>
  <data>
    -8.4044757556247043e+02 1.7435547744589858e+03
    -1.0408015988642885e+03</data></offsetMatrix>
<deltaXY>
  0. 0.</deltaXY>
<headLocation>
  0. 0.</headLocation>
<pointA>
  0. 0.</pointA>
<pointB>
  0. 0.</pointB>
<pointV>
  0. 0.</pointV>
<cameraLocation>
  -1.3770283203125000e+03 -7.5600967407226562e+01 1.7110466308593750e+03</cameraLocation>
<extrinsicMatrix type_id="opencv-matrix">
  <rows>4</rows>
  <cols>4</cols>
  <dt>d</dt>
  <data>
    -6.9206766318716806e-01 7.2103522844450585e-01
    -3.3919742225312022e-02 -8.4044757556247043e+02
    2.5561815696220347e-02 -2.2480978350246095e-02
    -9.9942043164562522e-01 1.7435547744589858e+03
    -7.2137988823432342e-01 -6.9253361286972526e-01
    -2.8726114669649361e-03 -1.0408015988642885e+03 0. 0. 0. 1.</data></extrinsicMatrix>
 <!-- resumed -->

<bsd_deltaXY>
  -2910. -4020.</bsd_deltaXY>
<yaw>4.6168524300622082e+01</yaw>
<pitch>-9.0237660044561281e+01</pitch>
<roll>1.7788471739006832e+02</roll>
<avg_reprojection_error>3.2831606268882751e-01</avg_reprojection_error>
</opencv_storage>
