<?xml version="1.0"?>
<opencv_storage>
<camera_name>FL</camera_name>
<camera_model>FISHEYE</camera_model>
<calibration_time>"2022-07-12 01:49:04"</calibration_time>
<camIntrinsicMat type_id="opencv-matrix">
  <rows>3</rows>
  <cols>3</cols>
  <dt>d</dt>
  <data>
    1.4187486904508717e+03 0. 1.4631118361143297e+03 0.
    1.4200951535170507e+03 9.1515386189624496e+02 0. 0. 1.</data></camIntrinsicMat>
<distortion_coefficients type_id="opencv-matrix">
  <rows>4</rows>
  <cols>1</cols>
  <dt>d</dt>
  <data>
    2.8288300628596413e-02 -2.9016108976178789e-02
    4.9570219722420185e-02 -2.6550051823458386e-02</data></distortion_coefficients>
<camIntriMatrix type_id="opencv-matrix">
  <rows>3</rows>
  <cols>4</cols>
  <dt>d</dt>
  <data>
    1.4187486904508717e+03 0. 1.4631118361143297e+03 0. 0.
    1.4200951535170507e+03 9.1515386189624496e+02 0. 0. 0. 1. 0.</data></camIntriMatrix>
<avg_reprojection_error>5.3231335362081733e-01</avg_reprojection_error>
</opencv_storage>
