<?xml version="1.0"?>
<opencv_storage>
<camera_name>RR</camera_name>
<calibration_time>"2022-12-23 10:40:58"</calibration_time>
<undistort>1</undistort>
<rotationMatrix type_id="opencv-matrix">
  <rows>3</rows>
  <cols>3</cols>
  <dt>d</dt>
  <data>
    7.3630825239926190e-01 -6.7620732616630852e-01
    2.4368206494460976e-02 3.7168808949043397e-02 4.4610213397371090e-03
    -9.9929904379515744e-01 6.7562462735608930e-01
    7.3669786977268914e-01 2.8418507742796639e-02</data></rotationMatrix>
<offsetMatrix type_id="opencv-matrix">
  <rows>3</rows>
  <cols>1</cols>
  <dt>d</dt>
  <data>
    -7.4152432716022731e+03 1.2716824472432215e+03
    6.0963640681264751e+03</data></offsetMatrix>
<deltaXY>
  0. 0.</deltaXY>
<headLocation>
  0. 0.</headLocation>
<pointA>
  0. 0.</pointA>
<pointB>
  0. 0.</pointB>
<pointV>
  0. 0.</pointV>
<cameraLocation>
  1.2937841796875000e+03 -9.5110927734375000e+03 1.2782376708984375e+03</cameraLocation>
<extrinsicMatrix type_id="opencv-matrix">
  <rows>4</rows>
  <cols>4</cols>
  <dt>d</dt>
  <data>
    7.3630825239926190e-01 -6.7620732616630852e-01
    2.4368206494460976e-02 -7.4152432716022731e+03
    3.7168808949043397e-02 4.4610213397371090e-03
    -9.9929904379515744e-01 1.2716824472432215e+03
    6.7562462735608930e-01 7.3669786977268914e-01 2.8418507742796639e-02
    6.0963640681264751e+03 0. 0. 0. 1.</data></extrinsicMatrix>
 <!-- resumed -->

<bsd_deltaXY>
  2320. -6710.</bsd_deltaXY>
<yaw>-4.2502674803664931e+01</yaw>
<pitch>8.7790880515656681e+01</pitch>
<roll>2.8898355027700906e+00</roll>
<avg_reprojection_error>3.5739612579345703e-01</avg_reprojection_error>
</opencv_storage>
