<?xml version="1.0"?>
<opencv_storage>
<camera_name>RC</camera_name>
<camera_model>PINHOLE</camera_model>
<calibration_time>"2021-12-24 23:15:34"</calibration_time>
<camIntrinsicMat type_id="opencv-matrix">
  <rows>3</rows>
  <cols>3</cols>
  <dt>d</dt>
  <data>
    2.6828570084967073e+03 0. 1.4298232284073090e+03 0.
    2.6761121144678445e+03 8.3095003924203581e+02 0. 0. 1.</data></camIntrinsicMat>
<distortion_coefficients type_id="opencv-matrix">
  <rows>1</rows>
  <cols>5</cols>
  <dt>d</dt>
  <data>
    -3.4878870653676802e-01 -1.7564448316441980e-01
    2.4658312154789714e-03 2.7597805597730841e-03 4.2415694483781202e-01</data></distortion_coefficients>
<camIntriMatrix type_id="opencv-matrix">
  <rows>3</rows>
  <cols>4</cols>
  <dt>d</dt>
  <data>
    2.6828570084967073e+03 0. 1.4298232284073090e+03 0. 0.
    2.6761121144678445e+03 8.3095003924203581e+02 0. 0. 0. 1. 0.</data></camIntriMatrix>
<avg_reprojection_error>5.2029175446841547e-01</avg_reprojection_error>
</opencv_storage>
