<?xml version="1.0"?>
<opencv_storage>
<camera_name>RC</camera_name>
<calibration_time>"2021-12-27 09:59:28"</calibration_time>
<undistort>1</undistort>
<rotationMatrix type_id="opencv-matrix">
  <rows>3</rows>
  <cols>3</cols>
  <dt>d</dt>
  <data>
    9.9923069963674460e-01 3.5308854542010909e-02
    -1.7067328273431756e-02 -1.5107013699927610e-02
    -5.5059721661899673e-02 -9.9836877214162922e-01
    -3.6190980099082247e-02 9.9785856304460574e-01
    -5.4483952848729519e-02</data></rotationMatrix>
<offsetMatrix type_id="opencv-matrix">
  <rows>3</rows>
  <cols>1</cols>
  <dt>d</dt>
  <data>
    -1.5076368909790813e+03 8.0430442322091812e+02
    5.5880997274726979e+03</data></offsetMatrix>
<deltaXY>
  1720. -5375.</deltaXY>
<headLocation>
  1720. -5375.</headLocation>
<pointA>
  7.0600397025303039e+02 1.2161272758113321e+03</pointA>
<pointB>
  2.4121966704598462e+03 1.1991025326765357e+03</pointB>
<pointV>
  1.5247551269531250e+03 6.8328784179687500e+02</pointV>
<cameraLocation>
  1.7208664550781250e+03 -5.4786152343750000e+03 1.0817229003906250e+03</cameraLocation>
<extrinsicMatrix type_id="opencv-matrix">
  <rows>4</rows>
  <cols>4</cols>
  <dt>d</dt>
  <data>
    9.9923069963674460e-01 3.5308854542010909e-02
    -1.7067328273431756e-02 -1.5076368909790813e+03
    -1.5107013699927610e-02 -5.5059721661899673e-02
    -9.9836877214162922e-01 8.0430442322091812e+02
    -3.6190980099082247e-02 9.9785856304460574e-01
    -5.4483952848729519e-02 5.5880997274726979e+03 0. 0. 0. 1.</data></extrinsicMatrix>
 <!-- resumed -->

<yaw_z>2.0740433570125996e+00</yaw_z>
<pitch_x>9.3125296516207698e+01</pitch_x>
<roll_z>-8.6616853024046725e-01</roll_z>
</opencv_storage>
