<?xml version="1.0"?>
<opencv_storage>
<camera_name>cam_blf</camera_name>
<calibration_time>""</calibration_time>
<undistort>1</undistort>
<rotationMatrix type_id="opencv-matrix">
  <rows>3</rows>
  <cols>3</cols>
  <dt>d</dt>
  <data>
    7.0668841240758362e-01 7.0750756789579361e-01
    -4.9526900799326742e-03 -1.9606032938034666e-02
    1.2585039237806562e-02 -9.9972857329367937e-01
    -7.0725320164795413e-01 7.0659370090424800e-01
    2.2765118079126394e-02</data></rotationMatrix>
<offsetMatrix type_id="opencv-matrix">
  <rows>3</rows>
  <cols>1</cols>
  <dt>d</dt>
  <data>
    9.9366810743988426e+03 1.4451377999534991e+03 1.0575095658708922e+04</data></offsetMatrix>
<deltaXY>
  1820. -5225.</deltaXY>
<headLocation>
  1820. -5225.</headLocation>
<pointV>
  2.1019619483213896e+03 6.1162573511004496e+02</pointV>
<extrinsicMatrix type_id="opencv-matrix">
  <rows>4</rows>
  <cols>4</cols>
  <dt>d</dt>
  <data>
    7.0668841240758362e-01 7.0750756789579361e-01
    -4.9526900799326742e-03 9.9366810743988426e+03
    -1.9606032938034666e-02 1.2585039237806562e-02
    -9.9972857329367937e-01 1.4451377999534991e+03
    -7.0725320164795413e-01 7.0659370090424800e-01
    2.2765118079126394e-02 1.0575095658708922e+04 0. 0. 0. 1.</data></extrinsicMatrix>
</opencv_storage>
