<?xml version="1.0"?>
<opencv_storage>
<camera_name>cam_blf</camera_name>
<camera_model>FISHEYE</camera_model>
<calibration_time>""</calibration_time>
<camIntrinsicMat type_id="opencv-matrix">
  <rows>3</rows>
  <cols>3</cols>
  <dt>d</dt>
  <data>
    1.1323472900390625e+03 0. 9.6815014648437500e+02 0.
    1.1328520507812500e+03 5.9144866943359375e+02 0. 0. 1.</data></camIntrinsicMat>
<distortion_coefficients type_id="opencv-matrix">
  <rows>4</rows>
  <cols>1</cols>
  <dt>d</dt>
  <data>
    -3.2831426709890366e-02 2.4368498474359512e-02
    -8.8683776557445526e-02 6.3622102141380310e-02</data></distortion_coefficients>
<camIntriMatrix type_id="opencv-matrix">
  <rows>3</rows>
  <cols>4</cols>
  <dt>d</dt>
  <data>
    1.1323472900390625e+03 0. 9.6815014648437500e+02 0. 0.
    1.1328520507812500e+03 5.9144866943359375e+02 0. 0. 0. 1. 0.</data></camIntriMatrix>
<avg_reprojection_error>0</avg_reprojection_error>
</opencv_storage>
