<?xml version="1.0"?>
<opencv_storage>
<camera_name>FR</camera_name>
<calibration_time>"2022-07-07 11:34:26"</calibration_time>
<undistort>1</undistort>
<rotationMatrix type_id="opencv-matrix">
  <rows>3</rows>
  <cols>3</cols>
  <dt>d</dt>
  <data>
    -7.0050386613971138e-01 -7.1336607757686021e-01
    -2.0079165468771865e-02 1.6655606764805098e-02
    1.1785910093287333e-02 -9.9979181987380206e-01
    7.1345422017576809e-01 -7.0069246584066969e-01
    3.6254692811488187e-03</data></rotationMatrix>
<offsetMatrix type_id="opencv-matrix">
  <rows>3</rows>
  <cols>1</cols>
  <dt>d</dt>
  <data>
    -2.7252243938526349e+03 1.3392034716052319e+03
    -4.5288936925204043e+03</data></offsetMatrix>
<deltaXY>
  0. 0.</deltaXY>
<headLocation>
  0. 0.</headLocation>
<pointA>
  0. 0.</pointA>
<pointB>
  0. 0.</pointB>
<pointV>
  0. 0.</pointV>
<cameraLocation>
  1.2998228759765625e+03 -5.1332280273437500e+03 1.3006237792968750e+03</cameraLocation>
<extrinsicMatrix type_id="opencv-matrix">
  <rows>4</rows>
  <cols>4</cols>
  <dt>d</dt>
  <data>
    -7.0050386613971138e-01 -7.1336607757686021e-01
    -2.0079165468771865e-02 -2.7252243938526349e+03
    1.6655606764805098e-02 1.1785910093287333e-02
    -9.9979181987380206e-01 1.3392034716052319e+03
    7.1345422017576809e-01 -7.0069246584066969e-01
    3.6254692811488187e-03 -4.5288936925204043e+03 0. 0. 0. 1.</data></extrinsicMatrix>
 <!-- resumed -->

<bsd_deltaXY>
  1950. -8725.</bsd_deltaXY>
<yaw>-4.5516660216632935e+01</yaw>
<pitch>-8.9703547212191154e+01</pitch>
<roll>1.7863795726171264e+02</roll>
<avg_reprojection_error>2.3129782080650330e-01</avg_reprojection_error>
</opencv_storage>
