<?xml version="1.0"?>
<opencv_storage>
<camera_name>cam_flb</camera_name>
<calibration_time>""</calibration_time>
<undistort>1</undistort>
<rotationMatrix type_id="opencv-matrix">
  <rows>3</rows>
  <cols>3</cols>
  <dt>d</dt>
  <data>
    -6.6969008565137911e-01 7.4246608255249769e-01
    1.6102963683611471e-02 -1.0564103777647157e-02
    1.2157052946515125e-02 -9.9987029447575371e-01
    -7.4256554518212281e-01 -6.6977333652721860e-01
    -2.9796908155233978e-04</data></rotationMatrix>
<offsetMatrix type_id="opencv-matrix">
  <rows>3</rows>
  <cols>1</cols>
  <dt>d</dt>
  <data>
    7.8567802947436485e+03 1.4312041891832278e+03
    -6.3997293000092477e+03</data></offsetMatrix>
<deltaXY>
  1820. -5225.</deltaXY>
<headLocation>
  1820. -5225.</headLocation>
<pointV>
  -3.0931418899828947e+02 5.6841620987108593e+02</pointV>
<extrinsicMatrix type_id="opencv-matrix">
  <rows>4</rows>
  <cols>4</cols>
  <dt>d</dt>
  <data>
    -6.6969008565137911e-01 7.4246608255249769e-01
    1.6102963683611471e-02 7.8567802947436485e+03
    -1.0564103777647157e-02 1.2157052946515125e-02
    -9.9987029447575371e-01 1.4312041891832278e+03
    -7.4256554518212281e-01 -6.6977333652721860e-01
    -2.9796908155233978e-04 -6.3997293000092477e+03 0. 0. 0. 1.</data></extrinsicMatrix>
</opencv_storage>
