<?xml version="1.0"?>
<opencv_storage>
<camera_name>cam_flb</camera_name>
<camera_model>FISHEYE</camera_model>
<calibration_time>""</calibration_time>
<camIntrinsicMat type_id="opencv-matrix">
  <rows>3</rows>
  <cols>3</cols>
  <dt>d</dt>
  <data>
    1.1450150146484375e+03 0. 9.5997314453125000e+02 0.
    1.1440616455078125e+03 5.8918206787109375e+02 0. 0. 1.</data></camIntrinsicMat>
<distortion_coefficients type_id="opencv-matrix">
  <rows>4</rows>
  <cols>1</cols>
  <dt>d</dt>
  <data>
    -4.9206141382455826e-02 7.2164684534072876e-02
    -1.6725121438503265e-01 1.1044209450483322e-01</data></distortion_coefficients>
<camIntriMatrix type_id="opencv-matrix">
  <rows>3</rows>
  <cols>4</cols>
  <dt>d</dt>
  <data>
    1.1450150146484375e+03 0. 9.5997314453125000e+02 0. 0.
    1.1440616455078125e+03 5.8918206787109375e+02 0. 0. 0. 1. 0.</data></camIntriMatrix>
<avg_reprojection_error>0</avg_reprojection_error>
</opencv_storage>
