<?xml version="1.0"?>
<opencv_storage>
<camera_name>RC</camera_name>
<calibration_time>"2022-09-22 19:55:46"</calibration_time>
<undistort>1</undistort>
<rotationMatrix type_id="opencv-matrix">
  <rows>3</rows>
  <cols>3</cols>
  <dt>d</dt>
  <data>
    9.9964009148796218e-01 2.6276592263509403e-02
    -5.4063101054232015e-03 -6.2505823147778680e-03
    3.2155001858846455e-02 -9.9946334904096590e-01
    -2.6088650993581663e-02 9.9913742626050939e-01
    3.2307673002867777e-02</data></rotationMatrix>
<offsetMatrix type_id="opencv-matrix">
  <rows>3</rows>
  <cols>1</cols>
  <dt>d</dt>
  <data>
    -1.9715054517722308e+03 1.4088592825423898e+03
    3.9010302264530710e+03</data></offsetMatrix>
<deltaXY>
  2060. -3900.</deltaXY>
<headLocation>
  2060. -3900.</headLocation>
<pointA>
  1.1643766707257419e+02 1.9105641694550611e+03</pointA>
<pointB>
  2.8104643218403917e+03 1.9192251165216480e+03</pointB>
<pointV>
  1.5235567626953125e+03 1.0399396972656250e+03</pointV>
<cameraLocation>
  2.0813747558593750e+03 -3.8911628417968750e+03 1.2714114990234375e+03</cameraLocation>
<extrinsicMatrix type_id="opencv-matrix">
  <rows>4</rows>
  <cols>4</cols>
  <dt>d</dt>
  <data>
    9.9964009148796218e-01 2.6276592263509403e-02
    -5.4063101054232015e-03 -1.9715054517722308e+03
    -6.2505823147778680e-03 3.2155001858846455e-02
    -9.9946334904096590e-01 1.4088592825423898e+03
    -2.6088650993581663e-02 9.9913742626050939e-01
    3.2307673002867777e-02 3.9010302264530710e+03 0. 0. 0. 1.</data></extrinsicMatrix>
 <!-- resumed -->

<yaw_z>1.4949391719250862e+00</yaw_z>
<pitch_x>8.8147953921073977e+01</pitch_x>
<roll_z>-3.5825625831727603e-01</roll_z>
</opencv_storage>
