<?xml version="1.0"?>
<opencv_storage>
<camera_name>FC60</camera_name>
<camera_model>PINHOLE</camera_model>
<calibration_time>"2022-07-05 14:53:11"</calibration_time>
<camIntrinsicMat type_id="opencv-matrix">
  <rows>3</rows>
  <cols>3</cols>
  <dt>d</dt>
  <data>
    2.6465526470507452e+03 0. 1.4539543406633986e+03 0.
    2.6465339635951927e+03 9.5476692495000236e+02 0. 0. 1.</data></camIntrinsicMat>
<distortion_coefficients type_id="opencv-matrix">
  <rows>1</rows>
  <cols>5</cols>
  <dt>d</dt>
  <data>
    -3.4662297442163403e-01 -1.9878605243281616e-01
    -2.0937820142829500e-03 -8.7711653693732202e-04
    4.7343960173689942e-01</data></distortion_coefficients>
<camIntriMatrix type_id="opencv-matrix">
  <rows>3</rows>
  <cols>4</cols>
  <dt>d</dt>
  <data>
    2.6465526470507452e+03 0. 1.4539543406633986e+03 0. 0.
    2.6465339635951927e+03 9.5476692495000236e+02 0. 0. 0. 1. 0.</data></camIntriMatrix>
<avg_reprojection_error>2.0220319797172748e-01</avg_reprojection_error>
</opencv_storage>
