<?xml version="1.0"?>
<opencv_storage>
<camera_name>FC120</camera_name>
<calibration_time>"2021-12-04 13:47:21"</calibration_time>
<camIntrinsicMat type_id="opencv-matrix">
  <rows>3</rows>
  <cols>3</cols>
  <dt>d</dt>
  <data>
    9.8138369198372402e+02 0. 9.6071579153770062e+02 0.
    9.8076407831746462e+02 6.0756097215109980e+02 0. 0. 1.</data></camIntrinsicMat>
<distortion_coefficients type_id="opencv-matrix">
  <rows>5</rows>
  <cols>1</cols>
  <dt>d</dt>
  <data>
    -3.0493948358003137e-01 8.9202614778998324e-02
    2.8258258244745954e-04 9.9572337682645104e-07
    -1.1551497195332799e-02</data></distortion_coefficients>
<undistort_roi>
  0 0 0 0</undistort_roi>
<camIntriMatrix type_id="opencv-matrix">
  <rows>3</rows>
  <cols>4</cols>
  <dt>d</dt>
  <data>
    9.8138369198372402e+02 0. 9.6071579153770062e+02 0. 0.
    9.8076407831746462e+02 6.0756097215109980e+02 0. 0. 0. 1. 0.</data></camIntriMatrix>
<avg_reprojection_error>1.2130810112689625e+00</avg_reprojection_error>
</opencv_storage>
