<?xml version="1.0"?>
<opencv_storage>
<camera_name>FC120</camera_name>
<camera_model>FISHEYE</camera_model>
<calibration_time>"2022-06-22 16:12:17"</calibration_time>
<camIntrinsicMat type_id="opencv-matrix">
  <rows>3</rows>
  <cols>3</cols>
  <dt>d</dt>
  <data>
    9.8182974025950398e+02 0. 9.6898505742569239e+02 0.
    9.8197830771104736e+02 5.9929933178999613e+02 0. 0. 1.</data></camIntrinsicMat>
<distortion_coefficients type_id="opencv-matrix">
  <rows>4</rows>
  <cols>1</cols>
  <dt>d</dt>
  <data>
    -3.3827273057428130e-02 -2.5499749663341419e-02
    2.1458260096898173e-02 -1.0517327125594054e-02</data></distortion_coefficients>
<camIntriMatrix type_id="opencv-matrix">
  <rows>3</rows>
  <cols>4</cols>
  <dt>d</dt>
  <data>
    9.8182974025950398e+02 0. 9.6898505742569239e+02 0. 0.
    9.8197830771104736e+02 5.9929933178999613e+02 0. 0. 0. 1. 0.</data></camIntriMatrix>
<avg_reprojection_error>1.9302657636852238e-01</avg_reprojection_error>
</opencv_storage>
