<?xml version="1.0"?>
<opencv_storage>
<camera_name>RR</camera_name>
<calibration_time>"2022-07-17 20:45:44"</calibration_time>
<undistort>1</undistort>
<rotationMatrix type_id="opencv-matrix">
  <rows>3</rows>
  <cols>3</cols>
  <dt>d</dt>
  <data>
    6.6462458245156941e-01 -7.4705802020952516e-01
    1.3359597363024611e-02 -2.8704076103929776e-03
    -2.0432812787665067e-02 -9.9978710779932278e-01
    7.4717195153540639e-01 6.6444474157164435e-01
    -1.5724510693927440e-02</data></rotationMatrix>
<offsetMatrix type_id="opencv-matrix">
  <rows>3</rows>
  <cols>1</cols>
  <dt>d</dt>
  <data>
    -9.3226792792804929e+02 1.7140037361068573e+03
    -9.5799978961410420e+02</data></offsetMatrix>
<deltaXY>
  0. 0.</deltaXY>
<headLocation>
  0. 0.</headLocation>
<pointA>
  0. 0.</pointA>
<pointB>
  0. 0.</pointB>
<pointV>
  0. 0.</pointV>
<cameraLocation>
  1.3403186035156250e+03 -2.4898391723632812e+01 1.7110295410156250e+03</cameraLocation>
<extrinsicMatrix type_id="opencv-matrix">
  <rows>4</rows>
  <cols>4</cols>
  <dt>d</dt>
  <data>
    6.6462458245156941e-01 -7.4705802020952516e-01
    1.3359597363024611e-02 -9.3226792792804929e+02
    -2.8704076103929776e-03 -2.0432812787665067e-02
    -9.9978710779932278e-01 1.7140037361068573e+03
    7.4717195153540639e-01 6.6444474157164435e-01
    -1.5724510693927440e-02 -9.5799978961410420e+02 0. 0. 0. 1.</data></extrinsicMatrix>
 <!-- resumed -->

<bsd_deltaXY>
  2200. 3080.</bsd_deltaXY>
<yaw>-4.8345994295030479e+01</yaw>
<pitch>9.1355688294365223e+01</pitch>
<roll>-2.4744979853879656e-01</roll>
<avg_reprojection_error>3.7502914667129517e-01</avg_reprojection_error>
</opencv_storage>
