<?xml version="1.0"?>
<opencv_storage>
<camera_name>RR</camera_name>
<camera_model>FISHEYE</camera_model>
<calibration_time>"2022-07-17 20:23:39"</calibration_time>
<camIntrinsicMat type_id="opencv-matrix">
  <rows>3</rows>
  <cols>3</cols>
  <dt>d</dt>
  <data>
    1.4208503821407912e+03 0. 1.4239972403892789e+03 0.
    1.4214538524946397e+03 8.9985328603876508e+02 0. 0. 1.</data></camIntrinsicMat>
<distortion_coefficients type_id="opencv-matrix">
  <rows>4</rows>
  <cols>1</cols>
  <dt>d</dt>
  <data>
    1.7771221551003209e-02 1.1117847427809538e-02
    -7.9798921572966988e-03 5.3595736614287610e-04</data></distortion_coefficients>
<camIntriMatrix type_id="opencv-matrix">
  <rows>3</rows>
  <cols>4</cols>
  <dt>d</dt>
  <data>
    1.4208503821407912e+03 0. 1.4239972403892789e+03 0. 0.
    1.4214538524946397e+03 8.9985328603876508e+02 0. 0. 0. 1. 0.</data></camIntriMatrix>
<avg_reprojection_error>3.0184517702609992e-01</avg_reprojection_error>
</opencv_storage>
