<?xml version="1.0"?>
<opencv_storage>
<calibration_time>"2020/08/11 22:20:17"</calibration_time>
<camIntrinsicMat type_id="opencv-matrix">
  <rows>3</rows>
  <cols>3</cols>
  <dt>d</dt>
  <data>
    1.9532776298375331e+03 0. 9.6412653162153492e+02 0.
    1.9526034587228162e+03 5.9917389521613416e+02 0. 0. 1.</data></camIntrinsicMat>
<distortion_coefficients type_id="opencv-matrix">
  <rows>5</rows>
  <cols>1</cols>
  <dt>d</dt>
  <data>
    -4.7298605512525604e-01 8.9224410797335438e-02
    -1.3288735036565298e-03 -8.9367852053615489e-05
    2.4168819480808656e-01</data></distortion_coefficients>
<undistort_roi>
  0 0 0 0</undistort_roi>
<camIntriMatrix type_id="opencv-matrix">
  <rows>3</rows>
  <cols>4</cols>
  <dt>d</dt>
  <data>
    1.9532776298375331e+03 0. 9.6412653162153492e+02 0. 0.
    1.9526034587228162e+03 5.9917389521613416e+02 0. 0. 0. 1. 0.</data></camIntriMatrix>
<avg_reprojection_error>7.5466297346321376e-01</avg_reprojection_error>
</opencv_storage>
