<?xml version="1.0"?>
<opencv_storage>
<camera_name>RC</camera_name>
<calibration_time>"2021-12-04 15:49:40"</calibration_time>
<undistort>1</undistort>
<rotationMatrix type_id="opencv-matrix">
  <rows>3</rows>
  <cols>3</cols>
  <dt>d</dt>
  <data>
    9.9997835616438979e-01 -6.5781690912384647e-03
    -1.2204168070864525e-04 1.6484738649780542e-05
    2.1054340195825381e-02 -9.9977833267538452e-01
    6.5792804331588515e-03 9.9975669162568026e-01 2.1053992938545565e-02</data></rotationMatrix>
<offsetMatrix type_id="opencv-matrix">
  <rows>3</rows>
  <cols>1</cols>
  <dt>d</dt>
  <data>
    -1.8397851974844450e+03 1.5540522671828164e+03
    5.9946697119005403e+03</data></offsetMatrix>
<deltaXY>
  1745. -5995.</deltaXY>
<headLocation>
  1745. -5995.</headLocation>
<pointA>
  3.6465876397812269e+02 1.1053648911793071e+03</pointA>
<pointB>
  1.5062291082788233e+03 1.1034411485657720e+03</pointB>
<pointV>
  9.5127441406250000e+02 6.4029467773437500e+02</pointV>
<cameraLocation>
  1.8002791748046875e+03 -6.0380332031250000e+03 1.4272714843750000e+03</cameraLocation>
<extrinsicMatrix type_id="opencv-matrix">
  <rows>4</rows>
  <cols>4</cols>
  <dt>d</dt>
  <data>
    9.9997835616438979e-01 -6.5781690912384647e-03
    -1.2204168070864525e-04 -1.8397851974844450e+03
    1.6484738649780542e-05 2.1054340195825381e-02
    -9.9977833267538452e-01 1.5540522671828164e+03
    6.5792804331588515e-03 9.9975669162568026e-01 2.1053992938545565e-02
    5.9946697119005403e+03 0. 0. 0. 1.</data></extrinsicMatrix>
 <!-- resumed -->

<offsetValue>
  -1.8397851974844450e+03 1.5540522671828164e+03 5.9946697119005403e+03</offsetValue>
<yaw_z>3.7698762216422588e-01</yaw_z>
<pitch_x>8.8793586191378822e+01</pitch_x>
<roll_z>0.</roll_z>
</opencv_storage>
