<?xml version="1.0"?>
<opencv_storage>
<camera_name>FC60</camera_name>
<calibration_time>"2022-08-27 13:24:40"</calibration_time>
<undistort>1</undistort>
<rotationMatrix type_id="opencv-matrix">
  <rows>3</rows>
  <cols>3</cols>
  <dt>d</dt>
  <data>
    9.9997120813944274e-01 -7.5565853763581124e-03
    6.9347645461718954e-04 7.4545368013335955e-04 6.8777569174887287e-03
    -9.9997607009297718e-01 7.5516349854897876e-03
    9.9994779587598170e-01 6.8831919784486618e-03</data></rotationMatrix>
<offsetMatrix type_id="opencv-matrix">
  <rows>3</rows>
  <cols>1</cols>
  <dt>d</dt>
  <data>
    -1.8671153602124573e+03 1.4644897446963666e+03
    5.3306861115037491e+03</data></offsetMatrix>
<deltaXY>
  1800. -5235.</deltaXY>
<headLocation>
  1800. -5235.</headLocation>
<pointA>
  2.8657656606650426e+02 1.1316767960544694e+03</pointA>
<pointB>
  1.6229893209254590e+03 1.1299107518488902e+03</pointB>
<pointV>
  9.5899047851562500e+02 6.0781030273437500e+02</pointV>
<cameraLocation>
  1.8257144775390625e+03 -5.3545893554687500e+03 1.4290573730468750e+03</cameraLocation>
<extrinsicMatrix type_id="opencv-matrix">
  <rows>4</rows>
  <cols>4</cols>
  <dt>d</dt>
  <data>
    9.9997120813944274e-01 -7.5565853763581124e-03
    6.9347645461718954e-04 -1.8671153602124573e+03
    7.4545368013335955e-04 6.8777569174887287e-03
    -9.9997607009297718e-01 1.4644897446963666e+03
    7.5516349854897876e-03 9.9994779587598170e-01 6.8831919784486618e-03
    5.3306861115037491e+03 0. 0. 0. 1.</data></extrinsicMatrix>
 <!-- resumed -->

<yaw_z>4.3297481619295258e-01</yaw_z>
<pitch_x>8.9605927910125118e+01</pitch_x>
<roll_z>0.</roll_z>
</opencv_storage>
