<?xml version="1.0"?>
<opencv_storage>
<camera_name>FC60</camera_name>
<camera_model>PINHOLE</camera_model>
<calibration_time>"2021-12-16 23:51:25"</calibration_time>
<camIntrinsicMat type_id="opencv-matrix">
  <rows>3</rows>
  <cols>3</cols>
  <dt>d</dt>
  <data>
    1.9621008057996239e+03 0. 9.7381803483125941e+02 0.
    1.9558198594558387e+03 5.9435794689818840e+02 0. 0. 1.</data></camIntrinsicMat>
<distortion_coefficients type_id="opencv-matrix">
  <rows>1</rows>
  <cols>5</cols>
  <dt>d</dt>
  <data>
    -4.9154957001753458e-01 2.3017588772278039e-01
    2.1944237577327212e-03 -1.8173312570186717e-03
    -4.7437822366783934e-02</data></distortion_coefficients>
<camIntriMatrix type_id="opencv-matrix">
  <rows>3</rows>
  <cols>4</cols>
  <dt>d</dt>
  <data>
    1.9621008057996239e+03 0. 9.7381803483125941e+02 0. 0.
    1.9558198594558387e+03 5.9435794689818840e+02 0. 0. 0. 1. 0.</data></camIntriMatrix>
<avg_reprojection_error>7.7253783700619194e-01</avg_reprojection_error>
</opencv_storage>
