<?xml version="1.0"?>
<opencv_storage>
<camera_name>FR</camera_name>
<calibration_time>"2022-06-21 12:25:28"</calibration_time>
<undistort>1</undistort>
<rotationMatrix type_id="opencv-matrix">
  <rows>3</rows>
  <cols>3</cols>
  <dt>d</dt>
  <data>
    -6.8564863400000442e-01 -7.2770805091813118e-01
    1.8081574125683952e-02 -9.9944163762354377e-03
    -1.5426325706057731e-02 -9.9983105578718123e-01
    7.2786404110604774e-01 -6.8571351241181300e-01
    3.3040218867834703e-03</data></rotationMatrix>
<offsetMatrix type_id="opencv-matrix">
  <rows>3</rows>
  <cols>1</cols>
  <dt>d</dt>
  <data>
    -2.8045758862406074e+03 1.2084550873407507e+03
    -4.4196217404419103e+03</data></offsetMatrix>
<deltaXY>
  0. 0.</deltaXY>
<headLocation>
  0. 0.</headLocation>
<pointA>
  0. 0.</pointA>
<pointB>
  0. 0.</pointB>
<pointV>
  0. 0.</pointV>
<cameraLocation>
  1.3060079345703125e+03 -5.0528647460937500e+03 1.2735645751953125e+03</cameraLocation>
<extrinsicMatrix type_id="opencv-matrix">
  <rows>4</rows>
  <cols>4</cols>
  <dt>d</dt>
  <data>
    -6.8564863400000442e-01 -7.2770805091813118e-01
    1.8081574125683952e-02 -2.8045758862406074e+03
    -9.9944163762354377e-03 -1.5426325706057731e-02
    -9.9983105578718123e-01 1.2084550873407507e+03
    7.2786404110604774e-01 -6.8571351241181300e-01
    3.3040218867834703e-03 -4.4196217404419103e+03 0. 0. 0. 1.</data></extrinsicMatrix>
 <!-- resumed -->

<bsd_deltaXY>
  2280. -8555.</bsd_deltaXY>
<yaw>-4.6707627333303307e+01</yaw>
<pitch>-8.9723929832063206e+01</pitch>
<roll>-1.7916488227876920e+02</roll>
<avg_reprojection_error>4.7921040654182434e-01</avg_reprojection_error>
</opencv_storage>
