<?xml version="1.0"?>
<opencv_storage>
<camera_name>FR</camera_name>
<camera_model>FISHEYE</camera_model>
<calibration_time>"2022-06-17 23:16:33"</calibration_time>
<camIntrinsicMat type_id="opencv-matrix">
  <rows>3</rows>
  <cols>3</cols>
  <dt>d</dt>
  <data>
    1.1511302957551088e+03 0. 9.6802601980659585e+02 0.
    1.1509712179418113e+03 5.9724619777623900e+02 0. 0. 1.</data></camIntrinsicMat>
<distortion_coefficients type_id="opencv-matrix">
  <rows>4</rows>
  <cols>1</cols>
  <dt>d</dt>
  <data>
    -3.6167670795829741e-02 -1.6558153083458548e-02
    2.3627008643727635e-02 -2.1862013670424511e-02</data></distortion_coefficients>
<camIntriMatrix type_id="opencv-matrix">
  <rows>3</rows>
  <cols>4</cols>
  <dt>d</dt>
  <data>
    1.1511302957551088e+03 0. 9.6802601980659585e+02 0. 0.
    1.1509712179418113e+03 5.9724619777623900e+02 0. 0. 0. 1. 0.</data></camIntriMatrix>
<avg_reprojection_error>2.4154250154432652e-01</avg_reprojection_error>
</opencv_storage>
