<?xml version="1.0"?>
<opencv_storage>
<camera_name>FL</camera_name>
<camera_model>FISHEYE</camera_model>
<calibration_time>"2022-03-24 19:34:51"</calibration_time>
<camIntrinsicMat type_id="opencv-matrix">
  <rows>3</rows>
  <cols>3</cols>
  <dt>d</dt>
  <data>
    1.1554248381995358e+03 0. 9.6929361338018418e+02 0.
    1.1550605711850169e+03 5.9919458837634409e+02 0. 0. 1.</data></camIntrinsicMat>
<distortion_coefficients type_id="opencv-matrix">
  <rows>4</rows>
  <cols>1</cols>
  <dt>d</dt>
  <data>
    -3.5660594814694350e-02 -8.3223681920803223e-03
    -1.1459192283031052e-02 1.1459966861997397e-02</data></distortion_coefficients>
<camIntriMatrix type_id="opencv-matrix">
  <rows>3</rows>
  <cols>4</cols>
  <dt>d</dt>
  <data>
    1.1554248381995358e+03 0. 9.6929361338018418e+02 0. 0.
    1.1550605711850169e+03 5.9919458837634409e+02 0. 0. 0. 1. 0.</data></camIntriMatrix>
<avg_reprojection_error>3.3329958707246421e-01</avg_reprojection_error>
</opencv_storage>
