<?xml version="1.0"?>
<opencv_storage>
<camera_name>FC120</camera_name>
<calibration_time>"2023-02-14 09:35:16"</calibration_time>
<undistort>1</undistort>
<rotationMatrix type_id="opencv-matrix">
  <rows>3</rows>
  <cols>3</cols>
  <dt>d</dt>
  <data>
    9.9992872542664601e-01 -1.1436367593128506e-02
    -3.4283469658220574e-03 -3.3265556482545817e-03
    8.9078480403458286e-03 -9.9995479111348295e-01
    1.1466389761484943e-02 9.9989492434933624e-01 8.8691694240648142e-03</data></rotationMatrix>
<offsetMatrix type_id="opencv-matrix">
  <rows>3</rows>
  <cols>1</cols>
  <dt>d</dt>
  <data>
    -1.4919352823757881e+03 1.4821752477189975e+03
    3.2367563291010533e+03</data></offsetMatrix>
<deltaXY>
  1540. -3140.</deltaXY>
<headLocation>
  1540. -3140.</headLocation>
<pointA>
  5.1438048949699919e+02 1.0366475131235281e+03</pointA>
<pointB>
  1.4447941219628563e+03 1.0287081156452680e+03</pointB>
<pointV>
  9.5355462646484375e+02 5.9792633056640625e+02</pointV>
<cameraLocation>
  1.4596456298828125e+03 -3.2666816406250000e+03 1.4482860107421875e+03</cameraLocation>
<extrinsicMatrix type_id="opencv-matrix">
  <rows>4</rows>
  <cols>4</cols>
  <dt>d</dt>
  <data>
    9.9992872542664601e-01 -1.1436367593128506e-02
    -3.4283469658220574e-03 -1.4919352823757881e+03
    -3.3265556482545817e-03 8.9078480403458286e-03
    -9.9995479111348295e-01 1.4821752477189975e+03
    1.1466389761484943e-02 9.9989492434933624e-01 8.8691694240648142e-03
    3.2367563291010533e+03 0. 0. 0. 1.</data></extrinsicMatrix>
 <!-- resumed -->

<yaw_z>6.5529587285128088e-01</yaw_z>
<pitch_x>8.9489609788559790e+01</pitch_x>
<roll_z>0.</roll_z>
</opencv_storage>
