<?xml version="1.0"?>
<opencv_storage>
<camera_name>FC120</camera_name>
<camera_model>FISHEYE</camera_model>
<calibration_time>"2022-12-20 16:22:16"</calibration_time>
<camIntrinsicMat type_id="opencv-matrix">
  <rows>3</rows>
  <cols>3</cols>
  <dt>d</dt>
  <data>
    9.7703302413888684e+02 0. 9.6472950948762673e+02 0.
    9.7708304514908980e+02 5.8922170863360645e+02 0. 0. 1.</data></camIntrinsicMat>
<distortion_coefficients type_id="opencv-matrix">
  <rows>4</rows>
  <cols>1</cols>
  <dt>d</dt>
  <data>
    -2.8889175570892274e-02 -3.2002081596073505e-02
    2.5755877256777904e-02 -1.1236425839651204e-02</data></distortion_coefficients>
<camIntriMatrix type_id="opencv-matrix">
  <rows>3</rows>
  <cols>4</cols>
  <dt>d</dt>
  <data>
    9.7703302413888684e+02 0. 9.6472950948762673e+02 0. 0.
    9.7708304514908980e+02 5.8922170863360645e+02 0. 0. 0. 1. 0.</data></camIntriMatrix>
<avg_reprojection_error>1.7707556883582912e-01</avg_reprojection_error>
</opencv_storage>
