<?xml version="1.0"?>
<opencv_storage>
<camera_name>FR</camera_name>
<calibration_time>"2022-07-29 13:34:02"</calibration_time>
<undistort>1</undistort>
<rotationMatrix type_id="opencv-matrix">
  <rows>3</rows>
  <cols>3</cols>
  <dt>d</dt>
  <data>
    -5.7754972830817319e-01 -8.1591522922025739e-01
    2.6807649236927134e-02 4.3788922486425019e-02
    -6.3753715616406192e-02 -9.9700451052770067e-01
    8.1518025098663494e-01 -5.7464580610281757e-01
    7.2548989860711455e-02</data></rotationMatrix>
<offsetMatrix type_id="opencv-matrix">
  <rows>3</rows>
  <cols>1</cols>
  <dt>d</dt>
  <data>
    6.0045627453544671e+02 1.6372338937831407e+03
    -1.2713577884919939e+03</data></offsetMatrix>
<deltaXY>
  0. 0.</deltaXY>
<headLocation>
  0. 0.</headLocation>
<pointA>
  0. 0.</pointA>
<pointB>
  0. 0.</pointB>
<pointV>
  0. 0.</pointV>
<cameraLocation>
  1.3114864501953125e+03 -1.3627925109863281e+02 1.7084685058593750e+03</cameraLocation>
<extrinsicMatrix type_id="opencv-matrix">
  <rows>4</rows>
  <cols>4</cols>
  <dt>d</dt>
  <data>
    -5.7754972830817319e-01 -8.1591522922025739e-01
    2.6807649236927134e-02 6.0045627453544671e+02 4.3788922486425019e-02
    -6.3753715616406192e-02 -9.9700451052770067e-01
    1.6372338937831407e+03 8.1518025098663494e-01
    -5.7464580610281757e-01 7.2548989860711455e-02
    -1.2713577884919939e+03 0. 0. 0. 1.</data></extrinsicMatrix>
 <!-- resumed -->

<bsd_deltaXY>
  2485. -4450.</bsd_deltaXY>
<yaw>-5.4605188260517679e+01</yaw>
<pitch>-8.2804480887231406e+01</pitch>
<roll>1.7566421836623618e+02</roll>
<avg_reprojection_error>1.0315471887588501e+00</avg_reprojection_error>
</opencv_storage>
