<?xml version="1.0"?>
<opencv_storage>
<camera_name>FR</camera_name>
<camera_model>FISHEYE</camera_model>
<calibration_time>"2022-07-12 01:20:17"</calibration_time>
<camIntrinsicMat type_id="opencv-matrix">
  <rows>3</rows>
  <cols>3</cols>
  <dt>d</dt>
  <data>
    1.4177924305024762e+03 0. 1.4186470086206018e+03 0.
    1.4179619082054569e+03 9.2009108030003858e+02 0. 0. 1.</data></camIntrinsicMat>
<distortion_coefficients type_id="opencv-matrix">
  <rows>4</rows>
  <cols>1</cols>
  <dt>d</dt>
  <data>
    2.0151241753561859e-02 6.6594972662359347e-03
    -6.7444914415821944e-03 2.8235515471396345e-03</data></distortion_coefficients>
<camIntriMatrix type_id="opencv-matrix">
  <rows>3</rows>
  <cols>4</cols>
  <dt>d</dt>
  <data>
    1.4177924305024762e+03 0. 1.4186470086206018e+03 0. 0.
    1.4179619082054569e+03 9.2009108030003858e+02 0. 0. 0. 1. 0.</data></camIntriMatrix>
<avg_reprojection_error>2.2731064170772197e-01</avg_reprojection_error>
</opencv_storage>
