<?xml version="1.0"?>
<opencv_storage>
<camera_name>FL</camera_name>
<calibration_time>"2022-12-12 11:59:05"</calibration_time>
<undistort>1</undistort>
<rotationMatrix type_id="opencv-matrix">
  <rows>3</rows>
  <cols>3</cols>
  <dt>d</dt>
  <data>
    -6.9827410709064752e-01 7.1536979109579746e-01
    2.5677487305301616e-02 -1.0171657775933540e-02
    2.5951480462767962e-02 -9.9961145353576242e-01
    -7.1575820550298130e-01 -6.9826397776868421e-01
    -1.0844750149552218e-02</data></rotationMatrix>
<offsetMatrix type_id="opencv-matrix">
  <rows>3</rows>
  <cols>1</cols>
  <dt>d</dt>
  <data>
    2.6514360983736187e+03 1.4027076072477132e+03
    -4.4798455434216703e+03</data></offsetMatrix>
<deltaXY>
  0. 0.</deltaXY>
<headLocation>
  0. 0.</headLocation>
<pointA>
  0. 0.</pointA>
<pointB>
  0. 0.</pointB>
<pointV>
  0. 0.</pointV>
<cameraLocation>
  -1.3407891845703125e+03 -5.0612744140625000e+03 1.2854975585937500e+03</cameraLocation>
<extrinsicMatrix type_id="opencv-matrix">
  <rows>4</rows>
  <cols>4</cols>
  <dt>d</dt>
  <data>
    -6.9827410709064752e-01 7.1536979109579746e-01
    2.5677487305301616e-02 2.6514360983736187e+03
    -1.0171657775933540e-02 2.5951480462767962e-02
    -9.9961145353576242e-01 1.4027076072477132e+03
    -7.1575820550298130e-01 -6.9826397776868421e-01
    -1.0844750149552218e-02 -4.4798455434216703e+03 0. 0. 0. 1.</data></extrinsicMatrix>
 <!-- resumed -->

<bsd_deltaXY>
  -3130. -8685.</bsd_deltaXY>
<yaw>4.5705372305981761e+01</yaw>
<pitch>-9.0889790223535101e+01</pitch>
<roll>-1.7916543970490395e+02</roll>
<avg_reprojection_error>6.7208117246627808e-01</avg_reprojection_error>
</opencv_storage>
