<?xml version="1.0"?>
<opencv_storage>
<camera_name>FL</camera_name>
<camera_model>FISHEYE</camera_model>
<calibration_time>"2022-12-11 13:58:49"</calibration_time>
<camIntrinsicMat type_id="opencv-matrix">
  <rows>3</rows>
  <cols>3</cols>
  <dt>d</dt>
  <data>
    1.1533701122760049e+03 0. 9.6786170571734965e+02 0.
    1.1500035046192872e+03 5.9241109803411427e+02 0. 0. 1.</data></camIntrinsicMat>
<distortion_coefficients type_id="opencv-matrix">
  <rows>4</rows>
  <cols>1</cols>
  <dt>d</dt>
  <data>
    -4.2861876073871201e-02 6.8287251338433998e-03
    -1.7946847510345771e-02 4.7234399857516412e-03</data></distortion_coefficients>
<camIntriMatrix type_id="opencv-matrix">
  <rows>3</rows>
  <cols>4</cols>
  <dt>d</dt>
  <data>
    1.1533701122760049e+03 0. 9.6786170571734965e+02 0. 0.
    1.1500035046192872e+03 5.9241109803411427e+02 0. 0. 0. 1. 0.</data></camIntriMatrix>
<avg_reprojection_error>2.5612511412671030e-01</avg_reprojection_error>
</opencv_storage>
