<?xml version="1.0"?>
<opencv_storage>
<camera_name>RC</camera_name>
<camera_model>PINHOLE</camera_model>
<calibration_time>"2022-07-07 17:22:21"</calibration_time>
<camIntrinsicMat type_id="opencv-matrix">
  <rows>3</rows>
  <cols>3</cols>
  <dt>d</dt>
  <data>
    1.9521226201217733e+03 0. 9.4766962275892763e+02 0.
    1.9508727678793641e+03 6.1081095255955040e+02 0. 0. 1.</data></camIntrinsicMat>
<distortion_coefficients type_id="opencv-matrix">
  <rows>1</rows>
  <cols>5</cols>
  <dt>d</dt>
  <data>
    -5.0796261057053005e-01 3.0253657822864471e-01
    -7.2930732578381865e-04 -1.0030660637674190e-03
    -1.4496390047551203e-01</data></distortion_coefficients>
<camIntriMatrix type_id="opencv-matrix">
  <rows>3</rows>
  <cols>4</cols>
  <dt>d</dt>
  <data>
    1.9521226201217733e+03 0. 9.4766962275892763e+02 0. 0.
    1.9508727678793641e+03 6.1081095255955040e+02 0. 0. 0. 1. 0.</data></camIntriMatrix>
<avg_reprojection_error>1.5697262940858780e-01</avg_reprojection_error>
</opencv_storage>
