<?xml version="1.0"?>
<opencv_storage>
<camera_name>FC120</camera_name>
<camera_model>FISHEYE</camera_model>
<calibration_time>"2022-08-23 05:23:09"</calibration_time>
<camIntrinsicMat type_id="opencv-matrix">
  <rows>3</rows>
  <cols>3</cols>
  <dt>d</dt>
  <data>
    9.8039147350847543e+02 0. 9.6503229456236397e+02 0.
    9.7847570691328792e+02 6.0776180424217227e+02 0. 0. 1.</data></camIntrinsicMat>
<distortion_coefficients type_id="opencv-matrix">
  <rows>4</rows>
  <cols>1</cols>
  <dt>d</dt>
  <data>
    -4.1860605475981555e-02 3.4228298389941433e-03
    -1.8447999113233762e-02 8.6769235981560989e-03</data></distortion_coefficients>
<camIntriMatrix type_id="opencv-matrix">
  <rows>3</rows>
  <cols>4</cols>
  <dt>d</dt>
  <data>
    9.8039147350847543e+02 0. 9.6503229456236397e+02 0. 0.
    9.7847570691328792e+02 6.0776180424217227e+02 0. 0. 0. 1. 0.</data></camIntriMatrix>
<avg_reprojection_error>2.5854370060033954e-01</avg_reprojection_error>
</opencv_storage>
