<?xml version="1.0"?>
<opencv_storage>
<camera_name>RC</camera_name>
<calibration_time>"2022-10-12 06:59:16"</calibration_time>
<undistort>1</undistort>
<rotationMatrix type_id="opencv-matrix">
  <rows>3</rows>
  <cols>3</cols>
  <dt>d</dt>
  <data>
    9.9992046031516724e-01 -2.6558044592473961e-03
    -1.2329628776987287e-02 -1.2354286432485331e-02
    -9.4772523253973239e-03 -9.9987876929911101e-01
    2.5386314912133889e-03 9.9995156302244714e-01
    -9.5093090767324941e-03</data></rotationMatrix>
<offsetMatrix type_id="opencv-matrix">
  <rows>3</rows>
  <cols>1</cols>
  <dt>d</dt>
  <data>
    -1.7989561896121031e+03 1.4195015469069037e+03
    5.3301646274870363e+03</data></offsetMatrix>
<deltaXY>
  1775. -5250.</deltaXY>
<headLocation>
  1775. -5250.</headLocation>
<pointA>
  2.8880259593341054e+02 1.1542358290524526e+03</pointA>
<pointB>
  1.6184429253929698e+03 1.1369762124379502e+03</pointB>
<pointV>
  9.4318225097656250e+02 6.1690557861328125e+02</pointV>
<cameraLocation>
  1.8028187255859375e+03 -5.3212309570312500e+03 1.4478352050781250e+03</cameraLocation>
<extrinsicMatrix type_id="opencv-matrix">
  <rows>4</rows>
  <cols>4</cols>
  <dt>d</dt>
  <data>
    9.9992046031516724e-01 -2.6558044592473961e-03
    -1.2329628776987287e-02 -1.7989561896121031e+03
    -1.2354286432485331e-02 -9.4772523253973239e-03
    -9.9987876929911101e-01 1.4195015469069037e+03
    2.5386314912133889e-03 9.9995156302244714e-01
    -9.5093090767324941e-03 5.3301646274870363e+03 0. 0. 0. 1.</data></extrinsicMatrix>
 <!-- resumed -->

<yaw_z>1.5217339971649743e-01</yaw_z>
<pitch_x>9.0543016203872526e+01</pitch_x>
<roll_z>0.</roll_z>
</opencv_storage>
