<?xml version="1.0"?>
<opencv_storage>
<camera_name>FR</camera_name>
<camera_model>FISHEYE</camera_model>
<calibration_time>"2022-01-22 22:03:52"</calibration_time>
<camIntrinsicMat type_id="opencv-matrix">
  <rows>3</rows>
  <cols>3</cols>
  <dt>d</dt>
  <data>
    1.4228172880834109e+03 0. 1.4486770955939696e+03 0.
    1.4231766568630771e+03 9.2959707461312041e+02 0. 0. 1.</data></camIntrinsicMat>
<distortion_coefficients type_id="opencv-matrix">
  <rows>4</rows>
  <cols>1</cols>
  <dt>d</dt>
  <data>
    2.4953439361206503e-02 -1.3781628551498320e-02
    2.8988579550373005e-02 -1.7566000005661320e-02</data></distortion_coefficients>
<camIntriMatrix type_id="opencv-matrix">
  <rows>3</rows>
  <cols>4</cols>
  <dt>d</dt>
  <data>
    1.4228172880834109e+03 0. 1.4486770955939696e+03 0. 0.
    1.4231766568630771e+03 9.2959707461312041e+02 0. 0. 0. 1. 0.</data></camIntriMatrix>
<avg_reprojection_error>3.6983461252439653e-01</avg_reprojection_error>
</opencv_storage>
