<?xml version="1.0"?>
<opencv_storage>
<camera_name>FR</camera_name>
<calibration_time>"2022-01-24 10:27:05"</calibration_time>
<undistort>1</undistort>
<rotationMatrix type_id="opencv-matrix">
  <rows>3</rows>
  <cols>3</cols>
  <dt>d</dt>
  <data>
    -7.2382710322308275e-01 -6.8997978486292899e-01
    -1.4903423053397868e-03 1.5722906791145019e-02
    -1.4334711481462481e-02 -9.9977362750213605e-01
    6.8980222878859832e-01 -7.2368668118685808e-01
    2.1224340532339570e-02</data></rotationMatrix>
<offsetMatrix type_id="opencv-matrix">
  <rows>3</rows>
  <cols>1</cols>
  <dt>d</dt>
  <data>
    9.1516310243357566e+02 1.6923876728776252e+03
    -1.0594623981381542e+03</data></offsetMatrix>
<deltaXY>
  0. 0.</deltaXY>
<headLocation>
  0. 0.</headLocation>
<pointA>
  0. 0.</pointA>
<pointB>
  0. 0.</pointB>
<pointV>
  0. 0.</pointV>
<cameraLocation>
  1.3666301269531250e+03 -1.1101490020751953e+02 1.7158548583984375e+03</cameraLocation>
<extrinsicMatrix type_id="opencv-matrix">
  <rows>4</rows>
  <cols>4</cols>
  <dt>d</dt>
  <data>
    -7.2382710322308275e-01 -6.8997978486292899e-01
    -1.4903423053397868e-03 9.1516310243357566e+02
    1.5722906791145019e-02 -1.4334711481462481e-02
    -9.9977362750213605e-01 1.6923876728776252e+03
    6.8980222878859832e-01 -7.2368668118685808e-01
    2.1224340532339570e-02 -1.0594623981381542e+03 0. 0. 0. 1.</data></extrinsicMatrix>
 <!-- resumed -->

<bsd_deltaXY>
  2465. -4495.</bsd_deltaXY>
<yaw>-4.3614456294344542e+01</yaw>
<pitch>-8.8320106357744706e+01</pitch>
<roll>1.7875562195746804e+02</roll>
<avg_reprojection_error>4.2462262511253357e-01</avg_reprojection_error>
</opencv_storage>
