<?xml version="1.0"?>
<opencv_storage>
<camera_name>FC60</camera_name>
<calibration_time>"2022-12-07 16:26:55"</calibration_time>
<undistort>1</undistort>
<rotationMatrix type_id="opencv-matrix">
  <rows>3</rows>
  <cols>3</cols>
  <dt>d</dt>
  <data>
    9.9959741462995566e-01 -9.8950609262734544e-03
    -2.6591284932734285e-02 -2.6447911326153983e-02
    1.4348660157588192e-02 -9.9954720945944620e-01
    1.0272129846941232e-02 9.9984809032219846e-01 1.4081179902984036e-02</data></rotationMatrix>
<offsetMatrix type_id="opencv-matrix">
  <rows>3</rows>
  <cols>1</cols>
  <dt>d</dt>
  <data>
    -1.7162747414375838e+03 1.5598371621535671e+03
    5.4152995847581788e+03</data></offsetMatrix>
<deltaXY>
  1600. -5210.</deltaXY>
<headLocation>
  1600. -5210.</headLocation>
<pointA>
  3.3476991709130232e+02 1.1767590492533968e+03</pointA>
<pointB>
  1.4524129461041416e+03 1.1440891641670528e+03</pointB>
<pointV>
  9.3219451904296875e+02 6.4588275146484375e+02</pointV>
<cameraLocation>
  1.7012115478515625e+03 -5.4538413085937500e+03 1.4372391357421875e+03</cameraLocation>
<extrinsicMatrix type_id="opencv-matrix">
  <rows>4</rows>
  <cols>4</cols>
  <dt>d</dt>
  <data>
    9.9959741462995566e-01 -9.8950609262734544e-03
    -2.6591284932734285e-02 -1.7162747414375838e+03
    -2.6447911326153983e-02 1.4348660157588192e-02
    -9.9954720945944620e-01 1.5598371621535671e+03
    1.0272129846941232e-02 9.9984809032219846e-01 1.4081179902984036e-02
    5.4152995847581788e+03 0. 0. 0. 1.</data></extrinsicMatrix>
 <!-- resumed -->

<yaw_z>5.6701284970366295e-01</yaw_z>
<pitch_x>8.9177852634083735e+01</pitch_x>
<roll_z>0.</roll_z>
</opencv_storage>
