<?xml version="1.0"?>
<opencv_storage>
<camera_name>RR</camera_name>
<camera_model>FISHEYE</camera_model>
<calibration_time>"2022-01-22 21:59:57"</calibration_time>
<camIntrinsicMat type_id="opencv-matrix">
  <rows>3</rows>
  <cols>3</cols>
  <dt>d</dt>
  <data>
    1.4251314834680918e+03 0. 1.4384939571275390e+03 0.
    1.4248131344780290e+03 9.2046743655967578e+02 0. 0. 1.</data></camIntrinsicMat>
<distortion_coefficients type_id="opencv-matrix">
  <rows>4</rows>
  <cols>1</cols>
  <dt>d</dt>
  <data>
    2.1610441633640586e-02 1.3686509831820737e-04 6.3108579425166095e-03
    -4.5793188065631815e-03</data></distortion_coefficients>
<camIntriMatrix type_id="opencv-matrix">
  <rows>3</rows>
  <cols>4</cols>
  <dt>d</dt>
  <data>
    1.4251314834680918e+03 0. 1.4384939571275390e+03 0. 0.
    1.4248131344780290e+03 9.2046743655967578e+02 0. 0. 0. 1. 0.</data></camIntriMatrix>
<avg_reprojection_error>4.2630915108013895e-01</avg_reprojection_error>
</opencv_storage>
