<?xml version="1.0"?>
<opencv_storage>
<camera_name>FR</camera_name>
<calibration_time>"2022-12-25 17:39:35"</calibration_time>
<undistort>1</undistort>
<rotationMatrix type_id="opencv-matrix">
  <rows>3</rows>
  <cols>3</cols>
  <dt>d</dt>
  <data>
    -7.1643659310991814e-01 -6.9744059613316312e-01
    -1.7182052219441524e-02 2.9520787325281905e-02
    -5.7001096144088104e-03 -9.9954791374204732e-01
    6.9702735324286169e-01 -7.1661992968086086e-01
    2.4672762622965361e-02</data></rotationMatrix>
<offsetMatrix type_id="opencv-matrix">
  <rows>3</rows>
  <cols>1</cols>
  <dt>d</dt>
  <data>
    -2.5897708147430890e+03 1.1966514688098378e+03
    -4.6001346163955141e+03</data></offsetMatrix>
<deltaXY>
  0. 0.</deltaXY>
<headLocation>
  0. 0.</headLocation>
<pointA>
  0. 0.</pointA>
<pointB>
  0. 0.</pointB>
<pointV>
  0. 0.</pointV>
<cameraLocation>
  1.3156870117187500e+03 -5.0959384765625000e+03 1.2651109619140625e+03</cameraLocation>
<extrinsicMatrix type_id="opencv-matrix">
  <rows>4</rows>
  <cols>4</cols>
  <dt>d</dt>
  <data>
    -7.1643659310991814e-01 -6.9744059613316312e-01
    -1.7182052219441524e-02 -2.5897708147430890e+03
    2.9520787325281905e-02 -5.7001096144088104e-03
    -9.9954791374204732e-01 1.1966514688098378e+03
    6.9702735324286169e-01 -7.1661992968086086e-01
    2.4672762622965361e-02 -4.6001346163955141e+03 0. 0. 0. 1.</data></extrinsicMatrix>
 <!-- resumed -->

<bsd_deltaXY>
  2330. -8605.</bsd_deltaXY>
<yaw>-4.4188992234508035e+01</yaw>
<pitch>-8.8028122109824963e+01</pitch>
<roll>1.7764046078545832e+02</roll>
<avg_reprojection_error>3.6526474356651306e-01</avg_reprojection_error>
</opencv_storage>
