<?xml version="1.0"?>
<opencv_storage>
<camera_name>FR</camera_name>
<camera_model>FISHEYE</camera_model>
<calibration_time>"2022-12-25 17:13:20"</calibration_time>
<camIntrinsicMat type_id="opencv-matrix">
  <rows>3</rows>
  <cols>3</cols>
  <dt>d</dt>
  <data>
    1148.0916725869704 0. 967.77241630032574 0.
    1147.5174632201044 592.13174012032891 0. 0. 1.</data></camIntrinsicMat>
<distortion_coefficients type_id="opencv-matrix">
  <rows>4</rows>
  <cols>1</cols>
  <dt>d</dt>
  <data>
    -0.046261948990624122 0.022992364153863871
    -0.054801975269559787 0.027344250836772607</data></distortion_coefficients>
<camIntriMatrix type_id="opencv-matrix">
  <rows>3</rows>
  <cols>4</cols>
  <dt>d</dt>
  <data>
    1148.0916725869704 0. 967.77241630032574 0. 0.
    1147.5174632201044 592.13174012032891 0. 0. 0. 1. 0.</data></camIntriMatrix>
<avg_reprojection_error>3.1081958201349685e-01</avg_reprojection_error>
</opencv_storage>
