<?xml version="1.0"?>
<opencv_storage>
<camera_name>FR</camera_name>
<calibration_time>"2022-01-24 10:16:18"</calibration_time>
<undistort>1</undistort>
<rotationMatrix type_id="opencv-matrix">
  <rows>3</rows>
  <cols>3</cols>
  <dt>d</dt>
  <data>
    -7.2732572177320987e-01 -6.8629105938757418e-01
    -1.3697633958146271e-03 5.5988371559356209e-03
    -3.9377563379590086e-03 -9.9997657327435652e-01
    6.8626958804072091e-01 -7.2731635199526778e-01
    6.7064633537589069e-03</data></rotationMatrix>
<offsetMatrix type_id="opencv-matrix">
  <rows>3</rows>
  <cols>1</cols>
  <dt>d</dt>
  <data>
    9.1652696234197310e+02 1.7326898390264280e+03
    -1.0099329669976081e+03</data></offsetMatrix>
<deltaXY>
  0. 0.</deltaXY>
<headLocation>
  0. 0.</headLocation>
<pointA>
  0. 0.</pointA>
<pointB>
  0. 0.</pointB>
<pointV>
  0. 0.</pointV>
<cameraLocation>
  1.3499989013671875e+03 -9.8713592529296875e+01 1.7406777343750000e+03</cameraLocation>
<extrinsicMatrix type_id="opencv-matrix">
  <rows>4</rows>
  <cols>4</cols>
  <dt>d</dt>
  <data>
    -7.2732572177320987e-01 -6.8629105938757418e-01
    -1.3697633958146271e-03 9.1652696234197310e+02
    5.5988371559356209e-03 -3.9377563379590086e-03
    -9.9997657327435652e-01 1.7326898390264280e+03
    6.8626958804072091e-01 -7.2731635199526778e-01
    6.7064633537589069e-03 -1.0099329669976081e+03 0. 0. 0. 1.</data></extrinsicMatrix>
 <!-- resumed -->

<bsd_deltaXY>
  2200. -5225.</bsd_deltaXY>
<yaw>-4.3335535665834769e+01</yaw>
<pitch>-8.9471700100040579e+01</pitch>
<roll>1.7955895495852815e+02</roll>
<avg_reprojection_error>5.0458097457885742e-01</avg_reprojection_error>
</opencv_storage>
