<?xml version="1.0"?>
<opencv_storage>
<camera_name>FR</camera_name>
<camera_model>FISHEYE</camera_model>
<calibration_time>"2021-12-24 22:22:51"</calibration_time>
<camIntrinsicMat type_id="opencv-matrix">
  <rows>3</rows>
  <cols>3</cols>
  <dt>d</dt>
  <data>
    1.4277209145750949e+03 0. 1.4604080319532750e+03 0.
    1.4274173746450826e+03 9.3972563132648145e+02 0. 0. 1.</data></camIntrinsicMat>
<distortion_coefficients type_id="opencv-matrix">
  <rows>4</rows>
  <cols>1</cols>
  <dt>d</dt>
  <data>
    1.0204865780661420e-02 6.6536507057533417e-02
    -1.0937687827586688e-01 5.8650944730247408e-02</data></distortion_coefficients>
<camIntriMatrix type_id="opencv-matrix">
  <rows>3</rows>
  <cols>4</cols>
  <dt>d</dt>
  <data>
    1.4277209145750949e+03 0. 1.4604080319532750e+03 0. 0.
    1.4274173746450826e+03 9.3972563132648145e+02 0. 0. 0. 1. 0.</data></camIntriMatrix>
<avg_reprojection_error>8.6061216911412730e-01</avg_reprojection_error>
</opencv_storage>
