<?xml version="1.0"?>
<opencv_storage>
<camera_name>FC60</camera_name>
<camera_model>PINHOLE</camera_model>
<calibration_time>"2022-06-22 23:06:20"</calibration_time>
<camIntrinsicMat type_id="opencv-matrix">
  <rows>3</rows>
  <cols>3</cols>
  <dt>d</dt>
  <data>
    1.9694759041610459e+03 0. 9.2681813205028334e+02 0.
    1.9656477939627021e+03 5.7202149244815462e+02 0. 0. 1.</data></camIntrinsicMat>
<distortion_coefficients type_id="opencv-matrix">
  <rows>1</rows>
  <cols>5</cols>
  <dt>d</dt>
  <data>
    -4.9403767945275889e-01 2.2637051969235961e-01
    3.9146080700626354e-03 1.2415081502224445e-04
    -2.4398434605908442e-02</data></distortion_coefficients>
<camIntriMatrix type_id="opencv-matrix">
  <rows>3</rows>
  <cols>4</cols>
  <dt>d</dt>
  <data>
    1.9694759041610459e+03 0. 9.2681813205028334e+02 0. 0.
    1.9656477939627021e+03 5.7202149244815462e+02 0. 0. 0. 1. 0.</data></camIntriMatrix>
<avg_reprojection_error>3.4387998312481560e-01</avg_reprojection_error>
</opencv_storage>
