<?xml version="1.0"?>
<opencv_storage>
<camera_name>FC60</camera_name>
<calibration_time>"2022-06-24 13:16:40"</calibration_time>
<undistort>1</undistort>
<rotationMatrix type_id="opencv-matrix">
  <rows>3</rows>
  <cols>3</cols>
  <dt>d</dt>
  <data>
    9.9984868401276694e-01 1.1551639191233368e-02
    -1.3006487224982849e-02 -1.2862796979678985e-02
    -1.2427336006960480e-02 -9.9984004209354893e-01
    -1.1711427402227362e-02 9.9985605011509815e-01
    -1.2276869162644572e-02</data></rotationMatrix>
<offsetMatrix type_id="opencv-matrix">
  <rows>3</rows>
  <cols>1</cols>
  <dt>d</dt>
  <data>
    -1.4663090516062657e+03 1.4049916573002304e+03
    5.2313540722585440e+03</data></offsetMatrix>
<deltaXY>
  1452. -5000.</deltaXY>
<headLocation>
  1452. -5000.</headLocation>
<pointA>
  3.7478890495096107e+02 1.0999381108918142e+03</pointA>
<pointB>
  1.5459829051233169e+03 1.0885400807243527e+03</pointB>
<pointV>
  9.4957208251953125e+02 5.4759020996093750e+02</pointV>
<cameraLocation>
  1.5454259033203125e+03 -5.1962026367187500e+03 1.4499200439453125e+03</cameraLocation>
<extrinsicMatrix type_id="opencv-matrix">
  <rows>4</rows>
  <cols>4</cols>
  <dt>d</dt>
  <data>
    9.9984868401276694e-01 1.1551639191233368e-02
    -1.3006487224982849e-02 -1.4663090516062657e+03
    -1.2862796979678985e-02 -1.2427336006960480e-02
    -9.9984004209354893e-01 1.4049916573002304e+03
    -1.1711427402227362e-02 9.9985605011509815e-01
    -1.2276869162644572e-02 5.2313540722585440e+03 0. 0. 0. 1.</data></extrinsicMatrix>
 <!-- resumed -->

<yaw_z>6.7103071829278405e-01</yaw_z>
<pitch_x>9.0703478707539631e+01</pitch_x>
<roll_z>-7.3705485453943653e-01</roll_z>
</opencv_storage>
