<?xml version="1.0"?>
<opencv_storage>
<camera_name>FR</camera_name>
<camera_model>FISHEYE</camera_model>
<calibration_time>"2022-09-19 10:11:46"</calibration_time>
<camIntrinsicMat type_id="opencv-matrix">
  <rows>3</rows>
  <cols>3</cols>
  <dt>d</dt>
  <data>
    1.1514427414654226e+03 0. 9.6905432816858149e+02 0.
    1.1505313670370228e+03 5.9388092375431586e+02 0. 0. 1.</data></camIntrinsicMat>
<distortion_coefficients type_id="opencv-matrix">
  <rows>4</rows>
  <cols>1</cols>
  <dt>d</dt>
  <data>
    -4.2278936120997951e-02 2.2797500866279016e-03
    -8.5505129601852609e-03 8.2618432412351307e-04</data></distortion_coefficients>
<camIntriMatrix type_id="opencv-matrix">
  <rows>3</rows>
  <cols>4</cols>
  <dt>d</dt>
  <data>
    1.1514427414654226e+03 0. 9.6905432816858149e+02 0. 0.
    1.1505313670370228e+03 5.9388092375431586e+02 0. 0. 0. 1. 0.</data></camIntriMatrix>
<avg_reprojection_error>1.9154197721650021e-01</avg_reprojection_error>
</opencv_storage>
