<?xml version="1.0"?>
<opencv_storage>
<camera_name>FR</camera_name>
<calibration_time>"2022-09-19 18:55:07"</calibration_time>
<undistort>1</undistort>
<rotationMatrix type_id="opencv-matrix">
  <rows>3</rows>
  <cols>3</cols>
  <dt>d</dt>
  <data>
    -6.8888917769112301e-01 -7.2443011142227332e-01
    -2.5153817299985726e-02 2.4825773991709876e-02
    1.1101563830763772e-02 -9.9963014971849662e-01
    7.2444142744997730e-01 -6.8925885481814742e-01
    1.0336791040498006e-02</data></rotationMatrix>
<offsetMatrix type_id="opencv-matrix">
  <rows>3</rows>
  <cols>1</cols>
  <dt>d</dt>
  <data>
    -2.7460822735099932e+03 1.2887914395302155e+03
    -4.4410770125761783e+03</data></offsetMatrix>
<deltaXY>
  0. 0.</deltaXY>
<headLocation>
  0. 0.</headLocation>
<pointA>
  0. 0.</pointA>
<pointB>
  0. 0.</pointB>
<pointV>
  0. 0.</pointV>
<cameraLocation>
  1.2935585937500000e+03 -5.0647041015625000e+03 1.2651468505859375e+03</cameraLocation>
<extrinsicMatrix type_id="opencv-matrix">
  <rows>4</rows>
  <cols>4</cols>
  <dt>d</dt>
  <data>
    -6.8888917769112301e-01 -7.2443011142227332e-01
    -2.5153817299985726e-02 -2.7460822735099932e+03
    2.4825773991709876e-02 1.1101563830763772e-02
    -9.9963014971849662e-01 1.2887914395302155e+03
    7.2444142744997730e-01 -6.8925885481814742e-01
    1.0336791040498006e-02 -4.4410770125761783e+03 0. 0. 0. 1.</data></extrinsicMatrix>
 <!-- resumed -->

<bsd_deltaXY>
  2290. -8520.</bsd_deltaXY>
<yaw>-4.6422401048674729e+01</yaw>
<pitch>-8.9140801600059604e+01</pitch>
<roll>1.7793610229499029e+02</roll>
<avg_reprojection_error>5.3343101501464844e+01</avg_reprojection_error>
</opencv_storage>
