<?xml version="1.0"?>
<opencv_storage>
<camera_name>cam_fcf_far</camera_name>
<camera_model>PINHOLE</camera_model>
<calibration_time>"2022-06-21 15:26:03"</calibration_time>
<camIntrinsicMat type_id="opencv-matrix">
  <rows>3</rows>
  <cols>3</cols>
  <dt>d</dt>
  <data>
    1.9511815185546875e+03 0. 9.4927172851562500e+02 0.
    1.9519197998046875e+03 6.3211090087890625e+02 0. 0. 1.</data></camIntrinsicMat>
<distortion_coefficients type_id="opencv-matrix">
  <rows>1</rows>
  <cols>5</cols>
  <dt>d</dt>
  <data>
    -5.1422202587127686e-01 3.3263006806373596e-01
    -4.2753020534291863e-04 -6.6614907700568438e-04
    -1.7943200469017029e-01</data></distortion_coefficients>
<camIntriMatrix type_id="opencv-matrix">
  <rows>3</rows>
  <cols>4</cols>
  <dt>d</dt>
  <data>
    1.9511815185546875e+03 0. 9.4927172851562500e+02 0. 0.
    1.9519197998046875e+03 6.3211090087890625e+02 0. 0. 0. 1. 0.</data></camIntriMatrix>
<avg_reprojection_error>0</avg_reprojection_error>
</opencv_storage>
