<?xml version="1.0"?>
<opencv_storage>
<camera_name>cam_fcf_far</camera_name>
<calibration_time>"2022-06-21 15:26:03"</calibration_time>
<undistort>1</undistort>
<rotationMatrix type_id="opencv-matrix">
  <rows>3</rows>
  <cols>3</cols>
  <dt>d</dt>
  <data>
    9.9995856589993126e-01 -2.7436149140699631e-03
    -8.6798076335805174e-03 -8.7098568245630396e-03
    -1.1137087770635981e-02 -9.9990004683972522e-01
    2.6466729016413025e-03 9.9993421676287886e-01
    -1.1160522808510103e-02</data></rotationMatrix>
<offsetMatrix type_id="opencv-matrix">
  <rows>3</rows>
  <cols>1</cols>
  <dt>d</dt>
  <data>
    -1.8710815105284930e+03 1.3884836160746347e+03
    5.3064094189022380e+03</data></offsetMatrix>
<deltaXY>
  1820. -5225.</deltaXY>
<headLocation>
  1820. -5225.</headLocation>
<pointV>
  9.4391808562130063e+02 6.1037076861096330e+02</pointV>
<extrinsicMatrix type_id="opencv-matrix">
  <rows>4</rows>
  <cols>4</cols>
  <dt>d</dt>
  <data>
    9.9995856589993126e-01 -2.7436149140699631e-03
    -8.6798076335805174e-03 -1.8710815105284930e+03
    -8.7098568245630396e-03 -1.1137087770635981e-02
    -9.9990004683972522e-01 1.3884836160746347e+03
    2.6466729016413025e-03 9.9993421676287886e-01
    -1.1160522808510103e-02 5.3064094189022380e+03 0. 0. 0. 1.</data></extrinsicMatrix>
</opencv_storage>
