<?xml version="1.0"?>
<opencv_storage>
<camera_name>FC120</camera_name>
<camera_model>FISHEYE</camera_model>
<calibration_time>"2023-01-05 09:08:05"</calibration_time>
<camIntrinsicMat type_id="opencv-matrix">
  <rows>3</rows>
  <cols>3</cols>
  <dt>d</dt>
  <data>
    971.24696163605233 0. 963.82858717977206 0.
    972.94767467190434 603.49996263906019 0. 0. 1.</data></camIntrinsicMat>
<distortion_coefficients type_id="opencv-matrix">
  <rows>4</rows>
  <cols>1</cols>
  <dt>d</dt>
  <data>
    -0.012705029487011197 -0.042502270661593164
    0.013687178764417449 0.00073267500937994464</data></distortion_coefficients>
<camIntriMatrix type_id="opencv-matrix">
  <rows>3</rows>
  <cols>4</cols>
  <dt>d</dt>
  <data>
    971.24696163605233 0. 963.82858717977206 0. 0.
    972.94767467190434 603.49996263906019 0. 0. 0. 1. 0.</data></camIntriMatrix>
<avg_reprojection_error>2.4613164675958227e-01</avg_reprojection_error>
</opencv_storage>
