<?xml version="1.0"?>
<opencv_storage>
<camera_name>FC120</camera_name>
<calibration_time>"2023-01-05 09:35:09"</calibration_time>
<undistort>1</undistort>
<rotationMatrix type_id="opencv-matrix">
  <rows>3</rows>
  <cols>3</cols>
  <dt>d</dt>
  <data>
    9.9992519938485436e-01 -6.9806401605324170e-03
    1.0043221500503066e-02 9.9373480227145511e-03
    -1.5039446421671458e-02 -9.9983751888274586e-01
    7.1305504299777785e-03 9.9986253340860753e-01
    -1.4968952411131121e-02</data></rotationMatrix>
<offsetMatrix type_id="opencv-matrix">
  <rows>3</rows>
  <cols>1</cols>
  <dt>d</dt>
  <data>
    -1.8161253484445442e+03 1.3434484454934379e+03
    3.3020583175974089e+03</data></offsetMatrix>
<deltaXY>
  1825. -3225.</deltaXY>
<headLocation>
  1825. -3225.</headLocation>
<pointA>
  4.2964473669272013e+02 9.9934549756452452e+02</pointA>
<pointB>
  1.4960284285981043e+03 1.0068331955357714e+03</pointB>
<pointV>
  9.5704772949218750e+02 5.8886535644531250e+02</pointV>
<cameraLocation>
  1.7790937500000000e+03 -3.2940773925781250e+03 1.4108983154296875e+03</cameraLocation>
<extrinsicMatrix type_id="opencv-matrix">
  <rows>4</rows>
  <cols>4</cols>
  <dt>d</dt>
  <data>
    9.9992519938485436e-01 -6.9806401605324170e-03
    1.0043221500503066e-02 -1.8161253484445442e+03
    9.9373480227145511e-03 -1.5039446421671458e-02
    -9.9983751888274586e-01 1.3434484454934379e+03
    7.1305504299777785e-03 9.9986253340860753e-01
    -1.4968952411131121e-02 3.3020583175974089e+03 0. 0. 0. 1.</data></extrinsicMatrix>
 <!-- resumed -->

<yaw_z>4.0000970857667939e-01</yaw_z>
<pitch_x>9.0861726490923658e+01</pitch_x>
<roll_z>0.</roll_z>
</opencv_storage>
