<?xml version="1.0"?>
<opencv_storage>
<camera_name>FC120</camera_name>
<camera_model>FISHEYE</camera_model>
<calibration_time>"2022-07-07 10:09:41"</calibration_time>
<camIntrinsicMat type_id="opencv-matrix">
  <rows>3</rows>
  <cols>3</cols>
  <dt>d</dt>
  <data>
    9.7899306583553926e+02 0. 9.5975409394411383e+02 0.
    9.7802473204460955e+02 6.1049463376227447e+02 0. 0. 1.</data></camIntrinsicMat>
<distortion_coefficients type_id="opencv-matrix">
  <rows>4</rows>
  <cols>1</cols>
  <dt>d</dt>
  <data>
    -3.1067436989169500e-02 -1.5984088606840079e-02
    5.3341326308608923e-03 -2.6463926896530682e-03</data></distortion_coefficients>
<camIntriMatrix type_id="opencv-matrix">
  <rows>3</rows>
  <cols>4</cols>
  <dt>d</dt>
  <data>
    9.7899306583553926e+02 0. 9.5975409394411383e+02 0. 0.
    9.7802473204460955e+02 6.1049463376227447e+02 0. 0. 0. 1. 0.</data></camIntriMatrix>
<avg_reprojection_error>3.4106324105703784e-01</avg_reprojection_error>
</opencv_storage>
