<?xml version="1.0"?>
<opencv_storage>
<camera_name>FC120</camera_name>
<calibration_time>"2022-07-08 17:31:18"</calibration_time>
<undistort>1</undistort>
<rotationMatrix type_id="opencv-matrix">
  <rows>3</rows>
  <cols>3</cols>
  <dt>d</dt>
  <data>
    9.9950018507431371e-01 3.1340816090445894e-02
    -4.1392370308247217e-03 -4.0590350653832994e-03
    -2.6222164077028035e-03 -9.9998832403956051e-01
    -3.1351304131574678e-02 9.9950531625794559e-01
    -2.4936923133150055e-03</data></rotationMatrix>
<offsetMatrix type_id="opencv-matrix">
  <rows>3</rows>
  <cols>1</cols>
  <dt>d</dt>
  <data>
    -1.2757836501326428e+03 1.4231831741737083e+03
    3.2639637862091772e+03</data></offsetMatrix>
<deltaXY>
  1455. -3120.</deltaXY>
<headLocation>
  1455. -3120.</headLocation>
<pointA>
  5.7709563668322562e+02 1.0369418720719323e+03</pointA>
<pointB>
  1.4338228138846953e+03 1.0452740408782454e+03</pointB>
<pointV>
  9.9045172119140625e+02 6.0792877197265625e+02</pointV>
<cameraLocation>
  1.3832523193359375e+03 -3.2186330566406250e+03 1.4260251464843750e+03</cameraLocation>
<extrinsicMatrix type_id="opencv-matrix">
  <rows>4</rows>
  <cols>4</cols>
  <dt>d</dt>
  <data>
    9.9950018507431371e-01 3.1340816090445894e-02
    -4.1392370308247217e-03 -1.2757836501326428e+03
    -4.0590350653832994e-03 -2.6222164077028035e-03
    -9.9998832403956051e-01 1.4231831741737083e+03
    -3.1351304131574678e-02 9.9950531625794559e-01
    -2.4936923133150055e-03 3.2639637862091772e+03 0. 0. 0. 1.</data></extrinsicMatrix>
 <!-- resumed -->

<yaw_z>1.7965917797706759e+00</yaw_z>
<pitch_x>9.0142948462783096e+01</pitch_x>
<roll_z>-2.3268059688025478e-01</roll_z>
</opencv_storage>
