<?xml version="1.0"?>
<opencv_storage>
<camera_name>FC120</camera_name>
<calibration_time>"2022-09-19 18:44:16"</calibration_time>
<undistort>1</undistort>
<rotationMatrix type_id="opencv-matrix">
  <rows>3</rows>
  <cols>3</cols>
  <dt>d</dt>
  <data>
    9.9973241590897288e-01 1.1952719594930196e-02
    -1.9804774048027409e-02 -1.9625601498436021e-02
    -1.4925729521538447e-02 -9.9969598296885953e-01
    -1.2244686465280935e-02 9.9981716083118655e-01
    -1.4687156322178862e-02</data></rotationMatrix>
<offsetMatrix type_id="opencv-matrix">
  <rows>3</rows>
  <cols>1</cols>
  <dt>d</dt>
  <data>
    -1.7249334189682475e+03 1.4029531123582494e+03
    3.4259035503703226e+03</data></offsetMatrix>
<deltaXY>
  1860. -3330.</deltaXY>
<headLocation>
  1860. -3330.</headLocation>
<pointA>
  4.7489829486453596e+02 1.0159269695307677e+03</pointA>
<pointB>
  1.5235060390839103e+03 1.0005069195474721e+03</pointB>
<pointV>
  9.8024658203125000e+02 5.9982153320312500e+02</pointV>
<cameraLocation>
  1.7939547119140625e+03 -3.3837194824218750e+03 1.4186813964843750e+03</cameraLocation>
<extrinsicMatrix type_id="opencv-matrix">
  <rows>4</rows>
  <cols>4</cols>
  <dt>d</dt>
  <data>
    9.9973241590897288e-01 1.1952719594930196e-02
    -1.9804774048027409e-02 -1.7249334189682475e+03
    -1.9625601498436021e-02 -1.4925729521538447e-02
    -9.9969598296885953e-01 1.4029531123582494e+03
    -1.2244686465280935e-02 9.9981716083118655e-01
    -1.4687156322178862e-02 3.4259035503703226e+03 0. 0. 0. 1.</data></extrinsicMatrix>
 <!-- resumed -->

<yaw_z>-6.8493297079446536e-01</yaw_z>
<pitch_x>9.0855210490455462e+01</pitch_x>
<roll_z>0.</roll_z>
</opencv_storage>
