<?xml version="1.0"?>
<opencv_storage>
<camera_name>FL</camera_name>
<camera_model>FISHEYE</camera_model>
<calibration_time>"2021-12-24 22:14:28"</calibration_time>
<camIntrinsicMat type_id="opencv-matrix">
  <rows>3</rows>
  <cols>3</cols>
  <dt>d</dt>
  <data>
    1.4242422522865297e+03 0. 1.4619510029693836e+03 0.
    1.4221555766433098e+03 9.1478748954422917e+02 0. 0. 1.</data></camIntrinsicMat>
<distortion_coefficients type_id="opencv-matrix">
  <rows>4</rows>
  <cols>1</cols>
  <dt>d</dt>
  <data>
    2.2336415574619694e-02 1.1674829666278565e-02
    -1.9973232724574935e-02 1.0949341474489734e-02</data></distortion_coefficients>
<camIntriMatrix type_id="opencv-matrix">
  <rows>3</rows>
  <cols>4</cols>
  <dt>d</dt>
  <data>
    1.4242422522865297e+03 0. 1.4619510029693836e+03 0. 0.
    1.4221555766433098e+03 9.1478748954422917e+02 0. 0. 0. 1. 0.</data></camIntriMatrix>
<avg_reprojection_error>9.5587479690183319e-01</avg_reprojection_error>
</opencv_storage>
