<?xml version="1.0"?>
<opencv_storage>
<camera_name>FL</camera_name>
<calibration_time>"2022-01-24 10:13:54"</calibration_time>
<undistort>1</undistort>
<rotationMatrix type_id="opencv-matrix">
  <rows>3</rows>
  <cols>3</cols>
  <dt>d</dt>
  <data>
    -7.2056782071994663e-01 6.9335254561419379e-01
    6.6530619435075655e-03 -1.7955574033671817e-02
    -9.0668059561412884e-03 -9.9979767472767955e-01
    -6.9315194084993226e-01 -7.2054149118567135e-01
    1.8982791572917823e-02</data></rotationMatrix>
<offsetMatrix type_id="opencv-matrix">
  <rows>3</rows>
  <cols>1</cols>
  <dt>d</dt>
  <data>
    -9.3401089317515743e+02 1.6671166708777198e+03
    -9.8667832915303723e+02</data></offsetMatrix>
<deltaXY>
  0. 0.</deltaXY>
<headLocation>
  0. 0.</headLocation>
<pointA>
  0. 0.</pointA>
<pointB>
  0. 0.</pointB>
<pointV>
  0. 0.</pointV>
<cameraLocation>
  -1.3270021972656250e+03 -4.8228420257568359e+01 1.6917232666015625e+03</cameraLocation>
<extrinsicMatrix type_id="opencv-matrix">
  <rows>4</rows>
  <cols>4</cols>
  <dt>d</dt>
  <data>
    -7.2056782071994663e-01 6.9335254561419379e-01
    6.6530619435075655e-03 -9.3401089317515743e+02
    -1.7955574033671817e-02 -9.0668059561412884e-03
    -9.9979767472767955e-01 1.6671166708777198e+03
    -6.9315194084993226e-01 -7.2054149118567135e-01
    1.8982791572917823e-02 -9.8667832915303723e+02 0. 0. 0. 1.</data></extrinsicMatrix>
 <!-- resumed -->

<bsd_deltaXY>
  -3490. -5225.</bsd_deltaXY>
<yaw>4.3880132383430983e+01</yaw>
<pitch>-8.8490881749569041e+01</pitch>
<roll>-1.7857256218725232e+02</roll>
<avg_reprojection_error>3.3715054392814636e-01</avg_reprojection_error>
</opencv_storage>
