<?xml version="1.0"?>
<opencv_storage>
<camera_name>FC120</camera_name>
<camera_model>FISHEYE</camera_model>
<calibration_time>"2022-12-09 14:35:51"</calibration_time>
<camIntrinsicMat type_id="opencv-matrix">
  <rows>3</rows>
  <cols>3</cols>
  <dt>d</dt>
  <data>
    9.8098873374552397e+02 0. 9.6110380743376663e+02 0.
    9.7914471044614322e+02 5.9630409373541420e+02 0. 0. 1.</data></camIntrinsicMat>
<distortion_coefficients type_id="opencv-matrix">
  <rows>4</rows>
  <cols>1</cols>
  <dt>d</dt>
  <data>
    -4.7021283344836025e-02 2.6308692640975608e-02
    -4.9611875857091509e-02 2.1989676311253939e-02</data></distortion_coefficients>
<camIntriMatrix type_id="opencv-matrix">
  <rows>3</rows>
  <cols>4</cols>
  <dt>d</dt>
  <data>
    9.8098873374552397e+02 0. 9.6110380743376663e+02 0. 0.
    9.7914471044614322e+02 5.9630409373541420e+02 0. 0. 0. 1. 0.</data></camIntriMatrix>
<avg_reprojection_error>2.8380696292152563e-01</avg_reprojection_error>
</opencv_storage>
