<?xml version="1.0"?>
<opencv_storage>
<camera_name>FC120</camera_name>
<calibration_time>"2022-12-09 15:22:50"</calibration_time>
<undistort>1</undistort>
<rotationMatrix type_id="opencv-matrix">
  <rows>3</rows>
  <cols>3</cols>
  <dt>d</dt>
  <data>
    9.9995183966252299e-01 -8.7412807599342168e-03
    4.4618792242513226e-03 4.4590295396913478e-03
    -3.4546525670579864e-04 -9.9998999880464845e-01
    8.7427347609293094e-03 9.9996173460009574e-01
    -3.0647098985916679e-04</data></rotationMatrix>
<offsetMatrix type_id="opencv-matrix">
  <rows>3</rows>
  <cols>1</cols>
  <dt>d</dt>
  <data>
    -1.8033551127130490e+03 1.4280056289769457e+03
    3.2357720952233549e+03</data></offsetMatrix>
<deltaXY>
  1840. -3150.</deltaXY>
<headLocation>
  1840. -3150.</headLocation>
<pointA>
  4.1438080085200136e+02 1.0284186299118501e+03</pointA>
<pointB>
  1.5124437419117246e+03 1.0290738356982770e+03</pointB>
<pointV>
  9.5252838134765625e+02 5.9596582031250000e+02</pointV>
<cameraLocation>
  1.7686112060546875e+03 -3.2509187011718750e+03 1.4370294189453125e+03</cameraLocation>
<extrinsicMatrix type_id="opencv-matrix">
  <rows>4</rows>
  <cols>4</cols>
  <dt>d</dt>
  <data>
    9.9995183966252299e-01 -8.7412807599342168e-03
    4.4618792242513226e-03 -1.8033551127130490e+03
    4.4590295396913478e-03 -3.4546525670579864e-04
    -9.9998999880464845e-01 1.4280056289769457e+03
    8.7427347609293094e-03 9.9996173460009574e-01
    -3.0647098985916679e-04 3.2357720952233549e+03 0. 0. 0. 1.</data></extrinsicMatrix>
 <!-- resumed -->

<yaw_z>5.0084491187148839e-01</yaw_z>
<pitch_x>9.0019796392692868e+01</pitch_x>
<roll_z>0.</roll_z>
</opencv_storage>
