<?xml version="1.0"?>
<opencv_storage>
<camera_name>cam_frb</camera_name>
<calibration_time>"2022-06-21 15:50:21"</calibration_time>
<undistort>1</undistort>
<rotationMatrix type_id="opencv-matrix">
  <rows>3</rows>
  <cols>3</cols>
  <dt>d</dt>
  <data>
    -6.8458608576697677e-01 -7.2892696031833515e-01
    2.7161913263685730e-03 -1.1441196333382981e-03
    -2.6517493830675444e-03 -9.9999582959904076e-01
    7.2893112305931473e-01 -6.8458633841633265e-01
    9.8137108401939233e-04</data></rotationMatrix>
<offsetMatrix type_id="opencv-matrix">
  <rows>3</rows>
  <cols>1</cols>
  <dt>d</dt>
  <data>
    -5.4069909176060819e+03 1.2495331584614130e+03
    -9.3440326160999939e+03</data></offsetMatrix>
<deltaXY>
  1820. -5225.</deltaXY>
<headLocation>
  1820. -5225.</headLocation>
<pointV>
  2.1868483622864574e+03 6.0831929822513291e+02</pointV>
<extrinsicMatrix type_id="opencv-matrix">
  <rows>4</rows>
  <cols>4</cols>
  <dt>d</dt>
  <data>
    -6.8458608576697677e-01 -7.2892696031833515e-01
    2.7161913263685730e-03 -5.4069909176060819e+03
    -1.1441196333382981e-03 -2.6517493830675444e-03
    -9.9999582959904076e-01 1.2495331584614130e+03
    7.2893112305931473e-01 -6.8458633841633265e-01
    9.8137108401939233e-04 -9.3440326160999939e+03 0. 0. 0. 1.</data></extrinsicMatrix>
</opencv_storage>
