<?xml version="1.0"?>
<opencv_storage>
<camera_name>cam_frb</camera_name>
<camera_model>FISHEYE</camera_model>
<calibration_time>"2022-06-21 15:50:21"</calibration_time>
<camIntrinsicMat type_id="opencv-matrix">
  <rows>3</rows>
  <cols>3</cols>
  <dt>d</dt>
  <data>
    1.1522749023437500e+03 0. 9.5994067382812500e+02 0.
    1.1514548339843750e+03 6.0385913085937500e+02 0. 0. 1.</data></camIntrinsicMat>
<distortion_coefficients type_id="opencv-matrix">
  <rows>4</rows>
  <cols>1</cols>
  <dt>d</dt>
  <data>
    -3.8237914443016052e-02 -1.1643284233286977e-03
    -1.6244664788246155e-02 8.8617913424968719e-03</data></distortion_coefficients>
<camIntriMatrix type_id="opencv-matrix">
  <rows>3</rows>
  <cols>4</cols>
  <dt>d</dt>
  <data>
    1.1522749023437500e+03 0. 9.5994067382812500e+02 0. 0.
    1.1514548339843750e+03 6.0385913085937500e+02 0. 0. 0. 1. 0.</data></camIntriMatrix>
<avg_reprojection_error>0</avg_reprojection_error>
</opencv_storage>
