<?xml version="1.0"?>
<opencv_storage>
<camera_name>FR</camera_name>
<camera_model>FISHEYE</camera_model>
<calibration_time>"2022-07-07 10:03:49"</calibration_time>
<camIntrinsicMat type_id="opencv-matrix">
  <rows>3</rows>
  <cols>3</cols>
  <dt>d</dt>
  <data>
    1.1505484138124400e+03 0. 9.6941619480762768e+02 0.
    1.1508216109076800e+03 5.9490527606180410e+02 0. 0. 1.</data></camIntrinsicMat>
<distortion_coefficients type_id="opencv-matrix">
  <rows>4</rows>
  <cols>1</cols>
  <dt>d</dt>
  <data>
    -4.1760146575659039e-02 2.2125487717289914e-02
    -5.9273895264581426e-02 3.6380664955749702e-02</data></distortion_coefficients>
<camIntriMatrix type_id="opencv-matrix">
  <rows>3</rows>
  <cols>4</cols>
  <dt>d</dt>
  <data>
    1.1505484138124400e+03 0. 9.6941619480762768e+02 0. 0.
    1.1508216109076800e+03 5.9490527606180410e+02 0. 0. 0. 1. 0.</data></camIntriMatrix>
<avg_reprojection_error>2.9467193075199444e-01</avg_reprojection_error>
</opencv_storage>
