<?xml version="1.0"?>
<opencv_storage>
<camera_name>FR</camera_name>
<calibration_time>"2022-07-14 23:47:46"</calibration_time>
<undistort>1</undistort>
<rotationMatrix type_id="opencv-matrix">
  <rows>3</rows>
  <cols>3</cols>
  <dt>d</dt>
  <data>
    -7.1250826593921457e-01 -7.0166323286244170e-01
    8.2378232598134815e-04 2.7730698625958450e-03
    -3.9899593840845293e-03 -9.9998819508414749e-01
    7.0165823664504279e-01 -7.1249757043314943e-01
    4.7886402066646960e-03</data></rotationMatrix>
<offsetMatrix type_id="opencv-matrix">
  <rows>3</rows>
  <cols>1</cols>
  <dt>d</dt>
  <data>
    -2.6341316122566927e+03 1.2739273515691627e+03
    -4.5710384523396160e+03</data></offsetMatrix>
<deltaXY>
  0. 0.</deltaXY>
<headLocation>
  0. 0.</headLocation>
<pointA>
  0. 0.</pointA>
<pointB>
  0. 0.</pointB>
<pointV>
  0. 0.</pointV>
<cameraLocation>
  1.3269335937500000e+03 -5.1000439453125000e+03 1.2979713134765625e+03</cameraLocation>
<extrinsicMatrix type_id="opencv-matrix">
  <rows>4</rows>
  <cols>4</cols>
  <dt>d</dt>
  <data>
    -7.1250826593921457e-01 -7.0166323286244170e-01
    8.2378232598134815e-04 -2.6341316122566927e+03
    2.7730698625958450e-03 -3.9899593840845293e-03
    -9.9998819508414749e-01 1.2739273515691627e+03
    7.0165823664504279e-01 -7.1249757043314943e-01
    4.7886402066646960e-03 -4.5710384523396160e+03 0. 0. 0. 1.</data></extrinsicMatrix>
 <!-- resumed -->

<bsd_deltaXY>
  1955. -8730.</bsd_deltaXY>
<yaw>-4.4560195501741035e+01</yaw>
<pitch>-8.9614925364248990e+01</pitch>
<roll>1.7977700694183511e+02</roll>
<avg_reprojection_error>3.2961603999137878e-01</avg_reprojection_error>
</opencv_storage>
