<?xml version="1.0"?>
<opencv_storage>
<camera_name>FL</camera_name>
<camera_model>FISHEYE</camera_model>
<calibration_time>"2022-10-12 07:34:08"</calibration_time>
<camIntrinsicMat type_id="opencv-matrix">
  <rows>3</rows>
  <cols>3</cols>
  <dt>d</dt>
  <data>
    1.1479031606654314e+03 0. 9.6093488811408633e+02 0.
    1.1470113836991115e+03 5.9598392510160022e+02 0. 0. 1.</data></camIntrinsicMat>
<distortion_coefficients type_id="opencv-matrix">
  <rows>4</rows>
  <cols>1</cols>
  <dt>d</dt>
  <data>
    -3.8276601051167723e-02 1.7402724554129449e-02
    -6.0757370966098422e-02 3.7802875043739949e-02</data></distortion_coefficients>
<camIntriMatrix type_id="opencv-matrix">
  <rows>3</rows>
  <cols>4</cols>
  <dt>d</dt>
  <data>
    1.1479031606654314e+03 0. 9.6093488811408633e+02 0. 0.
    1.1470113836991115e+03 5.9598392510160022e+02 0. 0. 0. 1. 0.</data></camIntriMatrix>
<avg_reprojection_error>2.1931834888036719e-01</avg_reprojection_error>
</opencv_storage>
