<?xml version="1.0"?>
<opencv_storage>
<camera_name>FL</camera_name>
<calibration_time>"2022-10-12 08:01:48"</calibration_time>
<undistort>1</undistort>
<rotationMatrix type_id="opencv-matrix">
  <rows>3</rows>
  <cols>3</cols>
  <dt>d</dt>
  <data>
    -6.8596771218554020e-01 7.2698262720524598e-01
    3.0733655504903312e-02 -3.3905985055800725e-02
    1.0256030679518302e-02 -9.9937240206646516e-01
    -7.2684157972444829e-01 -6.8657925513116047e-01
    1.7613756192514041e-02</data></rotationMatrix>
<offsetMatrix type_id="opencv-matrix">
  <rows>3</rows>
  <cols>1</cols>
  <dt>d</dt>
  <data>
    2.7729490381634209e+03 1.2863278813888276e+03
    -4.4766705653205909e+03</data></offsetMatrix>
<deltaXY>
  0. 0.</deltaXY>
<headLocation>
  0. 0.</headLocation>
<pointA>
  0. 0.</pointA>
<pointB>
  0. 0.</pointB>
<pointV>
  0. 0.</pointV>
<cameraLocation>
  -1.3080626220703125e+03 -5.1026674804687500e+03 1.2791486816406250e+03</cameraLocation>
<extrinsicMatrix type_id="opencv-matrix">
  <rows>4</rows>
  <cols>4</cols>
  <dt>d</dt>
  <data>
    -6.8596771218554020e-01 7.2698262720524598e-01
    3.0733655504903312e-02 2.7729490381634209e+03
    -3.3905985055800725e-02 1.0256030679518302e-02
    -9.9937240206646516e-01 1.2863278813888276e+03
    -7.2684157972444829e-01 -6.8657925513116047e-01
    1.7613756192514041e-02 -4.4766705653205909e+03 0. 0. 0. 1.</data></extrinsicMatrix>
 <!-- resumed -->

<bsd_deltaXY>
  -3110. -8660.</bsd_deltaXY>
<yaw>4.6622262912063754e+01</yaw>
<pitch>-8.8530435383982933e+01</pitch>
<roll>-1.7717028941178287e+02</roll>
<avg_reprojection_error>4.6190950274467468e-01</avg_reprojection_error>
</opencv_storage>
