<?xml version="1.0"?>
<opencv_storage>
<camera_name>RC</camera_name>
<calibration_time>"2022-12-25 18:24:22"</calibration_time>
<undistort>1</undistort>
<rotationMatrix type_id="opencv-matrix">
  <rows>3</rows>
  <cols>3</cols>
  <dt>d</dt>
  <data>
    9.9992028251378651e-01 -2.3257059095016207e-03
    -1.2410467741869390e-02 -1.2458237274886928e-02
    -2.1794499987969181e-02 -9.9968484638623833e-01
    2.0544930158288301e-03 9.9975976657509924e-01
    -2.1821736781269037e-02</data></rotationMatrix>
<offsetMatrix type_id="opencv-matrix">
  <rows>3</rows>
  <cols>1</cols>
  <dt>d</dt>
  <data>
    -1.8696593770050665e+03 1.3410751464817408e+03
    5.2350926636513141e+03</data></offsetMatrix>
<deltaXY>
  1815. -5250.</deltaXY>
<headLocation>
  1815. -5250.</headLocation>
<pointA>
  2.7834051186567933e+02 1.1227999438590709e+03</pointA>
<pointB>
  1.6026686801255325e+03 1.1055987787026124e+03</pointB>
<pointV>
  9.5652478027343750e+02 5.9097912597656250e+02</pointV>
<cameraLocation>
  1.8754622802734375e+03 -5.2089550781250000e+03 1.4316879882812500e+03</cameraLocation>
<extrinsicMatrix type_id="opencv-matrix">
  <rows>4</rows>
  <cols>4</cols>
  <dt>d</dt>
  <data>
    9.9992028251378651e-01 -2.3257059095016207e-03
    -1.2410467741869390e-02 -1.8696593770050665e+03
    -1.2458237274886928e-02 -2.1794499987969181e-02
    -9.9968484638623833e-01 1.3410751464817408e+03
    2.0544930158288301e-03 9.9975976657509924e-01
    -2.1821736781269037e-02 5.2350926636513141e+03 0. 0. 0. 1.</data></extrinsicMatrix>
 <!-- resumed -->

<yaw_z>1.3328491177322385e-01</yaw_z>
<pitch_x>9.1248834292323295e+01</pitch_x>
<roll_z>0.</roll_z>
</opencv_storage>
