<?xml version="1.0"?>
<opencv_storage>
<camera_name>FC120</camera_name>
<calibration_time>"2023-01-07 13:17:55"</calibration_time>
<undistort>1</undistort>
<rotationMatrix type_id="opencv-matrix">
  <rows>3</rows>
  <cols>3</cols>
  <dt>d</dt>
  <data>
    9.9993047369045340e-01 -7.6215301466986077e-03
    8.9977810269232170e-03 9.0757967663226517e-03 1.0264254703675889e-02
    -9.9990613308871867e-01 7.5284592209762568e-03
    9.9991827533734023e-01 1.0332712526585934e-02</data></rotationMatrix>
<offsetMatrix type_id="opencv-matrix">
  <rows>3</rows>
  <cols>1</cols>
  <dt>d</dt>
  <data>
    -1.8066853097666124e+03 1.4422854880480409e+03
    3.1761414641418564e+03</data></offsetMatrix>
<deltaXY>
  1820. -3300.</deltaXY>
<headLocation>
  1820. -3300.</headLocation>
<pointA>
  4.1655764919744593e+02 1.0367594260427825e+03</pointA>
<pointB>
  1.5169922290122468e+03 1.0429501792024510e+03</pointB>
<pointV>
  9.5780004882812500e+02 6.0929638671875000e+02</pointV>
<cameraLocation>
  1.7695583496093750e+03 -3.2044555664062500e+03 1.4255881347656250e+03</cameraLocation>
<extrinsicMatrix type_id="opencv-matrix">
  <rows>4</rows>
  <cols>4</cols>
  <dt>d</dt>
  <data>
    9.9993047369045340e-01 -7.6215301466986077e-03
    8.9977810269232170e-03 -1.8066853097666124e+03
    9.0757967663226517e-03 1.0264254703675889e-02
    -9.9990613308871867e-01 1.4422854880480409e+03
    7.5284592209762568e-03 9.9991827533734023e-01 1.0332712526585934e-02
    3.1761414641418564e+03 0. 0. 0. 1.</data></extrinsicMatrix>
 <!-- resumed -->

<yaw_z>4.3670874187398107e-01</yaw_z>
<pitch_x>8.9411889065994217e+01</pitch_x>
<roll_z>0.</roll_z>
</opencv_storage>
