<?xml version="1.0"?>
<opencv_storage>
<camera_name>FC120</camera_name>
<camera_model>FISHEYE</camera_model>
<calibration_time>"2023-1-07 13:01:33"</calibration_time>
<camIntrinsicMat type_id="opencv-matrix">
  <rows>3</rows>
  <cols>3</cols>
  <dt>d</dt>
  <data>
    964.42373640489552 0.  965.15103416612351 0.
    963.11294933003512 599.40994213206932 0. 0. 1.</data></camIntrinsicMat>
<distortion_coefficients type_id="opencv-matrix">
  <rows>4</rows>
  <cols>1</cols>
  <dt>d</dt>
  <data>
   -0.042136978651137004 0.065664942862329559
    -0.13695726784117901 0.071859247689195341</data></distortion_coefficients>
<camIntriMatrix type_id="opencv-matrix">
  <rows>3</rows>
  <cols>4</cols>
  <dt>d</dt>
  <data>
    964.42373640489552 0. 975.44338089246378 0. 0.
    963.11294933003512 604.93647080093422 0. 0. 0. 1. 0.</data></camIntriMatrix>
<avg_reprojection_error>3.7216763423458932e-01</avg_reprojection_error>
</opencv_storage>
