<?xml version="1.0"?>
<opencv_storage>
<camera_name>FC60</camera_name>
<calibration_time>"2022-09-19 18:42:19"</calibration_time>
<undistort>1</undistort>
<rotationMatrix type_id="opencv-matrix">
  <rows>3</rows>
  <cols>3</cols>
  <dt>d</dt>
  <data>
    9.9977943019868309e-01 -1.9432107000108421e-02
    -7.9676953463864164e-03 -8.2741300333910219e-03
    -1.5740420942949616e-02 -9.9984187645883738e-01
    1.9303619447840013e-02 9.9968726728216117e-01
    -1.5897732861571250e-02</data></rotationMatrix>
<offsetMatrix type_id="opencv-matrix">
  <rows>3</rows>
  <cols>1</cols>
  <dt>d</dt>
  <data>
    -1.9953716051554302e+03 1.3552019210990654e+03
    5.3788709088312526e+03</data></offsetMatrix>
<deltaXY>
  1860. -5330.</deltaXY>
<headLocation>
  1860. -5330.</headLocation>
<pointA>
  2.3363886943246109e+02 1.0953517568023719e+03</pointA>
<pointB>
  1.5430057429411343e+03 1.0782328522744365e+03</pointB>
<pointV>
  9.1793176269531250e+02 5.7316766357421875e+02</pointV>
<cameraLocation>
  1.9023128662109375e+03 -5.3946313476562500e+03 1.4246009521484375e+03</cameraLocation>
<extrinsicMatrix type_id="opencv-matrix">
  <rows>4</rows>
  <cols>4</cols>
  <dt>d</dt>
  <data>
    9.9977943019868309e-01 -1.9432107000108421e-02
    -7.9676953463864164e-03 -1.9953716051554302e+03
    -8.2741300333910219e-03 -1.5740420942949616e-02
    -9.9984187645883738e-01 1.3552019210990654e+03
    1.9303619447840013e-02 9.9968726728216117e-01
    -1.5897732861571250e-02 5.3788709088312526e+03 0. 0. 0. 1.</data></extrinsicMatrix>
 <!-- resumed -->

<yaw_z>1.1135858247075336e+00</yaw_z>
<pitch_x>9.0901894833432507e+01</pitch_x>
<roll_z>0.</roll_z>
</opencv_storage>
