<?xml version="1.0"?>
<opencv_storage>
<camera_name>FC60</camera_name>
<camera_model>PINHOLE</camera_model>
<calibration_time>"2022-09-19 01:50:19"</calibration_time>
<camIntrinsicMat type_id="opencv-matrix">
  <rows>3</rows>
  <cols>3</cols>
  <dt>d</dt>
  <data>
    1.9466319929043491e+03 0. 9.5577075736290669e+02 0.
    1.9506718093064333e+03 6.0388166424715348e+02 0. 0. 1.</data></camIntrinsicMat>
<distortion_coefficients type_id="opencv-matrix">
  <rows>1</rows>
  <cols>5</cols>
  <dt>d</dt>
  <data>
    -4.8617071804872036e-01 2.1510305886647887e-01
    -2.5449106267702186e-04 -8.3357795314107925e-04
    -2.2455671504129807e-02</data></distortion_coefficients>
<camIntriMatrix type_id="opencv-matrix">
  <rows>3</rows>
  <cols>4</cols>
  <dt>d</dt>
  <data>
    1.9466319929043491e+03 0. 9.5577075736290669e+02 0. 0.
    1.9506718093064333e+03 6.0388166424715348e+02 0. 0. 0. 1. 0.</data></camIntriMatrix>
<avg_reprojection_error>1.8866108562099723e-01</avg_reprojection_error>
</opencv_storage>
