<?xml version="1.0"?>
<opencv_storage>
<camera_name>RL</camera_name>
<camera_model>FISHEYE</camera_model>
<calibration_time>"2022-07-20 14:41:06"</calibration_time>
<camIntrinsicMat type_id="opencv-matrix">
  <rows>3</rows>
  <cols>3</cols>
  <dt>d</dt>
  <data>
    1.1511972272781165e+03 0. 9.6675244111120412e+02 0.
    1.1506085323034454e+03 5.9156284667479645e+02 0. 0. 1.</data></camIntrinsicMat>
<distortion_coefficients type_id="opencv-matrix">
  <rows>4</rows>
  <cols>1</cols>
  <dt>d</dt>
  <data>
    -3.4858570712819482e-02 -2.7609320607944327e-02
    4.3705177063493750e-02 -3.5861862735866910e-02</data></distortion_coefficients>
<camIntriMatrix type_id="opencv-matrix">
  <rows>3</rows>
  <cols>4</cols>
  <dt>d</dt>
  <data>
    1.1511972272781165e+03 0. 9.6675244111120412e+02 0. 0.
    1.1506085323034454e+03 5.9156284667479645e+02 0. 0. 0. 1. 0.</data></camIntriMatrix>
<avg_reprojection_error>2.3402942992886905e-01</avg_reprojection_error>
</opencv_storage>
