<?xml version="1.0"?>
<opencv_storage>
<camera_name>FR</camera_name>
<calibration_time>"2022-12-12 11:46:06"</calibration_time>
<undistort>1</undistort>
<rotationMatrix type_id="opencv-matrix">
  <rows>3</rows>
  <cols>3</cols>
  <dt>d</dt>
  <data>
    -6.9968619132333676e-01 -7.1434926471992455e-01
    -1.2015059947670770e-02 4.2315831598222997e-02
    -2.4647829208899075e-02 -9.9880020770494427e-01
    7.1319604883060994e-01 -6.9935514047541836e-01
    4.7474028931765666e-02</data></rotationMatrix>
<offsetMatrix type_id="opencv-matrix">
  <rows>3</rows>
  <cols>1</cols>
  <dt>d</dt>
  <data>
    -2.6406146699237379e+03 1.0896648687211818e+03
    -4.5227751655944030e+03</data></offsetMatrix>
<deltaXY>
  0. 0.</deltaXY>
<headLocation>
  0. 0.</headLocation>
<pointA>
  0. 0.</pointA>
<pointB>
  0. 0.</pointB>
<pointV>
  0. 0.</pointV>
<cameraLocation>
  1.3319136962890625e+03 -5.0224892578125000e+03 1.2713447265625000e+03</cameraLocation>
<extrinsicMatrix type_id="opencv-matrix">
  <rows>4</rows>
  <cols>4</cols>
  <dt>d</dt>
  <data>
    -6.9968619132333676e-01 -7.1434926471992455e-01
    -1.2015059947670770e-02 -2.6406146699237379e+03
    4.2315831598222997e-02 -2.4647829208899075e-02
    -9.9880020770494427e-01 1.0896648687211818e+03
    7.1319604883060994e-01 -6.9935514047541836e-01
    4.7474028931765666e-02 -4.5227751655944030e+03 0. 0. 0. 1.</data></extrinsicMatrix>
 <!-- resumed -->

<bsd_deltaXY>
  2330. -8685.</bsd_deltaXY>
<yaw>-4.5495552755958151e+01</yaw>
<pitch>-8.6116572544825630e+01</pitch>
<roll>1.7653906413422476e+02</roll>
<avg_reprojection_error>4.0633043646812439e-01</avg_reprojection_error>
</opencv_storage>
