<?xml version="1.0"?>
<opencv_storage>
<camera_name>FR</camera_name>
<camera_model>FISHEYE</camera_model>
<calibration_time>"2022-12-11 14:02:35"</calibration_time>
<camIntrinsicMat type_id="opencv-matrix">
  <rows>3</rows>
  <cols>3</cols>
  <dt>d</dt>
  <data>
    1.1504584434098342e+03 0. 9.6767647275532499e+02 0.
    1.1472828056433577e+03 5.9505017864801925e+02 0. 0. 1.</data></camIntrinsicMat>
<distortion_coefficients type_id="opencv-matrix">
  <rows>4</rows>
  <cols>1</cols>
  <dt>d</dt>
  <data>
    -3.9698010989509099e-02 -1.3299802068272023e-02
    3.1635468718682599e-02 -3.3030897145899359e-02</data></distortion_coefficients>
<camIntriMatrix type_id="opencv-matrix">
  <rows>3</rows>
  <cols>4</cols>
  <dt>d</dt>
  <data>
    1.1504584434098342e+03 0. 9.6767647275532499e+02 0. 0.
    1.1472828056433577e+03 5.9505017864801925e+02 0. 0. 0. 1. 0.</data></camIntriMatrix>
<avg_reprojection_error>2.4254747443272301e-01</avg_reprojection_error>
</opencv_storage>
