<?xml version="1.0"?>
<opencv_storage>
<camera_name>FC60</camera_name>
<camera_model>PINHOLE</camera_model>
<calibration_time>"2022-02-23 10:48:01"</calibration_time>
<camIntrinsicMat type_id="opencv-matrix">
  <rows>3</rows>
  <cols>3</cols>
  <dt>d</dt>
  <data>
    1.9544327138873932e+03 0. 9.7341416864007283e+02 0.
    1.9560173900254058e+03 5.9994292288883082e+02 0. 0. 1.</data></camIntrinsicMat>
<distortion_coefficients type_id="opencv-matrix">
  <rows>1</rows>
  <cols>5</cols>
  <dt>d</dt>
  <data>
    -5.0203412834673766e-01 2.8128631397059445e-01
    2.1323958499596548e-03 -4.7324842539261735e-04
    -1.1391187684305833e-01</data></distortion_coefficients>
<camIntriMatrix type_id="opencv-matrix">
  <rows>3</rows>
  <cols>4</cols>
  <dt>d</dt>
  <data>
    1.9544327138873932e+03 0. 9.7341416864007283e+02 0. 0.
    1.9560173900254058e+03 5.9994292288883082e+02 0. 0. 0. 1. 0.</data></camIntriMatrix>
<avg_reprojection_error>2.6741064979693568e-01</avg_reprojection_error>
</opencv_storage>
