<?xml version="1.0"?>
<opencv_storage>
<camera_name>FC60</camera_name>
<calibration_time>"2022-02-25 12:21:17"</calibration_time>
<undistort>1</undistort>
<rotationMatrix type_id="opencv-matrix">
  <rows>3</rows>
  <cols>3</cols>
  <dt>d</dt>
  <data>
    9.9983652505947396e-01 -1.0070276615267059e-02
    1.5017079805602027e-02 1.5039864292246572e-02 2.1906440829574567e-03
    -9.9988449510959643e-01 1.0036216372050839e-02
    9.9994689389356761e-01 2.3417415612252824e-03</data></rotationMatrix>
<offsetMatrix type_id="opencv-matrix">
  <rows>3</rows>
  <cols>1</cols>
  <dt>d</dt>
  <data>
    -1.8871198400531503e+03 1.4207940387516874e+03
    5.2626997075127829e+03</data></offsetMatrix>
<deltaXY>
  1755. -5195.</deltaXY>
<headLocation>
  1755. -5195.</headLocation>
<pointA>
  2.7258589505253542e+02 1.1280174857363786e+03</pointA>
<pointB>
  1.6141689810940620e+03 1.1445163985036711e+03</pointB>
<pointV>
  9.5373144531250000e+02 6.0422808837890625e+02</pointV>
<cameraLocation>
  1.8126252441406250e+03 -5.2845366210937500e+03 1.4366450195312500e+03</cameraLocation>
<extrinsicMatrix type_id="opencv-matrix">
  <rows>4</rows>
  <cols>4</cols>
  <dt>d</dt>
  <data>
    9.9983652505947396e-01 -1.0070276615267059e-02
    1.5017079805602027e-02 -1.8871198400531503e+03
    1.5039864292246572e-02 2.1906440829574567e-03
    -9.9988449510959643e-01 1.4207940387516874e+03
    1.0036216372050839e-02 9.9994689389356761e-01 2.3417415612252824e-03
    5.2626997075127829e+03 0. 0. 0. 1.</data></extrinsicMatrix>
 <!-- resumed -->

<yaw_z>5.7699549134075390e-01</yaw_z>
<pitch_x>8.9874484118100838e+01</pitch_x>
<roll_z>0.</roll_z>
</opencv_storage>
