<?xml version="1.0"?>
<opencv_storage>
<camera_name>RL</camera_name>
<camera_model>FISHEYE</camera_model>
<calibration_time>"2023-2-7 17:25:24"</calibration_time>
<camIntrinsicMat type_id="opencv-matrix">
  <rows>3</rows>
  <cols>3</cols>
  <dt>d</dt>
  <data>
    1151.1208590577678 0. 960.46571943213712 0.
    1151.1490171842163 595.35216565348424 0. 0. 1.</data></camIntrinsicMat>
<distortion_coefficients type_id="opencv-matrix">
  <rows>4</rows>
  <cols>1</cols>
  <dt>d</dt>
  <data>
   -0.054988230245315774 0.069593659865489918
    -0.18963507198329588 0.14479935685289561</data></distortion_coefficients>
<camIntriMatrix type_id="opencv-matrix">
  <rows>3</rows>
  <cols>4</cols>
  <dt>d</dt>
  <data>
   1151.1208590577678 0. 960.46571943213712 0. 0.
    1151.1490171842163 595.35216565348424 0. 0. 0. 1. 0.</data></camIntriMatrix>
<avg_reprojection_error>2.0585591140929968e-01</avg_reprojection_error>
</opencv_storage>
