<?xml version="1.0"?>
<opencv_storage>
<camera_name>FC120</camera_name>
<camera_model>FISHEYE</camera_model>
<calibration_time>"2023-2-16 13:01:33"</calibration_time>
<camIntrinsicMat type_id="opencv-matrix">
  <rows>3</rows>
  <cols>3</cols>
  <dt>d</dt>
  <data>
    966.52844705109101 0.  969.75728083156048 0.
    966.47815512415036 599.25229482556517 0. 0. 1.</data></camIntrinsicMat>
<distortion_coefficients type_id="opencv-matrix">
  <rows>4</rows>
  <cols>1</cols>
  <dt>d</dt>
  <data> 
   -0.03489930417462421 0.015874283222508445
   -0.052834381647639657 0.030177095752019024</data></distortion_coefficients>
<camIntriMatrix type_id="opencv-matrix">
  <rows>3</rows>
  <cols>4</cols>
  <dt>d</dt>
  <data>
    966.52844705109101 0. 969.75728083156048 0. 0.
    966.47815512415036 599.25229482556517 0. 0. 0. 1. 0.</data></camIntriMatrix>
<avg_reprojection_error>3.7216763423458932e-01</avg_reprojection_error>
</opencv_storage>
