<?xml version="1.0"?>
<opencv_storage>
<camera_name>FC120</camera_name>
<calibration_time>"2023-02-16 15:34:28"</calibration_time>
<undistort>1</undistort>
<rotationMatrix type_id="opencv-matrix">
  <rows>3</rows>
  <cols>3</cols>
  <dt>d</dt>
  <data>
    9.9985322871384608e-01 -1.6411318686857589e-02
    -4.9182974143313568e-03 -5.0223945573046012e-03
    -6.3078343317100943e-03 -9.9996749286112019e-01
    1.6379761396558154e-02 9.9984542797624576e-01
    -6.3893326404034475e-03</data></rotationMatrix>
<offsetMatrix type_id="opencv-matrix">
  <rows>3</rows>
  <cols>1</cols>
  <dt>d</dt>
  <data>
    -1.8128813558985858e+03 1.4325554855109885e+03
    3.2364743559256658e+03</data></offsetMatrix>
<deltaXY>
  1815. -3240.</deltaXY>
<headLocation>
  1815. -3240.</headLocation>
<pointA>
  4.2836525700896220e+02 1.0270429801479120e+03</pointA>
<pointB>
  1.5024689509704324e+03 1.0139796217348307e+03</pointB>
<pointV>
  9.5389282226562500e+02 5.9315496826171875e+02</pointV>
<cameraLocation>
  1.7667974853515625e+03 -3.2566894531250000e+03 1.4442714843750000e+03</cameraLocation>
<extrinsicMatrix type_id="opencv-matrix">
  <rows>4</rows>
  <cols>4</cols>
  <dt>d</dt>
  <data>
    9.9985322871384608e-01 -1.6411318686857589e-02
    -4.9182974143313568e-03 -1.8128813558985858e+03
    -5.0223945573046012e-03 -6.3078343317100943e-03
    -9.9996749286112019e-01 1.4325554855109885e+03
    1.6379761396558154e-02 9.9984542797624576e-01
    -6.3893326404034475e-03 3.2364743559256658e+03 0. 0. 0. 1.</data></extrinsicMatrix>
 <!-- resumed -->

<yaw_z>9.4036016780325704e-01</yaw_z>
<pitch_x>9.0361415134220223e+01</pitch_x>
<roll_z>0.</roll_z>
</opencv_storage>
