<?xml version="1.0"?>
<opencv_storage>
<camera_name>FC120</camera_name>
<calibration_time>"2023-01-05 09:44:15"</calibration_time>
<undistort>1</undistort>
<rotationMatrix type_id="opencv-matrix">
  <rows>3</rows>
  <cols>3</cols>
  <dt>d</dt>
  <data>
    9.9973320755413786e-01 -1.6071629624265473e-02
    -1.6589648421095400e-02 -1.6800660795064468e-02
    -1.3084670102061153e-02 -9.9977323889228475e-01
    1.5850915127029873e-02 9.9978522400040537e-01
    -1.3351193208662517e-02</data></rotationMatrix>
<offsetMatrix type_id="opencv-matrix">
  <rows>3</rows>
  <cols>1</cols>
  <dt>d</dt>
  <data>
    -1.8148712575119480e+03 1.4296361395883330e+03
    3.3685830135113720e+03</data></offsetMatrix>
<deltaXY>
  1800. -3265.</deltaXY>
<headLocation>
  1800. -3265.</headLocation>
<pointA>
  4.4647807824260849e+02 1.0161163687172233e+03</pointA>
<pointB>
  1.4955257116645867e+03 9.9163647956179170e+02</pointB>
<pointV>
  9.5976062011718750e+02 5.8648883056640625e+02</pointV>
<cameraLocation>
  1.7850107421875000e+03 -3.3783210449218750e+03 1.4441784667968750e+03</cameraLocation>
<extrinsicMatrix type_id="opencv-matrix">
  <rows>4</rows>
  <cols>4</cols>
  <dt>d</dt>
  <data>
    9.9973320755413786e-01 -1.6071629624265473e-02
    -1.6589648421095400e-02 -1.8148712575119480e+03
    -1.6800660795064468e-02 -1.3084670102061153e-02
    -9.9977323889228475e-01 1.4296361395883330e+03
    1.5850915127029873e-02 9.9978522400040537e-01
    -1.3351193208662517e-02 3.3685830135113720e+03 0. 0. 0. 1.</data></extrinsicMatrix>
 <!-- resumed -->

<yaw_z>9.2095506676272199e-01</yaw_z>
<pitch_x>9.0749718218724624e+01</pitch_x>
<roll_z>0.</roll_z>
</opencv_storage>
