<?xml version="1.0"?>
<opencv_storage>
<camera_name>FC120</camera_name>
<camera_model>FISHEYE</camera_model>
<calibration_time>"2023-01-05 09:26:33"</calibration_time>
<camIntrinsicMat type_id="opencv-matrix">
  <rows>3</rows>
  <cols>3</cols>
  <dt>d</dt>
  <data>
    982.00387401659043 0. 975.54641307943893 0.
    982.02756608072582 599.34109765821427 0. 0. 1.</data></camIntrinsicMat>
<distortion_coefficients type_id="opencv-matrix">
  <rows>4</rows>
  <cols>1</cols>
  <dt>d</dt>
  <data>
    -0.030703979450251259 -0.023859119417635268
   0.012955700981295906 -0.0052882969020774922</data></distortion_coefficients>
<camIntriMatrix type_id="opencv-matrix">
  <rows>3</rows>
  <cols>4</cols>
  <dt>d</dt>
  <data>
    982.00387401659043 0. 975.54641307943893 0. 0.
    982.02756608072582 599.34109765821427 0. 0. 0. 1. 0.</data></camIntriMatrix>
<avg_reprojection_error>2.7907287199161573e-01</avg_reprojection_error>
</opencv_storage>
