<?xml version="1.0"?>
<opencv_storage>
<camera_name>FR</camera_name>
<calibration_time>"2022-06-24 13:14:27"</calibration_time>
<undistort>1</undistort>
<rotationMatrix type_id="opencv-matrix">
  <rows>3</rows>
  <cols>3</cols>
  <dt>d</dt>
  <data>
    -6.9245421248092698e-01 -7.2142174478842180e-01
    7.6045883418009441e-03 1.9886261742586342e-02
    -2.9622162891771664e-02 -9.9936332935500416e-01
    7.2118770109543906e-01 -6.9186212037662687e-01
    3.4858373120859043e-02</data></rotationMatrix>
<offsetMatrix type_id="opencv-matrix">
  <rows>3</rows>
  <cols>1</cols>
  <dt>d</dt>
  <data>
    -2.8360651753538314e+03 1.1232931421705844e+03
    -4.4894757646818052e+03</data></offsetMatrix>
<deltaXY>
  0. 0.</deltaXY>
<headLocation>
  0. 0.</headLocation>
<pointA>
  0. 0.</pointA>
<pointB>
  0. 0.</pointB>
<pointV>
  0. 0.</pointV>
<cameraLocation>
  1.2515712890625000e+03 -5.1188227539062500e+03 1.3006408691406250e+03</cameraLocation>
<extrinsicMatrix type_id="opencv-matrix">
  <rows>4</rows>
  <cols>4</cols>
  <dt>d</dt>
  <data>
    -6.9245421248092698e-01 -7.2142174478842180e-01
    7.6045883418009441e-03 -2.8360651753538314e+03
    1.9886261742586342e-02 -2.9622162891771664e-02
    -9.9936332935500416e-01 1.1232931421705844e+03
    7.2118770109543906e-01 -6.9186212037662687e-01
    3.4858373120859043e-02 -4.4894757646818052e+03 0. 0. 0. 1.</data></extrinsicMatrix>
 <!-- resumed -->

<bsd_deltaXY>
  1952. -10070.</bsd_deltaXY>
<yaw>-4.6152625689398334e+01</yaw>
<pitch>-8.7115682181283631e+01</pitch>
<roll>1.7835500201825417e+02</roll>
<avg_reprojection_error>2.7217361330986023e-01</avg_reprojection_error>
</opencv_storage>
