<?xml version="1.0"?>
<opencv_storage>
<camera_name>FR</camera_name>
<camera_model>FISHEYE</camera_model>
<calibration_time>"2022-06-22 23:02:30"</calibration_time>
<camIntrinsicMat type_id="opencv-matrix">
  <rows>3</rows>
  <cols>3</cols>
  <dt>d</dt>
  <data>
    1.1535331825108640e+03 0. 9.6804935941964470e+02 0.
    1.1536520347726073e+03 5.9576567009190308e+02 0. 0. 1.</data></camIntrinsicMat>
<distortion_coefficients type_id="opencv-matrix">
  <rows>4</rows>
  <cols>1</cols>
  <dt>d</dt>
  <data>
    -3.6706507516362737e-02 -7.3248172636143239e-03
    8.5317862678976376e-04 -2.0711913515362723e-03</data></distortion_coefficients>
<camIntriMatrix type_id="opencv-matrix">
  <rows>3</rows>
  <cols>4</cols>
  <dt>d</dt>
  <data>
    1.1535331825108640e+03 0. 9.6804935941964470e+02 0. 0.
    1.1536520347726073e+03 5.9576567009190308e+02 0. 0. 0. 1. 0.</data></camIntriMatrix>
<avg_reprojection_error>2.9514191130051798e-01</avg_reprojection_error>
</opencv_storage>
