<?xml version="1.0"?>
<opencv_storage>
<camera_name>RR</camera_name>
<camera_model>FISHEYE</camera_model>
<calibration_time>"2022-07-12 01:24:42"</calibration_time>
<camIntrinsicMat type_id="opencv-matrix">
  <rows>3</rows>
  <cols>3</cols>
  <dt>d</dt>
  <data>
    1.4175878213967446e+03 0. 1.4300673843925561e+03 0.
    1.4184939850664528e+03 8.9778191309583826e+02 0. 0. 1.</data></camIntrinsicMat>
<distortion_coefficients type_id="opencv-matrix">
  <rows>4</rows>
  <cols>1</cols>
  <dt>d</dt>
  <data>
    2.2181737464255568e-02 -1.4654936009228240e-04
    1.5118910902338697e-03 -4.2978000993377147e-04</data></distortion_coefficients>
<camIntriMatrix type_id="opencv-matrix">
  <rows>3</rows>
  <cols>4</cols>
  <dt>d</dt>
  <data>
    1.4175878213967446e+03 0. 1.4300673843925561e+03 0. 0.
    1.4184939850664528e+03 8.9778191309583826e+02 0. 0. 0. 1. 0.</data></camIntriMatrix>
<avg_reprojection_error>2.5578110997973119e-01</avg_reprojection_error>
</opencv_storage>
