<?xml version="1.0"?>
<opencv_storage>
<camera_name>RR</camera_name>
<calibration_time>"2022-07-29 13:30:49"</calibration_time>
<undistort>1</undistort>
<rotationMatrix type_id="opencv-matrix">
  <rows>3</rows>
  <cols>3</cols>
  <dt>d</dt>
  <data>
    8.3948799399313179e-01 -5.3761640747098693e-01
    7.8920886711804528e-02 4.6401350285419474e-02
    -7.3783378462604021e-02 -9.9619422190370799e-01
    5.4139340837608796e-01 8.3995512468264277e-01
    -3.6994133133357421e-02</data></rotationMatrix>
<offsetMatrix type_id="opencv-matrix">
  <rows>3</rows>
  <cols>1</cols>
  <dt>d</dt>
  <data>
    -1.2396821674388816e+03 1.6211530097094594e+03
    -6.3051285209348134e+02</data></offsetMatrix>
<deltaXY>
  0. 0.</deltaXY>
<headLocation>
  0. 0.</headLocation>
<pointA>
  0. 0.</pointA>
<pointB>
  0. 0.</pointB>
<pointV>
  0. 0.</pointV>
<cameraLocation>
  1.3068300781250000e+03 -1.7256826400756836e+01 1.6894947509765625e+03</cameraLocation>
<extrinsicMatrix type_id="opencv-matrix">
  <rows>4</rows>
  <cols>4</cols>
  <dt>d</dt>
  <data>
    8.3948799399313179e-01 -5.3761640747098693e-01
    7.8920886711804528e-02 -1.2396821674388816e+03
    4.6401350285419474e-02 -7.3783378462604021e-02
    -9.9619422190370799e-01 1.6211530097094594e+03
    5.4139340837608796e-01 8.3995512468264277e-01
    -3.6994133133357421e-02 -6.3051285209348134e+02 0. 0. 0. 1.</data></extrinsicMatrix>
 <!-- resumed -->

<bsd_deltaXY>
  2485. 2820.</bsd_deltaXY>
<yaw>-3.2778544220577615e+01</yaw>
<pitch>9.2521847534928469e+01</pitch>
<roll>3.1637129209097248e+00</roll>
<avg_reprojection_error>3.9271590113639832e-01</avg_reprojection_error>
</opencv_storage>
