<?xml version="1.0"?>
<opencv_storage>
<camera_name>FC120</camera_name>
<camera_model>FISHEYE</camera_model>
<calibration_time>"2022-07-26 14:22:43"</calibration_time>
<camIntrinsicMat type_id="opencv-matrix">
  <rows>3</rows>
  <cols>3</cols>
  <dt>d</dt>
  <data>
    9.6842532355706066e+02 0. 9.7140406617045676e+02 0.
    9.6939641915648531e+02 5.9842131339086848e+02 0. 0. 1.</data></camIntrinsicMat>
<distortion_coefficients type_id="opencv-matrix">
  <rows>4</rows>
  <cols>1</cols>
  <dt>d</dt>
  <data>
    -2.6167343728419449e-02 -3.3936664755567433e-02
    2.6483088020986489e-02 -1.1242535992865378e-02</data></distortion_coefficients>
<camIntriMatrix type_id="opencv-matrix">
  <rows>3</rows>
  <cols>4</cols>
  <dt>d</dt>
  <data>
    9.6842532355706066e+02 0. 9.7140406617045676e+02 0. 0.
    9.6939641915648531e+02 5.9842131339086848e+02 0. 0. 0. 1. 0.</data></camIntriMatrix>
<avg_reprojection_error>3.3234004708583159e-01</avg_reprojection_error>
</opencv_storage>
