<?xml version="1.0"?>
<opencv_storage>
<camera_name>FC120</camera_name>
<calibration_time>"2022-12-07 16:32:05"</calibration_time>
<undistort>1</undistort>
<rotationMatrix type_id="opencv-matrix">
  <rows>3</rows>
  <cols>3</cols>
  <dt>d</dt>
  <data>
    9.9938641121666361e-01 -3.1288509181307322e-02
    -1.5742625851138663e-02 -1.5249068705666816e-02
    1.5950912644832792e-02 -9.9975648749553347e-01
    3.1531999287827357e-02 9.9938310851195011e-01 1.5464004717546302e-02</data></rotationMatrix>
<offsetMatrix type_id="opencv-matrix">
  <rows>3</rows>
  <cols>1</cols>
  <dt>d</dt>
  <data>
    -1.6337745987608614e+03 1.5144277875379150e+03
    3.2057122124463035e+03</data></offsetMatrix>
<deltaXY>
  1600. -3210.</deltaXY>
<headLocation>
  1600. -3210.</headLocation>
<pointA>
  4.7785112393147961e+02 1.0563791015573956e+03</pointA>
<pointB>
  1.4064537992546539e+03 1.0287845683448909e+03</pointB>
<pointV>
  9.4108477783203125e+02 6.1389361572265625e+02</pointV>
<cameraLocation>
  1.5547832031250000e+03 -3.2790095214843750e+03 1.4387659912109375e+03</cameraLocation>
<extrinsicMatrix type_id="opencv-matrix">
  <rows>4</rows>
  <cols>4</cols>
  <dt>d</dt>
  <data>
    9.9938641121666361e-01 -3.1288509181307322e-02
    -1.5742625851138663e-02 -1.6337745987608614e+03
    -1.5249068705666816e-02 1.5950912644832792e-02
    -9.9975648749553347e-01 1.5144277875379150e+03
    3.1531999287827357e-02 9.9938310851195011e-01 1.5464004717546302e-02
    3.2057122124463035e+03 0. 0. 0. 1.</data></extrinsicMatrix>
 <!-- resumed -->

<yaw_z>1.7932202762533618e+00</yaw_z>
<pitch_x>8.9086041231260424e+01</pitch_x>
<roll_z>0.</roll_z>
</opencv_storage>
