<?xml version="1.0"?>
<opencv_storage>
<camera_name>FC28</camera_name>
<camera_model>PINHOLE</camera_model>
<calibration_time>"2022-01-20 14:57:22"</calibration_time>
<camIntrinsicMat type_id="opencv-matrix">
  <rows>3</rows>
  <cols>3</cols>
  <dt>d</dt>
  <data>
    7.4093493574932545e+03 0. 1.8787799735382068e+03 0.
    7.4400707634885084e+03 1.1370171112485123e+03 0. 0. 1.</data></camIntrinsicMat>
<distortion_coefficients type_id="opencv-matrix">
  <rows>1</rows>
  <cols>5</cols>
  <dt>d</dt>
  <data>
    -2.3431389952287135e-01 2.7188010039981941e-01
    3.3098151297707564e-03 -4.2541591251130072e-03
    -4.3110187142436823e-01</data></distortion_coefficients>
<camIntriMatrix type_id="opencv-matrix">
  <rows>3</rows>
  <cols>4</cols>
  <dt>d</dt>
  <data>
    7.4093493574932545e+03 0. 1.8787799735382068e+03 0. 0.
    7.4400707634885084e+03 1.1370171112485123e+03 0. 0. 0. 1. 0.</data></camIntriMatrix>
<avg_reprojection_error>1.4595011257012738e-01</avg_reprojection_error>
</opencv_storage>
