<?xml version="1.0"?>
<opencv_storage>
<camera_name>FR</camera_name>
<calibration_time>"2022-07-17 20:41:39"</calibration_time>
<undistort>1</undistort>
<rotationMatrix type_id="opencv-matrix">
  <rows>3</rows>
  <cols>3</cols>
  <dt>d</dt>
  <data>
    -7.0568171468058660e-01 -7.0850743806965177e-01
    5.5251937021147390e-03 -9.6034668595934569e-03
    1.7671807090267055e-03 -9.9995232411181412e-01
    7.0846389533253151e-01 -7.0570113169267368e-01
    -8.0511948141736012e-03</data></rotationMatrix>
<offsetMatrix type_id="opencv-matrix">
  <rows>3</rows>
  <cols>1</cols>
  <dt>d</dt>
  <data>
    8.7225266147664377e+02 1.7415768531544118e+03
    -1.0076108230719638e+03</data></offsetMatrix>
<deltaXY>
  0. 0.</deltaXY>
<headLocation>
  0. 0.</headLocation>
<pointA>
  0. 0.</pointA>
<pointB>
  0. 0.</pointB>
<pointV>
  0. 0.</pointV>
<cameraLocation>
  1.3461137695312500e+03 -9.6152282714843750e+01 1.7285620117187500e+03</cameraLocation>
<extrinsicMatrix type_id="opencv-matrix">
  <rows>4</rows>
  <cols>4</cols>
  <dt>d</dt>
  <data>
    -7.0568171468058660e-01 -7.0850743806965177e-01
    5.5251937021147390e-03 8.7225266147664377e+02
    -9.6034668595934569e-03 1.7671807090267055e-03
    -9.9995232411181412e-01 1.7415768531544118e+03
    7.0846389533253151e-01 -7.0570113169267368e-01
    -8.0511948141736012e-03 -1.0076108230719638e+03 0. 0. 0. 1.</data></extrinsicMatrix>
 <!-- resumed -->

<bsd_deltaXY>
  2200. -4440.</bsd_deltaXY>
<yaw>-4.5110070248693937e+01</yaw>
<pitch>-9.0653647060236509e+01</pitch>
<roll>-1.7922032249915435e+02</roll>
<avg_reprojection_error>2.8736445307731628e-01</avg_reprojection_error>
</opencv_storage>
