<?xml version="1.0"?>
<opencv_storage>
<camera_name>FR</camera_name>
<camera_model>FISHEYE</camera_model>
<calibration_time>"2022-07-17 20:12:04"</calibration_time>
<camIntrinsicMat type_id="opencv-matrix">
  <rows>3</rows>
  <cols>3</cols>
  <dt>d</dt>
  <data>
    1.4178373963261140e+03 0. 1.3951159093984222e+03 0.
    1.4188245515400424e+03 8.8066306879834917e+02 0. 0. 1.</data></camIntrinsicMat>
<distortion_coefficients type_id="opencv-matrix">
  <rows>4</rows>
  <cols>1</cols>
  <dt>d</dt>
  <data>
    1.6751949213300341e-02 2.3978153217498053e-02
    -3.9938719947766751e-02 2.2663677470301142e-02</data></distortion_coefficients>
<camIntriMatrix type_id="opencv-matrix">
  <rows>3</rows>
  <cols>4</cols>
  <dt>d</dt>
  <data>
    1.4178373963261140e+03 0. 1.3951159093984222e+03 0. 0.
    1.4188245515400424e+03 8.8066306879834917e+02 0. 0. 0. 1. 0.</data></camIntriMatrix>
<avg_reprojection_error>3.5111287339677311e-01</avg_reprojection_error>
</opencv_storage>
