<?xml version="1.0"?>
<opencv_storage>
<camera_name>RC</camera_name>
<calibration_time>"2022-12-12 11:54:42"</calibration_time>
<undistort>1</undistort>
<rotationMatrix type_id="opencv-matrix">
  <rows>3</rows>
  <cols>3</cols>
  <dt>d</dt>
  <data>
    9.9997383587859467e-01 -6.5337789286362968e-03
    3.1043986794836113e-03 3.1314773990727472e-03 4.1382775350434758e-03
    -9.9998653416350658e-01 6.5208440825224347e-03
    9.9997009174872553e-01 4.1586296416932017e-03</data></rotationMatrix>
<offsetMatrix type_id="opencv-matrix">
  <rows>3</rows>
  <cols>1</cols>
  <dt>d</dt>
  <data>
    -1.9009892918863220e+03 1.4494868283581927e+03
    5.2402509406360587e+03</data></offsetMatrix>
<deltaXY>
  1820. -5145.</deltaXY>
<headLocation>
  1820. -5145.</headLocation>
<pointA>
  1.9311609487002681e+02 1.1606921781453034e+03</pointA>
<pointB>
  1.5551481217483561e+03 1.1624892753135705e+03</pointB>
<pointV>
  8.9315136718750000e+02 6.2738494873046875e+02</pointV>
<cameraLocation>
  1.8622296142578125e+03 -5.2585131835937500e+03 1.4335764160156250e+03</cameraLocation>
<extrinsicMatrix type_id="opencv-matrix">
  <rows>4</rows>
  <cols>4</cols>
  <dt>d</dt>
  <data>
    9.9997383587859467e-01 -6.5337789286362968e-03
    3.1043986794836113e-03 -1.9009892918863220e+03
    3.1314773990727472e-03 4.1382775350434758e-03
    -9.9998653416350658e-01 1.4494868283581927e+03
    6.5208440825224347e-03 9.9997009174872553e-01 4.1586296416932017e-03
    5.2402509406360587e+03 0. 0. 0. 1.</data></extrinsicMatrix>
 <!-- resumed -->

<yaw_z>3.7436381566673604e-01</yaw_z>
<pitch_x>8.9762892487441178e+01</pitch_x>
<roll_z>0.</roll_z>
</opencv_storage>
