<?xml version="1.0"?>
<opencv_storage>
<camera_name>RC</camera_name>
<camera_model>PINHOLE</camera_model>
<calibration_time>"2022-12-12 11:16:26"</calibration_time>
<camIntrinsicMat type_id="opencv-matrix">
  <rows>3</rows>
  <cols>3</cols>
  <dt>d</dt>
  <data>
    1.9651057870043965e+03 0. 9.0599131799164536e+02 0.
    1.9573207737498287e+03 6.1928476988140142e+02 0. 0. 1.</data></camIntrinsicMat>
<distortion_coefficients type_id="opencv-matrix">
  <rows>1</rows>
  <cols>5</cols>
  <dt>d</dt>
  <data>
    -4.9235386057462616e-01 2.3878096439012653e-01
    -3.3356812953329105e-03 3.4651077077240116e-03
    -5.8688540065216739e-02</data></distortion_coefficients>
<camIntriMatrix type_id="opencv-matrix">
  <rows>3</rows>
  <cols>4</cols>
  <dt>d</dt>
  <data>
    1.9651057870043965e+03 0. 9.0599131799164536e+02 0. 0.
    1.9573207737498287e+03 6.1928476988140142e+02 0. 0. 0. 1. 0.</data></camIntriMatrix>
<avg_reprojection_error>3.2778650641954926e-01</avg_reprojection_error>
</opencv_storage>
