<?xml version="1.0"?>
<opencv_storage>
<camera_name>RL</camera_name>
<camera_model>FISHEYE</camera_model>
<calibration_time>"2022-06-22 16:54:55"</calibration_time>
<camIntrinsicMat type_id="opencv-matrix">
  <rows>3</rows>
  <cols>3</cols>
  <dt>d</dt>
  <data>
    1.1505599226522331e+03 0. 9.6475696917551159e+02 0.
    1.1499799958330038e+03 5.9222541953733185e+02 0. 0. 1.</data></camIntrinsicMat>
<distortion_coefficients type_id="opencv-matrix">
  <rows>4</rows>
  <cols>1</cols>
  <dt>d</dt>
  <data>
    -3.8275068301585100e-02 -1.3113012147349024e-02
    2.5726039991340884e-02 -2.6945118369304227e-02</data></distortion_coefficients>
<camIntriMatrix type_id="opencv-matrix">
  <rows>3</rows>
  <cols>4</cols>
  <dt>d</dt>
  <data>
    1.1505599226522331e+03 0. 9.6475696917551159e+02 0. 0.
    1.1499799958330038e+03 5.9222541953733185e+02 0. 0. 0. 1. 0.</data></camIntriMatrix>
<avg_reprojection_error>3.3748383453817132e-01</avg_reprojection_error>
</opencv_storage>
