<?xml version="1.0"?>
<opencv_storage>
<camera_name>FR</camera_name>
<calibration_time>"2021-10-12 10:12:10"</calibration_time>
<undistort>1</undistort>
<rotationMatrix type_id="opencv-matrix">
  <rows>3</rows>
  <cols>3</cols>
  <dt>d</dt>
  <data>
    -6.8978880856326497e-01 -7.2383197984187597e-01
    -1.6083051298225015e-02 1.9165760168987966e-02
    3.9507024198047747e-03 -9.9980851446041141e-01
    7.2375691583432622e-01 -6.8996496788502237e-01
    1.1147639813147925e-02</data></rotationMatrix>
<offsetMatrix type_id="opencv-matrix">
  <rows>3</rows>
  <cols>1</cols>
  <dt>d</dt>
  <data>
    7.8143724480779167e+02 1.7338426845655449e+03
    -1.1966501838565111e+03</data></offsetMatrix>
<deltaXY>
  0. 0.</deltaXY>
<headLocation>
  0. 0.</headLocation>
<pointA>
  0. 0.</pointA>
<pointB>
  0. 0.</pointB>
<pointV>
  0. 0.</pointV>
<cameraLocation>
  1.3718801269531250e+03 -2.6686734008789062e+02 1.7594184570312500e+03</cameraLocation>
<extrinsicMatrix type_id="opencv-matrix">
  <rows>4</rows>
  <cols>4</cols>
  <dt>d</dt>
  <data>
    -6.8978880856326497e-01 -7.2383197984187597e-01
    -1.6083051298225015e-02 7.8143724480779167e+02
    1.9165760168987966e-02 3.9507024198047747e-03
    -9.9980851446041141e-01 1.7338426845655449e+03
    7.2375691583432622e-01 -6.8996496788502237e-01
    1.1147639813147925e-02 -1.1966501838565111e+03 0. 0. 0. 1.</data></extrinsicMatrix>
 <!-- resumed -->

<bsd_deltaXY>
  2380. -5065.</bsd_deltaXY>
<yaw>-4.6365536072486123e+01</yaw>
<pitch>-8.9074362939960821e+01</pitch>
<roll>1.7840844806084041e+02</roll>
</opencv_storage>
