<?xml version="1.0"?>
<opencv_storage>
<camera_name>FC60</camera_name>
<calibration_time>"2023-01-07 12:22:39"</calibration_time>
<undistort>1</undistort>
<rotationMatrix type_id="opencv-matrix">
  <rows>3</rows>
  <cols>3</cols>
  <dt>d</dt>
  <data>
    9.9996090805803750e-01 1.6437300434602386e-03 8.6879518466413536e-03
    8.7358443113875368e-03 -3.1804348813017150e-02
    -9.9945593620766848e-01 -1.3665210984579463e-03
    9.9949276212893312e-01 -3.1817464889008808e-02</data></rotationMatrix>
<offsetMatrix type_id="opencv-matrix">
  <rows>3</rows>
  <cols>1</cols>
  <dt>d</dt>
  <data>
    -1.8651169204480768e+03 1.2311557878854383e+03
    5.2390191821907101e+03</data></offsetMatrix>
<deltaXY>
  1810. -5150.</deltaXY>
<headLocation>
  1810. -5150.</headLocation>
<pointA>
  2.6513080297888280e+02 1.1028919064763127e+03</pointA>
<pointB>
  1.6140905991573995e+03 1.1151700092061644e+03</pointB>
<pointV>
  9.5922924804687500e+02 5.8277716064453125e+02</pointV>
<cameraLocation>
  1.8614479980468750e+03 -5.1941401367187500e+03 1.4133823242187500e+03</cameraLocation>
<extrinsicMatrix type_id="opencv-matrix">
  <rows>4</rows>
  <cols>4</cols>
  <dt>d</dt>
  <data>
    9.9996090805803750e-01 1.6437300434602386e-03 8.6879518466413536e-03
    -1.8651169204480768e+03 8.7358443113875368e-03
    -3.1804348813017150e-02 -9.9945593620766848e-01
    1.2311557878854383e+03 -1.3665210984579463e-03
    9.9949276212893312e-01 -3.1817464889008808e-02
    5.2390191821907101e+03 0. 0. 0. 1.</data></extrinsicMatrix>
 <!-- resumed -->

<yaw_z>-9.4226501684932379e-02</yaw_z>
<pitch_x>9.1822563352415202e+01</pitch_x>
<roll_z>0.</roll_z>
</opencv_storage>
