<?xml version="1.0"?>
<opencv_storage>
<camera_name>FL</camera_name>
<calibration_time>"2023-01-07 13:26:40"</calibration_time>
<undistort>1</undistort>
<rotationMatrix type_id="opencv-matrix">
  <rows>3</rows>
  <cols>3</cols>
  <dt>d</dt>
  <data>
    -7.1233445544685692e-01 7.0167451769172340e-01
    1.5247780340658490e-02 -7.9122197520368753e-03
    1.3695418572951645e-02 -9.9987490832038906e-01
    -7.0179556878183913e-01 -7.1236599212216634e-01
    -4.2039155528994510e-03</data></rotationMatrix>
<offsetMatrix type_id="opencv-matrix">
  <rows>3</rows>
  <cols>1</cols>
  <dt>d</dt>
  <data>
    2.5547331358427059e+03 1.3314212083676402e+03
    -4.4645791840176544e+03</data></offsetMatrix>
<deltaXY>
  0. 0.</deltaXY>
<headLocation>
  0. 0.</headLocation>
<pointA>
  0. 0.</pointA>
<pointB>
  0. 0.</pointB>
<pointV>
  0. 0.</pointV>
<cameraLocation>
  -1.3028629150390625e+03 -4.9912397460937500e+03 1.2735319824218750e+03</cameraLocation>
<extrinsicMatrix type_id="opencv-matrix">
  <rows>4</rows>
  <cols>4</cols>
  <dt>d</dt>
  <data>
    -7.1233445544685692e-01 7.0167451769172340e-01
    1.5247780340658490e-02 2.5547331358427059e+03
    -7.9122197520368753e-03 1.3695418572951645e-02
    -9.9987490832038906e-01 1.3314212083676402e+03
    -7.0179556878183913e-01 -7.1236599212216634e-01
    -4.2039155528994510e-03 -4.4645791840176544e+03 0. 0. 0. 1.</data></extrinsicMatrix>
 <!-- resumed -->

<bsd_deltaXY>
  -3130. -8550.</bsd_deltaXY>
<yaw>4.4571241392983509e+01</yaw>
<pitch>-9.0338118081442829e+01</pitch>
<roll>-1.7936361613180387e+02</roll>
<avg_reprojection_error>3.2878226041793823e-01</avg_reprojection_error>
</opencv_storage>
