<?xml version="1.0"?>
<opencv_storage>
<camera_name>FL</camera_name>
<camera_model>FISHEYE</camera_model>
<calibration_time>"2023-01-7 13:03:47"</calibration_time>
<camIntrinsicMat type_id="opencv-matrix">
  <rows>3</rows>
  <cols>3</cols>
  <dt>d</dt>
  <data>
    1150.733495123563 0. 943.831149861977 0.
    1150.4323662204747 592.53442391472242 0. 0. 1.</data></camIntrinsicMat>
<distortion_coefficients type_id="opencv-matrix">
  <rows>4</rows>
  <cols>1</cols>
  <dt>d</dt>
  <data>
    -0.032307420377102075 -0.009898170871161403
    -0.040308488317307614 0.050183743426643175</data></distortion_coefficients>
<camIntriMatrix type_id="opencv-matrix">
  <rows>3</rows>
  <cols>4</cols>
  <dt>d</dt>
  <data>
    1150.733495123563 0. 943.831149861977 0. 0.
    1150.4323662204747 592.53442391472242 0. 0. 0. 1. 0.</data></camIntriMatrix>
<avg_reprojection_error>3.3586095551351586e-01</avg_reprojection_error>
</opencv_storage>
