<?xml version="1.0"?>
<opencv_storage>
<camera_name>FC28</camera_name>
<calibration_time>"2022-07-12 01:35:49"</calibration_time>
<undistort>1</undistort>
<rotationMatrix type_id="opencv-matrix">
  <rows>3</rows>
  <cols>3</cols>
  <dt>d</dt>
  <data>
    9.9958971665495733e-01 2.8116067354014115e-02
    -5.4667279250607999e-03 -4.7613719838768631e-03
    -2.5093340858758136e-02 -9.9967377357884979e-01
    -2.8244073617190037e-02 9.9928965320426033e-01
    -2.4949174423536110e-02</data></rotationMatrix>
<offsetMatrix type_id="opencv-matrix">
  <rows>3</rows>
  <cols>1</cols>
  <dt>d</dt>
  <data>
    -1.1685114922353055e+03 1.9456597332124386e+03
    1.7153947496580342e+04</data></offsetMatrix>
<deltaXY>
  1685. -16910.</deltaXY>
<headLocation>
  1685. -16910.</headLocation>
<pointA>
  1.2885781974433244e+03 1.8992633925721659e+03</pointA>
<pointB>
  2.7414487047616294e+03 1.8969957006165055e+03</pointB>
<pointV>
  1.9918333740234375e+03 8.8752355957031250e+02</pointV>
<cameraLocation>
  1.6617934570312500e+03 -1.7060085937500000e+04 2.3666140136718750e+03</cameraLocation>
<extrinsicMatrix type_id="opencv-matrix">
  <rows>4</rows>
  <cols>4</cols>
  <dt>d</dt>
  <data>
    9.9958971665495733e-01 2.8116067354014115e-02
    -5.4667279250607999e-03 -1.1685114922353055e+03
    -4.7613719838768631e-03 -2.5093340858758136e-02
    -9.9967377357884979e-01 1.9456597332124386e+03
    -2.8244073617190037e-02 9.9928965320426033e-01
    -2.4949174423536110e-02 1.7153947496580342e+04 0. 0. 0. 1.</data></extrinsicMatrix>
 <!-- resumed -->

<yaw_z>1.6184814323228265e+00</yaw_z>
<pitch_x>9.1430201425858201e+01</pitch_x>
<roll_z>-2.7291642920062070e-01</roll_z>
</opencv_storage>
