<?xml version="1.0"?>
<opencv_storage>
<camera_name>FC28</camera_name>
<camera_model>PINHOLE</camera_model>
<calibration_time>"2022-07-12 01:14:43"</calibration_time>
<camIntrinsicMat type_id="opencv-matrix">
  <rows>3</rows>
  <cols>3</cols>
  <dt>d</dt>
  <data>
    7.3061559598695530e+03 0. 1.7862669775257496e+03 0.
    7.3031553018024997e+03 1.0709143959959126e+03 0. 0. 1.</data></camIntrinsicMat>
<distortion_coefficients type_id="opencv-matrix">
  <rows>1</rows>
  <cols>5</cols>
  <dt>d</dt>
  <data>
    -2.0096951930575127e-01 -2.6591763652647005e-01
    -1.5181021147820432e-03 1.4756891446472292e-03
    1.9987249323778000e+00</data></distortion_coefficients>
<camIntriMatrix type_id="opencv-matrix">
  <rows>3</rows>
  <cols>4</cols>
  <dt>d</dt>
  <data>
    7.3061559598695530e+03 0. 1.7862669775257496e+03 0. 0.
    7.3031553018024997e+03 1.0709143959959126e+03 0. 0. 0. 1. 0.</data></camIntriMatrix>
<avg_reprojection_error>1.5026662206156680e-01</avg_reprojection_error>
</opencv_storage>
