<?xml version="1.0"?>
<opencv_storage>
<camera_name>FC60</camera_name>
<camera_model>PINHOLE</camera_model>
<calibration_time>"2022-09-22 09:46:05"</calibration_time>
<camIntrinsicMat type_id="opencv-matrix">
  <rows>3</rows>
  <cols>3</cols>
  <dt>d</dt>
  <data>
    1.9470228360539595e+03 0. 9.5101301092361348e+02 0.
    1.9429355999848219e+03 6.3002346111730799e+02 0. 0. 1.</data></camIntrinsicMat>
<distortion_coefficients type_id="opencv-matrix">
  <rows>1</rows>
  <cols>5</cols>
  <dt>d</dt>
  <data>
    -5.0046389739792718e-01 2.7288165777643425e-01
    -3.8255746640647702e-03 8.7934049962483634e-04
    -9.0630717520831447e-02</data></distortion_coefficients>
<camIntriMatrix type_id="opencv-matrix">
  <rows>3</rows>
  <cols>4</cols>
  <dt>d</dt>
  <data>
    1.9470228360539595e+03 0. 9.5101301092361348e+02 0. 0.
    1.9429355999848219e+03 6.3002346111730799e+02 0. 0. 0. 1. 0.</data></camIntriMatrix>
<avg_reprojection_error>1.8374924754566649e-01</avg_reprojection_error>
</opencv_storage>
