<?xml version="1.0"?>
<opencv_storage>
<camera_name>FC60</camera_name>
<calibration_time>"2022-09-22 10:34:09"</calibration_time>
<undistort>1</undistort>
<rotationMatrix type_id="opencv-matrix">
  <rows>3</rows>
  <cols>3</cols>
  <dt>d</dt>
  <data>
    9.9995700272818044e-01 9.1115863823345005e-03 1.7238585995357305e-03
    1.6345655254594534e-03 9.7983266316683977e-03
    -9.9995065927812765e-01 -9.1280277397100557e-03
    9.9991048188766196e-01 9.7830118453720270e-03</data></rotationMatrix>
<offsetMatrix type_id="opencv-matrix">
  <rows>3</rows>
  <cols>1</cols>
  <dt>d</dt>
  <data>
    -1.8394510771456330e+03 1.4705229269780671e+03
    5.3298721772472354e+03</data></offsetMatrix>
<deltaXY>
  1860. -5300.</deltaXY>
<headLocation>
  1860. -5300.</headLocation>
<pointA>
  2.7905444720879950e+02 1.1660834735161820e+03</pointA>
<pointB>
  1.6128290050688674e+03 1.1716287288626118e+03</pointB>
<pointV>
  9.6875506591796875e+02 6.4906268310546875e+02</pointV>
<cameraLocation>
  1.8856195068359375e+03 -5.3270434570312500e+03 1.4214791259765625e+03</cameraLocation>
<extrinsicMatrix type_id="opencv-matrix">
  <rows>4</rows>
  <cols>4</cols>
  <dt>d</dt>
  <data>
    9.9995700272818044e-01 9.1115863823345005e-03 1.7238585995357305e-03
    -1.8394510771456330e+03 1.6345655254594534e-03
    9.7983266316683977e-03 -9.9995065927812765e-01
    1.4705229269780671e+03 -9.1280277397100557e-03
    9.9991048188766196e-01 9.7830118453720270e-03 5.3298721772472354e+03
    0. 0. 0. 1.</data></extrinsicMatrix>
 <!-- resumed -->

<yaw_z>-5.2208770732472720e-01</yaw_z>
<pitch_x>8.9438588275459793e+01</pitch_x>
<roll_z>0.</roll_z>
</opencv_storage>
