<?xml version="1.0"?>
<opencv_storage>
<camera_name>RR</camera_name>
<calibration_time>"2023-02-18 11:23:58"</calibration_time>
<undistort>1</undistort>
<rotationMatrix type_id="opencv-matrix">
  <rows>3</rows>
  <cols>3</cols>
  <dt>d</dt>
  <data>
    6.9415264668098353e-01 -7.1859299709487445e-01
    4.2145078383975576e-02 4.2245168793024201e-02
    -1.7779453763763581e-02 -9.9894906613776413e-01
    7.1858711985356005e-01 6.9520356410915196e-01 1.8015427569099490e-02</data></rotationMatrix>
<offsetMatrix type_id="opencv-matrix">
  <rows>3</rows>
  <cols>1</cols>
  <dt>d</dt>
  <data>
    -7.7434110688758346e+03 1.0190038778907458e+03
    5.6069828585069399e+03</data></offsetMatrix>
<deltaXY>
  0. 0.</deltaXY>
<headLocation>
  0. 0.</headLocation>
<pointA>
  0. 0.</pointA>
<pointB>
  0. 0.</pointB>
<pointV>
  0. 0.</pointV>
<cameraLocation>
  1.3029556884765625e+03 -9.4442382812500000e+03 1.2432674560546875e+03</cameraLocation>
<extrinsicMatrix type_id="opencv-matrix">
  <rows>4</rows>
  <cols>4</cols>
  <dt>d</dt>
  <data>
    6.9415264668098353e-01 -7.1859299709487445e-01
    4.2145078383975576e-02 -7.7434110688758346e+03
    4.2245168793024201e-02 -1.7779453763763581e-02
    -9.9894906613776413e-01 1.0190038778907458e+03
    7.1858711985356005e-01 6.9520356410915196e-01 1.8015427569099490e-02
    5.6069828585069399e+03 0. 0. 0. 1.</data></extrinsicMatrix>
 <!-- resumed -->

<bsd_deltaXY>
  2315. -6665.</bsd_deltaXY>
<yaw>-4.5937953111510311e+01</yaw>
<pitch>8.8515575783234155e+01</pitch>
<roll>3.4826463930045093e+00</roll>
<avg_reprojection_error>5.3258633613586426e-01</avg_reprojection_error>
</opencv_storage>
