<?xml version="1.0"?>
<opencv_storage>
<camera_name>RR</camera_name>
<camera_model>FISHEYE</camera_model>
<calibration_time>"2023-02-16 13:16:28"</calibration_time>
<camIntrinsicMat type_id="opencv-matrix">
  <rows>3</rows>
  <cols>3</cols>
  <dt>d</dt>
  <data>
    1122.736891068309 0. 957.62773010188914 0.
    1124.7781599165048 594.79544774607848 0. 0. 1.</data></camIntrinsicMat>
<distortion_coefficients type_id="opencv-matrix">
  <rows>4</rows>
  <cols>1</cols>
  <dt>d</dt>
  <data>
    -0.02239334826262691 -0.0025627156627806486
    -0.034219557545338945 0.027020680605648859</data></distortion_coefficients>
<camIntriMatrix type_id="opencv-matrix">
  <rows>3</rows>
  <cols>4</cols>
  <dt>d</dt>
  <data>
    1122.736891068309 0. 957.62773010188914 0. 0.
    1124.7781599165048 594.79544774607848 0. 0. 0. 1. 0.</data></camIntriMatrix>
<avg_reprojection_error>2.6457125923997610e-01</avg_reprojection_error>
</opencv_storage>
