<?xml version="1.0"?>
<opencv_storage>
<camera_name>FC120</camera_name>
<camera_model>FISHEYE</camera_model>
<calibration_time>"2022-06-24 16:49:14"</calibration_time>
<camIntrinsicMat type_id="opencv-matrix">
  <rows>3</rows>
  <cols>3</cols>
  <dt>d</dt>
  <data>
    1.9459660997896399e+03 0. 1.8686701440682898e+03 0.
    1.9461490222395471e+03 1.1044605080673487e+03 0. 0. 1.</data></camIntrinsicMat>
<distortion_coefficients type_id="opencv-matrix">
  <rows>4</rows>
  <cols>1</cols>
  <dt>d</dt>
  <data>
    -5.1733082159208722e-02 -3.5787990066872741e-03
    7.0348090808572891e-03 -4.0489935277959847e-03</data></distortion_coefficients>
<camIntriMatrix type_id="opencv-matrix">
  <rows>3</rows>
  <cols>4</cols>
  <dt>d</dt>
  <data>
    1.9459660997896399e+03 0. 1.8686701440682898e+03 0. 0.
    1.9461490222395471e+03 1.1044605080673487e+03 0. 0. 0. 1. 0.</data></camIntriMatrix>
<avg_reprojection_error>1.9714077922576007e-01</avg_reprojection_error>
</opencv_storage>
