<?xml version="1.0"?>
<opencv_storage>
<camera_name>FC120</camera_name>
<calibration_time>"2022-07-12 01:40:16"</calibration_time>
<undistort>1</undistort>
<rotationMatrix type_id="opencv-matrix">
  <rows>3</rows>
  <cols>3</cols>
  <dt>d</dt>
  <data>
    9.9978352283514982e-01 -2.9860212149376291e-03
    -2.0591045253736891e-02 -2.0662363449942631e-02
    -2.6231670232682625e-02 -9.9944232760748453e-01
    2.4442184845003215e-03 9.9965143082681973e-01
    -2.6287689930693647e-02</data></rotationMatrix>
<offsetMatrix type_id="opencv-matrix">
  <rows>3</rows>
  <cols>1</cols>
  <dt>d</dt>
  <data>
    -1.6681917000493945e+03 2.2174219241337091e+03
    5.1172697151247130e+03</data></offsetMatrix>
<deltaXY>
  1685. -4910.</deltaXY>
<headLocation>
  1685. -4910.</headLocation>
<pointA>
  1.2342997323129939e+03 1.9477683166807124e+03</pointA>
<pointB>
  2.5258851188371800e+03 1.9197267865444828e+03</pointB>
<pointV>
  1.8628574218750000e+03 1.0533919677734375e+03</pointV>
<cameraLocation>
  1.7011400146484375e+03 -5.0623007812500000e+03 2.3163566894531250e+03</cameraLocation>
<extrinsicMatrix type_id="opencv-matrix">
  <rows>4</rows>
  <cols>4</cols>
  <dt>d</dt>
  <data>
    9.9978352283514982e-01 -2.9860212149376291e-03
    -2.0591045253736891e-02 -1.6681917000493945e+03
    -2.0662363449942631e-02 -2.6231670232682625e-02
    -9.9944232760748453e-01 2.2174219241337091e+03
    2.4442184845003215e-03 9.9965143082681973e-01
    -2.6287689930693647e-02 5.1172697151247130e+03 0. 0. 0. 1.</data></extrinsicMatrix>
 <!-- resumed -->

<yaw_z>-1.4004354184872611e-01</yaw_z>
<pitch_x>9.1506351712520996e+01</pitch_x>
<roll_z>-1.1839540123800678e+00</roll_z>
</opencv_storage>
