<?xml version="1.0"?>
<opencv_storage>
<camera_name>RL</camera_name>
<calibration_time>"2023-01-05 09:45:58"</calibration_time>
<undistort>1</undistort>
<rotationMatrix type_id="opencv-matrix">
  <rows>3</rows>
  <cols>3</cols>
  <dt>d</dt>
  <data>
    7.0483168550449615e-01 7.0926590759422214e-01
    -1.2416417898721388e-02 -3.5167728780993057e-02
    1.7455350535467609e-02 -9.9922897355414531e-01
    -7.0850231189550672e-01 7.0472489885218925e-01
    3.7246355210863960e-02</data></rotationMatrix>
<offsetMatrix type_id="opencv-matrix">
  <rows>3</rows>
  <cols>1</cols>
  <dt>d</dt>
  <data>
    7.6905459242105044e+03 1.3703774211569682e+03 5.7410762945503202e+03</data></offsetMatrix>
<deltaXY>
  0. 0.</deltaXY>
<headLocation>
  0. 0.</headLocation>
<pointA>
  0. 0.</pointA>
<pointB>
  0. 0.</pointB>
<pointV>
  0. 0.</pointV>
<cameraLocation>
  -1.3047816162109375e+03 -9.5244414062500000e+03 1.2509757080078125e+03</cameraLocation>
<extrinsicMatrix type_id="opencv-matrix">
  <rows>4</rows>
  <cols>4</cols>
  <dt>d</dt>
  <data>
    7.0483168550449615e-01 7.0926590759422214e-01
    -1.2416417898721388e-02 7.6905459242105044e+03
    -3.5167728780993057e-02 1.7455350535467609e-02
    -9.9922897355414531e-01 1.3703774211569682e+03
    -7.0850231189550672e-01 7.0472489885218925e-01
    3.7246355210863960e-02 5.7410762945503202e+03 0. 0. 0. 1.</data></extrinsicMatrix>
 <!-- resumed -->

<bsd_deltaXY>
  -3135. -6725.</bsd_deltaXY>
<yaw>4.5113189071274789e+01</yaw>
<pitch>8.6974599291760882e+01</pitch>
<roll>-2.8564164523291184e+00</roll>
<avg_reprojection_error>3.5029217600822449e-01</avg_reprojection_error>
</opencv_storage>
