<?xml version="1.0"?>
<opencv_storage>
<camera_name>FC120</camera_name>
<camera_model>FISHEYE</camera_model>
<calibration_time>"2022-12-25 9:22:16"</calibration_time>
<camIntrinsicMat type_id="opencv-matrix">
  <rows>3</rows>
  <cols>3</cols>
  <dt>d</dt>
  <data>
    980.76922111170302 0. 969.68394174687739 0.
   980.09261428671277 596.51563512103723 0. 0. 1.</data></camIntrinsicMat>
<distortion_coefficients type_id="opencv-matrix">
  <rows>4</rows>
  <cols>1</cols>
  <dt>d</dt>
  <data>
   -0.043861404381689235 -0.0010593731531589096
   -0.0057871025616615772 -0.00029892387710328332</data></distortion_coefficients>
<camIntriMatrix type_id="opencv-matrix">
  <rows>3</rows>
  <cols>4</cols>
  <dt>d</dt>
  <data>
    980.76922111170302 0. 969.68394174687739 0. 0.
    980.09261428671277 596.51563512103723 0. 0. 0. 1. 0.</data></camIntriMatrix>
<avg_reprojection_error>1.7707556883582912e-01</avg_reprojection_error>
</opencv_storage>
