<?xml version="1.0"?>
<opencv_storage>
<camera_name>FC120</camera_name>
<calibration_time>"2022-12-25 15:58:12"</calibration_time>
<undistort>1</undistort>
<rotationMatrix type_id="opencv-matrix">
  <rows>3</rows>
  <cols>3</cols>
  <dt>d</dt>
  <data>
    9.9957845426228009e-01 -1.2030665190398058e-02
    -2.6423036723798039e-02 -2.6268654125583445e-02
    1.2814554965518227e-02 -9.9957278123779769e-01
    1.2364124920959962e-02 9.9984551320497117e-01 1.2493123661704473e-02</data></rotationMatrix>
<offsetMatrix type_id="opencv-matrix">
  <rows>3</rows>
  <cols>1</cols>
  <dt>d</dt>
  <data>
    -1.7787239608128968e+03 1.5402820175975537e+03
    3.2975689101198323e+03</data></offsetMatrix>
<deltaXY>
  1810. -3255.</deltaXY>
<headLocation>
  1810. -3255.</headLocation>
<pointA>
  4.4065247609183723e+02 1.0543132037277658e+03</pointA>
<pointB>
  1.5124514937257177e+03 1.0202053831493999e+03</pointB>
<pointV>
  9.5788281250000000e+02 6.0907702636718750e+02</pointV>
<cameraLocation>
  1.7776636962890625e+03 -3.3381967773437500e+03 1.4514277343750000e+03</cameraLocation>
<extrinsicMatrix type_id="opencv-matrix">
  <rows>4</rows>
  <cols>4</cols>
  <dt>d</dt>
  <data>
    9.9957845426228009e-01 -1.2030665190398058e-02
    -2.6423036723798039e-02 -1.7787239608128968e+03
    -2.6268654125583445e-02 1.2814554965518227e-02
    -9.9957278123779769e-01 1.5402820175975537e+03
    1.2364124920959962e-02 9.9984551320497117e-01 1.2493123661704473e-02
    3.2975689101198323e+03 0. 0. 0. 1.</data></extrinsicMatrix>
 <!-- resumed -->

<yaw_z>6.8937958402670241e-01</yaw_z>
<pitch_x>8.9265757168701796e+01</pitch_x>
<roll_z>0.</roll_z>
</opencv_storage>
