<?xml version="1.0"?>
<opencv_storage>
<camera_name>FC60</camera_name>
<calibration_time>"2023-01-07 13:16:08"</calibration_time>
<undistort>1</undistort>
<rotationMatrix type_id="opencv-matrix">
  <rows>3</rows>
  <cols>3</cols>
  <dt>d</dt>
  <data>
    9.9990665373833210e-01 5.7347900078084376e-05 1.3663108029649469e-02
    1.3662890726252023e-02 -1.1226965241749329e-02
    -9.9984362810814731e-01 9.6056306464685338e-05
    9.9993697399520087e-01 -1.1226700784606282e-02</data></rotationMatrix>
<offsetMatrix type_id="opencv-matrix">
  <rows>3</rows>
  <cols>1</cols>
  <dt>d</dt>
  <data>
    -1.8928096966685250e+03 1.3473868086739083e+03
    5.2539626265984161e+03</data></offsetMatrix>
<deltaXY>
  1820. -5300.</deltaXY>
<headLocation>
  1820. -5300.</headLocation>
<pointA>
  2.4955548167927873e+02 1.1234118655437937e+03</pointA>
<pointB>
  1.6019723298366755e+03 1.1418280971654608e+03</pointB>
<pointV>
  9.5301593017578125e+02 6.0165155029296875e+02</pointV>
<cameraLocation>
  1.8737191162109375e+03 -5.2383959960937500e+03 1.4320224609375000e+03</cameraLocation>
<extrinsicMatrix type_id="opencv-matrix">
  <rows>4</rows>
  <cols>4</cols>
  <dt>d</dt>
  <data>
    9.9990665373833210e-01 5.7347900078084376e-05 1.3663108029649469e-02
    -1.8928096966685250e+03 1.3662890726252023e-02
    -1.1226965241749329e-02 -9.9984362810814731e-01
    1.3473868086739083e+03 9.6056306464685338e-05 9.9993697399520087e-01
    -1.1226700784606282e-02 5.2539626265984161e+03 0. 0. 0. 1.</data></extrinsicMatrix>
 <!-- resumed -->

<yaw_z>-3.2859996741238370e-03</yaw_z>
<pitch_x>9.0643269720509963e+01</pitch_x>
<roll_z>0.</roll_z>
</opencv_storage>
