<?xml version="1.0"?>
<opencv_storage>
<camera_name>FC60</camera_name>
<camera_model>PINHOLE</camera_model>
<calibration_time>"2022-1-07 13:00:33"</calibration_time>
<camIntrinsicMat type_id="opencv-matrix">
  <rows>3</rows>
  <cols>3</cols>
  <dt>d</dt>
  <data>
    1952.3180985416006 0. 952.90396177562411 0.
    1949.1999730127375 623.53652996203527 0. 0. 1.</data></camIntrinsicMat>
<distortion_coefficients type_id="opencv-matrix">
  <rows>1</rows>
  <cols>5</cols>
  <dt>d</dt>
  <data>
    -0.50912624336620793 0.24263206389943776
    -0.002058021893628552 0.0022601081552672125
    0</data></distortion_coefficients>
<camIntriMatrix type_id="opencv-matrix">
  <rows>3</rows>
  <cols>4</cols>
  <dt>d</dt>
  <data>
    1952.3180985416006 0. 952.90396177562411 0. 0.
    1949.1999730127375 623.53652996203527 0. 0. 0. 1. 0.</data></camIntriMatrix>
<avg_reprojection_error>2.2241281001904609e-01</avg_reprojection_error>
</opencv_storage>
