<?xml version="1.0"?>
<opencv_storage>
<camera_name>RL</camera_name>
<camera_model>FISHEYE</camera_model>
<calibration_time>"2021-12-06 11:04:35"</calibration_time>
<camIntrinsicMat type_id="opencv-matrix">
  <rows>3</rows>
  <cols>3</cols>
  <dt>d</dt>
  <data>
    1.4264099538577570e+03 0. 1.4942678369049991e+03 0.
    1.4260459948145030e+03 8.8963525810262161e+02 0. 0. 1.</data></camIntrinsicMat>
<distortion_coefficients type_id="opencv-matrix">
  <rows>4</rows>
  <cols>1</cols>
  <dt>d</dt>
  <data>
    2.3822040486372879e-02 1.5940667130290378e-02
    -3.9336438485411115e-02 2.5363168922503170e-02</data></distortion_coefficients>
<camIntriMatrix type_id="opencv-matrix">
  <rows>3</rows>
  <cols>4</cols>
  <dt>d</dt>
  <data>
    1.4264099538577570e+03 0. 1.4942678369049991e+03 0. 0.
    1.4260459948145030e+03 8.8963525810262161e+02 0. 0. 0. 1. 0.</data></camIntriMatrix>
<avg_reprojection_error>8.5477907659188634e-01</avg_reprojection_error>
</opencv_storage>
