<?xml version="1.0"?>
<opencv_storage>
<camera_name>RL</camera_name>
<calibration_time>"2022-08-29 18:11:19"</calibration_time>
<undistort>1</undistort>
<rotationMatrix type_id="opencv-matrix">
  <rows>3</rows>
  <cols>3</cols>
  <dt>d</dt>
  <data>
    6.6054593956515550e-01 7.4994370045409431e-01
    -3.5545855921694069e-02 2.0873985006194362e-02
    -6.5671047525663828e-02 -9.9762296999760558e-01
    -7.5049539537158205e-01 6.5823381838530737e-01
    -5.9033057348836293e-02</data></rotationMatrix>
<offsetMatrix type_id="opencv-matrix">
  <rows>3</rows>
  <cols>1</cols>
  <dt>d</dt>
  <data>
    4.7663530684765891e+02 1.6789273568768667e+03
    -3.0996775397077630e+02</data></offsetMatrix>
<deltaXY>
  0. 0.</deltaXY>
<headLocation>
  0. 0.</headLocation>
<pointA>
  0. 0.</pointA>
<pointB>
  0. 0.</pointB>
<pointV>
  0. 0.</pointV>
<cameraLocation>
  -5.8251477050781250e+02 -4.3161468505859375e+01 1.6735805664062500e+03</cameraLocation>
<extrinsicMatrix type_id="opencv-matrix">
  <rows>4</rows>
  <cols>4</cols>
  <dt>d</dt>
  <data>
    6.6054593956515550e-01 7.4994370045409431e-01
    -3.5545855921694069e-02 4.7663530684765891e+02
    2.0873985006194362e-02 -6.5671047525663828e-02
    -9.9762296999760558e-01 1.6789273568768667e+03
    -7.5049539537158205e-01 6.5823381838530737e-01
    -5.9033057348836293e-02 -3.0996775397077630e+02 0. 0. 0. 1.</data></extrinsicMatrix>
 <!-- resumed -->

<bsd_deltaXY>
  -2165. 2680.</bsd_deltaXY>
<yaw>4.8633308792470388e+01</yaw>
<pitch>9.5124805406778620e+01</pitch>
<roll>1.8100078913380062e+00</roll>
<avg_reprojection_error>3.9495089650154114e-01</avg_reprojection_error>
</opencv_storage>
