<?xml version="1.0"?>
<opencv_storage>
<camera_name>RR</camera_name>
<calibration_time>"2022-12-25 17:44:11"</calibration_time>
<undistort>1</undistort>
<rotationMatrix type_id="opencv-matrix">
  <rows>3</rows>
  <cols>3</cols>
  <dt>d</dt>
  <data>
    6.9960496248053516e-01 -7.1285765371945575e-01
    4.8855521757547760e-02 3.4361961490861126e-02
    -3.4729768785522197e-02 -9.9880583636791231e-01
    7.1370312600906427e-01 7.0044829123476127e-01 1.9806865742075241e-04</data></rotationMatrix>
<offsetMatrix type_id="opencv-matrix">
  <rows>3</rows>
  <cols>1</cols>
  <dt>d</dt>
  <data>
    -7.7082807707953389e+03 8.5481255103928083e+02
    5.6553738180168039e+03</data></offsetMatrix>
<deltaXY>
  0. 0.</deltaXY>
<headLocation>
  0. 0.</headLocation>
<pointA>
  0. 0.</pointA>
<pointB>
  0. 0.</pointB>
<pointV>
  0. 0.</pointV>
<cameraLocation>
  1.3271204833984375e+03 -9.4265166015625000e+03 1.2292636718750000e+03</cameraLocation>
<extrinsicMatrix type_id="opencv-matrix">
  <rows>4</rows>
  <cols>4</cols>
  <dt>d</dt>
  <data>
    6.9960496248053516e-01 -7.1285765371945575e-01
    4.8855521757547760e-02 -7.7082807707953389e+03
    3.4361961490861126e-02 -3.4729768785522197e-02
    -9.9880583636791231e-01 8.5481255103928083e+02
    7.1370312600906427e-01 7.0044829123476127e-01 1.9806865742075241e-04
    5.6553738180168039e+03 0. 0. 0. 1.</data></extrinsicMatrix>
 <!-- resumed -->

<bsd_deltaXY>
  2330. -6705.</bsd_deltaXY>
<yaw>-4.5537015596187175e+01</yaw>
<pitch>8.9983798236124542e+01</pitch>
<roll>2.8118932617625472e+00</roll>
<avg_reprojection_error>5.2702713012695312e-01</avg_reprojection_error>
</opencv_storage>
