<?xml version="1.0"?>
<opencv_storage>
<camera_name>RR</camera_name>
<camera_model>FISHEYE</camera_model>
<calibration_time>"2022-12-25 17:30:53"</calibration_time>
<camIntrinsicMat type_id="opencv-matrix">
  <rows>3</rows>
  <cols>3</cols>
  <dt>d</dt>
  <data>
    1128.3204381840794 0. 965.12484574381335 0.
    1130.7999532246113 601.05324790758743 0. 0. 1.</data></camIntrinsicMat>
<distortion_coefficients type_id="opencv-matrix">
  <rows>4</rows>
  <cols>1</cols>
  <dt>d</dt>
  <data>
    -0.012322654106543998 -0.034260744090753081
    -0.0098331960819780292 0.0182893864059166</data></distortion_coefficients>
<camIntriMatrix type_id="opencv-matrix">
  <rows>3</rows>
  <cols>4</cols>
  <dt>d</dt>
  <data>
    1128.3204381840794 0. 965.12484574381335 0. 0.
    1130.7999532246113 601.05324790758743 0. 0. 0. 1. 0.</data></camIntriMatrix>
<avg_reprojection_error>2.2221480647619546e-01</avg_reprojection_error>
</opencv_storage>
