<?xml version="1.0"?>
<opencv_storage>
<camera_name>FR</camera_name>
<calibration_time>"2023-02-14 09:42:43"</calibration_time>
<undistort>1</undistort>
<rotationMatrix type_id="opencv-matrix">
  <rows>3</rows>
  <cols>3</cols>
  <dt>d</dt>
  <data>
    -7.1711659617226320e-01 -6.9693264556780810e-01
    -5.3549076708461207e-03 3.0643877409286313e-02
    -2.3853617323204568e-02 -9.9924569437046995e-01
    6.9627921143147165e-01 -7.1673976622094449e-01
    3.8462543414521710e-02</data></rotationMatrix>
<offsetMatrix type_id="opencv-matrix">
  <rows>3</rows>
  <cols>1</cols>
  <dt>d</dt>
  <data>
    -2.5743524221894340e+03 1.1253659664878678e+03
    -4.5845361207643400e+03</data></offsetMatrix>
<deltaXY>
  0. 0.</deltaXY>
<headLocation>
  0. 0.</headLocation>
<pointA>
  0. 0.</pointA>
<pointB>
  0. 0.</pointB>
<pointV>
  0. 0.</pointV>
<cameraLocation>
  1.3115207519531250e+03 -5.0532255859375000e+03 1.2870645751953125e+03</cameraLocation>
<extrinsicMatrix type_id="opencv-matrix">
  <rows>4</rows>
  <cols>4</cols>
  <dt>d</dt>
  <data>
    -7.1711659617226320e-01 -6.9693264556780810e-01
    -5.3549076708461207e-03 -2.5743524221894340e+03
    3.0643877409286313e-02 -2.3853617323204568e-02
    -9.9924569437046995e-01 1.1253659664878678e+03
    6.9627921143147165e-01 -7.1673976622094449e-01
    3.8462543414521710e-02 -4.5845361207643400e+03 0. 0. 0. 1.</data></extrinsicMatrix>
 <!-- resumed -->

<bsd_deltaXY>
  2040. -8750.</bsd_deltaXY>
<yaw>-4.4129240975877849e+01</yaw>
<pitch>-8.6928271935034687e+01</pitch>
<roll>1.7755312130669950e+02</roll>
<avg_reprojection_error>5.5056893825531006e-01</avg_reprojection_error>
</opencv_storage>
