<?xml version="1.0"?>
<opencv_storage>
<camera_name>FR</camera_name>
<camera_model>FISHEYE</camera_model>
<calibration_time>"2022-12-20 16:13:20"</calibration_time>
<camIntrinsicMat type_id="opencv-matrix">
  <rows>3</rows>
  <cols>3</cols>
  <dt>d</dt>
  <data>
    1.1515320831255838e+03 0. 9.6729025614345028e+02 0.
    1.1508587285638903e+03 5.9414467755749774e+02 0. 0. 1.</data></camIntrinsicMat>
<distortion_coefficients type_id="opencv-matrix">
  <rows>4</rows>
  <cols>1</cols>
  <dt>d</dt>
  <data>
    -3.4923522462770022e-02 1.9352604667799975e-03
    -3.8538281866596857e-02 3.0455623847911794e-02</data></distortion_coefficients>
<camIntriMatrix type_id="opencv-matrix">
  <rows>3</rows>
  <cols>4</cols>
  <dt>d</dt>
  <data>
    1.1515320831255838e+03 0. 9.6729025614345028e+02 0. 0.
    1.1508587285638903e+03 5.9414467755749774e+02 0. 0. 0. 1. 0.</data></camIntriMatrix>
<avg_reprojection_error>3.1081958201349685e-01</avg_reprojection_error>
</opencv_storage>
