<?xml version="1.0"?>
<opencv_storage>
<camera_name>FC60</camera_name>
<camera_model>PINHOLE</camera_model>
<calibration_time>"2022-12-01 09:06:49"</calibration_time>
<camIntrinsicMat type_id="opencv-matrix">
  <rows>3</rows>
  <cols>3</cols>
  <dt>d</dt>
  <data>
    1.9592629847942371e+03 0. 9.8394732946032116e+02 0.
    1.9595971309182755e+03 6.1068568392681948e+02 0. 0. 1.</data></camIntrinsicMat>
<distortion_coefficients type_id="opencv-matrix">
  <rows>1</rows>
  <cols>5</cols>
  <dt>d</dt>
  <data>
    -5.0569304193046338e-01 2.5306753430823042e-01
    -1.5728382263433371e-03 -6.5647071624182554e-04
    -1.8088622122983407e-02</data></distortion_coefficients>
<camIntriMatrix type_id="opencv-matrix">
  <rows>3</rows>
  <cols>4</cols>
  <dt>d</dt>
  <data>
    1.9592629847942371e+03 0. 9.8394732946032116e+02 0. 0.
    1.9595971309182755e+03 6.1068568392681948e+02 0. 0. 0. 1. 0.</data></camIntriMatrix>
<avg_reprojection_error>2.3974376342070333e-01</avg_reprojection_error>
</opencv_storage>
