<?xml version="1.0"?>
<opencv_storage>
<camera_name>FC120</camera_name>
<camera_model>FISHEYE</camera_model>
<calibration_time>"2023-1-07 12:10:02"</calibration_time>
<camIntrinsicMat type_id="opencv-matrix">
  <rows>3</rows>
  <cols>3</cols>
  <dt>d</dt>
  <data>
    976.54018391184229 0. 962.72006933787691 0.
    976.64802055162727 588.17948382047541 0. 0. 1.</data></camIntrinsicMat>
<distortion_coefficients type_id="opencv-matrix">
  <rows>4</rows>
  <cols>1</cols>
  <dt>d</dt>
  <data>
   -0.025804093378276324 -0.037802891326705799
    0.031058215528872585 -0.015911188325665696</data></distortion_coefficients>
<camIntriMatrix type_id="opencv-matrix">
  <rows>3</rows>
  <cols>4</cols>
  <dt>d</dt>
  <data>
    976.54018391184229 0. 962.72006933787691 0. 0.
    976.64802055162727 588.17948382047541 0. 0. 0. 1. 0.</data></camIntriMatrix>
<avg_reprojection_error>5.4697344214824939e-01</avg_reprojection_error>
</opencv_storage>
