<?xml version="1.0"?>
<opencv_storage>
<camera_name>RC</camera_name>
<calibration_time>"2022-03-10 09:57:52"</calibration_time>
<undistort>1</undistort>
<rotationMatrix type_id="opencv-matrix">
  <rows>3</rows>
  <cols>3</cols>
  <dt>d</dt>
  <data>
    9.9994396079218739e-01 -1.0006568219532929e-02
    3.4559901186668896e-03 3.4706052295800918e-03 1.4435554203661013e-03
    -9.9999293549859092e-01 1.0001508614849108e-02
    9.9994889106404650e-01 1.4782033726567713e-03</data></rotationMatrix>
<offsetMatrix type_id="opencv-matrix">
  <rows>3</rows>
  <cols>1</cols>
  <dt>d</dt>
  <data>
    -1.7524658642880790e+03 1.0782775317095550e+03
    5.1626912506123208e+03</data></offsetMatrix>
<deltaXY>
  1840. -4865.</deltaXY>
<headLocation>
  1840. -4865.</headLocation>
<pointA>
  5.1383772599441977e+02 1.3940401188833305e+03</pointA>
<pointB>
  2.3213156234838220e+03 1.3965200661044307e+03</pointB>
<pointV>
  1.3926885986328125e+03 8.4274420166015625e+02</pointV>
<cameraLocation>
  1.6969907226562500e+03 -5.1815200195312500e+03 1.0766949462890625e+03</cameraLocation>
<extrinsicMatrix type_id="opencv-matrix">
  <rows>4</rows>
  <cols>4</cols>
  <dt>d</dt>
  <data>
    9.9994396079218739e-01 -1.0006568219532929e-02
    3.4559901186668896e-03 -1.7524658642880790e+03
    3.4706052295800918e-03 1.4435554203661013e-03
    -9.9999293549859092e-01 1.0782775317095550e+03
    1.0001508614849108e-02 9.9994889106404650e-01 1.4782033726567713e-03
    5.1626912506123208e+03 0. 0. 0. 1.</data></extrinsicMatrix>
 <!-- resumed -->

<yaw_z>-5.7305378183582978e-01</yaw_z>
<pitch_x>8.9915300918299508e+01</pitch_x>
<roll_z>1.9886137756775027e-01</roll_z>
</opencv_storage>
