<?xml version="1.0"?>
<opencv_storage>
<camera_name>FC60</camera_name>
<camera_model>PINHOLE</camera_model>
<calibration_time>"2022-12-19 10:25:14"</calibration_time>
<camIntrinsicMat type_id="opencv-matrix">
  <rows>3</rows>
  <cols>3</cols>
  <dt>d</dt>
  <data>
    1.9537914444788996e+03 0. 9.4251705105034614e+02 0.
    1.9537548725645620e+03 5.9448072627116846e+02 0. 0. 1.</data></camIntrinsicMat>
<distortion_coefficients type_id="opencv-matrix">
  <rows>1</rows>
  <cols>5</cols>
  <dt>d</dt>
  <data>
    -5.2371152209688498e-01 3.6581530210930530e-01
    2.3231436599710671e-03 1.6985702189919200e-03
    -2.1442713302476335e-01</data></distortion_coefficients>
<camIntriMatrix type_id="opencv-matrix">
  <rows>3</rows>
  <cols>4</cols>
  <dt>d</dt>
  <data>
    1.9537914444788996e+03 0. 9.4251705105034614e+02 0. 0.
    1.9537548725645620e+03 5.9448072627116846e+02 0. 0. 0. 1. 0.</data></camIntriMatrix>
<avg_reprojection_error>2.7014497363298201e-01</avg_reprojection_error>
</opencv_storage>
