<?xml version="1.0"?>
<opencv_storage>
<camera_name>FL</camera_name>
<camera_model>FISHEYE</camera_model>
<calibration_time>"2022-11-01 16:57:44"</calibration_time>
<camIntrinsicMat type_id="opencv-matrix">
  <rows>3</rows>
  <cols>3</cols>
  <dt>d</dt>
  <data>
    1.1499001462007429e+03 0. 9.7041505827492983e+02 0.
    1.1483051474525257e+03 5.9990872265392568e+02 0. 0. 1.</data></camIntrinsicMat>
<distortion_coefficients type_id="opencv-matrix">
  <rows>4</rows>
  <cols>1</cols>
  <dt>d</dt>
  <data>
    -3.7728637120192463e-02 3.6032028913570552e-03
    -2.8854994155692735e-02 1.7853874431680301e-02</data></distortion_coefficients>
<camIntriMatrix type_id="opencv-matrix">
  <rows>3</rows>
  <cols>4</cols>
  <dt>d</dt>
  <data>
    1.1499001462007429e+03 0. 9.7041505827492983e+02 0. 0.
    1.1483051474525257e+03 5.9990872265392568e+02 0. 0. 0. 1. 0.</data></camIntriMatrix>
<avg_reprojection_error>2.0303409447647475e-01</avg_reprojection_error>
</opencv_storage>
