<?xml version="1.0"?>
<opencv_storage>
<camera_name>FC60</camera_name>
<camera_model>PINHOLE</camera_model>
<calibration_time>"2022-10-20 13:34:29"</calibration_time>
<camIntrinsicMat type_id="opencv-matrix">
  <rows>3</rows>
  <cols>3</cols>
  <dt>d</dt>
  <data>
    1.9480740309313705e+03 0. 1.0078650663481261e+03 0.
    1.9460573205141313e+03 6.1463653357195540e+02 0. 0. 1.</data></camIntrinsicMat>
<distortion_coefficients type_id="opencv-matrix">
  <rows>1</rows>
  <cols>5</cols>
  <dt>d</dt>
  <data>
    -5.0380016123513416e-01 2.8134322803832512e-01
    -1.7223754511974715e-03 -2.5179093229171024e-03
    -1.0777098959705415e-01</data></distortion_coefficients>
<camIntriMatrix type_id="opencv-matrix">
  <rows>3</rows>
  <cols>4</cols>
  <dt>d</dt>
  <data>
    1.9480740309313705e+03 0. 1.0078650663481261e+03 0. 0.
    1.9460573205141313e+03 6.1463653357195540e+02 0. 0. 0. 1. 0.</data></camIntriMatrix>
<avg_reprojection_error>2.0690174433949710e-01</avg_reprojection_error>
</opencv_storage>
