<?xml version="1.0"?>
<opencv_storage>
<camera_name>FC60</camera_name>
<calibration_time>"2022-10-21 10:48:29"</calibration_time>
<undistort>1</undistort>
<rotationMatrix type_id="opencv-matrix">
  <rows>3</rows>
  <cols>3</cols>
  <dt>d</dt>
  <data>
    9.9926498594408686e-01 -2.6915720757440892e-02
    2.7295271426958524e-02 2.6397594537159206e-02
    -3.3160945499491348e-02 -9.9910135556720747e-01
    2.7796670103010814e-02 9.9908753153549423e-01
    -3.2426061455211534e-02</data></rotationMatrix>
<offsetMatrix type_id="opencv-matrix">
  <rows>3</rows>
  <cols>1</cols>
  <dt>d</dt>
  <data>
    -2.0557116304021692e+03 1.1951459657785956e+03
    5.3268852866053430e+03</data></offsetMatrix>
<deltaXY>
  1830. -5295.</deltaXY>
<headLocation>
  1830. -5295.</headLocation>
<pointA>
  2.5607894241187955e+02 1.0512561397111635e+03</pointA>
<pointB>
  1.5754888805962241e+03 1.0775664660359607e+03</pointB>
<pointV>
  9.5538336181640625e+02 5.5004449462890625e+02</pointV>
<cameraLocation>
  1.8745820312500000e+03 -5.3377236328125000e+03 1.4229130859375000e+03</cameraLocation>
<extrinsicMatrix type_id="opencv-matrix">
  <rows>4</rows>
  <cols>4</cols>
  <dt>d</dt>
  <data>
    9.9926498594408686e-01 -2.6915720757440892e-02
    2.7295271426958524e-02 -2.0557116304021692e+03
    2.6397594537159206e-02 -3.3160945499491348e-02
    -9.9910135556720747e-01 1.1951459657785956e+03
    2.7796670103010814e-02 9.9908753153549423e-01
    -3.2426061455211534e-02 5.3268852866053430e+03 0. 0. 0. 1.</data></extrinsicMatrix>
 <!-- resumed -->

<yaw_z>1.5431923437834651e+00</yaw_z>
<pitch_x>9.1900331886304969e+01</pitch_x>
<roll_z>0.</roll_z>
</opencv_storage>
