<?xml version="1.0"?>
<opencv_storage>
<camera_name>cam_fcf</camera_name>
<camera_model>FISHEYE</camera_model>
<calibration_time>"2022-06-21 15:28:02"</calibration_time>
<camIntrinsicMat type_id="opencv-matrix">
  <rows>3</rows>
  <cols>3</cols>
  <dt>d</dt>
  <data>
    9.8271313476562500e+02 0. 9.7571777343750000e+02 0.
    9.8355017089843750e+02 6.1079425048828125e+02 0. 0. 1.</data></camIntrinsicMat>
<distortion_coefficients type_id="opencv-matrix">
  <rows>4</rows>
  <cols>1</cols>
  <dt>d</dt>
  <data>
    -3.9750352501869202e-02 -1.6931464895606041e-02
    1.1044641956686974e-02 -4.8503638245165348e-03</data></distortion_coefficients>
<camIntriMatrix type_id="opencv-matrix">
  <rows>3</rows>
  <cols>4</cols>
  <dt>d</dt>
  <data>
    9.8271313476562500e+02 0. 9.7571777343750000e+02 0. 0.
    9.8355017089843750e+02 6.1079425048828125e+02 0. 0. 0. 1. 0.</data></camIntriMatrix>
<avg_reprojection_error>0</avg_reprojection_error>
</opencv_storage>
