<?xml version="1.0"?>
<opencv_storage>
<camera_name>RL</camera_name>
<camera_model>FISHEYE</camera_model>
<calibration_time>"2022-01-20 15:37:25"</calibration_time>
<camIntrinsicMat type_id="opencv-matrix">
  <rows>3</rows>
  <cols>3</cols>
  <dt>d</dt>
  <data>
    1.4188409112549232e+03 0. 1.4920002049290656e+03 0.
    1.4189959774637537e+03 9.1678195883463775e+02 0. 0. 1.</data></camIntrinsicMat>
<distortion_coefficients type_id="opencv-matrix">
  <rows>4</rows>
  <cols>1</cols>
  <dt>d</dt>
  <data>
    1.9779236923019125e-02 1.3481093442740748e-02
    -1.3790298074269803e-02 5.2709742640142596e-03</data></distortion_coefficients>
<camIntriMatrix type_id="opencv-matrix">
  <rows>3</rows>
  <cols>4</cols>
  <dt>d</dt>
  <data>
    1.4188409112549232e+03 0. 1.4920002049290656e+03 0. 0.
    1.4189959774637537e+03 9.1678195883463775e+02 0. 0. 0. 1. 0.</data></camIntriMatrix>
<avg_reprojection_error>5.5912081191641905e-01</avg_reprojection_error>
</opencv_storage>
