<?xml version="1.0"?>
<opencv_storage>
<camera_name>FL</camera_name>
<calibration_time>"2022-09-22 11:18:51"</calibration_time>
<undistort>1</undistort>
<rotationMatrix type_id="opencv-matrix">
  <rows>3</rows>
  <cols>3</cols>
  <dt>d</dt>
  <data>
    -6.8630274845521200e-01 7.2699742002120327e-01
    2.1524143312475374e-02 -1.5937162056977983e-02
    1.4554950147649737e-02 -9.9976705301373525e-01
    -7.2714135099607113e-01 -6.8648591005840265e-01
    1.5971734079219813e-03</data></rotationMatrix>
<offsetMatrix type_id="opencv-matrix">
  <rows>3</rows>
  <cols>1</cols>
  <dt>d</dt>
  <data>
    2.9874147847972572e+03 1.3282099785239943e+03
    -4.6253200007308333e+03</data></offsetMatrix>
<deltaXY>
  0. 0.</deltaXY>
<headLocation>
  0. 0.</headLocation>
<pointA>
  0. 0.</pointA>
<pointB>
  0. 0.</pointB>
<pointV>
  0. 0.</pointV>
<cameraLocation>
  -1.2918225097656250e+03 -5.3663920898437500e+03 1.2709864501953125e+03</cameraLocation>
<extrinsicMatrix type_id="opencv-matrix">
  <rows>4</rows>
  <cols>4</cols>
  <dt>d</dt>
  <data>
    -6.8630274845521200e-01 7.2699742002120327e-01
    2.1524143312475374e-02 2.9874147847972572e+03
    -1.5937162056977983e-02 1.4554950147649737e-02
    -9.9976705301373525e-01 1.3282099785239943e+03
    -7.2714135099607113e-01 -6.8648591005840265e-01
    1.5971734079219813e-03 -4.6253200007308333e+03 0. 0. 0. 1.</data></extrinsicMatrix>
 <!-- resumed -->

<bsd_deltaXY>
  -3160. -8850.</bsd_deltaXY>
<yaw>4.6647274629821084e+01</yaw>
<pitch>-8.9866696273053535e+01</pitch>
<roll>-1.7866972987826287e+02</roll>
<avg_reprojection_error>3.7752315521240234e+01</avg_reprojection_error>
</opencv_storage>
