<?xml version="1.0"?>
<opencv_storage>
<camera_name>FL</camera_name>
<camera_model>FISHEYE</camera_model>
<calibration_time>"2022-09-22 09:59:15"</calibration_time>
<camIntrinsicMat type_id="opencv-matrix">
  <rows>3</rows>
  <cols>3</cols>
  <dt>d</dt>
  <data>
    1.1509481278583935e+03 0. 9.7237122902752617e+02 0.
    1.1494125153264536e+03 5.9640653700597602e+02 0. 0. 1.</data></camIntrinsicMat>
<distortion_coefficients type_id="opencv-matrix">
  <rows>4</rows>
  <cols>1</cols>
  <dt>d</dt>
  <data>
    -2.9213023235301880e-02 -4.1518721933530588e-02
    7.0851705292462791e-02 -6.1037150305401015e-02</data></distortion_coefficients>
<camIntriMatrix type_id="opencv-matrix">
  <rows>3</rows>
  <cols>4</cols>
  <dt>d</dt>
  <data>
    1.1509481278583935e+03 0. 9.7237122902752617e+02 0. 0.
    1.1494125153264536e+03 5.9640653700597602e+02 0. 0. 0. 1. 0.</data></camIntriMatrix>
<avg_reprojection_error>2.0651272515092900e-01</avg_reprojection_error>
</opencv_storage>
