<?xml version="1.0"?>
<opencv_storage>
<camera_name>FC120</camera_name>
<calibration_time>"2023-01-07 11:48:51"</calibration_time>
<undistort>1</undistort>
<rotationMatrix type_id="opencv-matrix">
  <rows>3</rows>
  <cols>3</cols>
  <dt>d</dt>
  <data>
    9.9979963163984631e-01 -1.6164649519592449e-02
    1.1806806457986178e-02 1.1343760041745338e-02
    -2.8443690204375642e-02 -9.9953102783038839e-01
    1.6492897894030214e-02 9.9946468701673807e-01
    -2.8254623083503502e-02</data></rotationMatrix>
<offsetMatrix type_id="opencv-matrix">
  <rows>3</rows>
  <cols>1</cols>
  <dt>d</dt>
  <data>
    -1.8384346541376578e+03 1.3095102632405042e+03
    3.4238667937956325e+03</data></offsetMatrix>
<deltaXY>
  1830. -3190.</deltaXY>
<headLocation>
  1830. -3190.</headLocation>
<pointA>
  4.4075372690320967e+02 9.8267076537118533e+02</pointA>
<pointB>
  1.4921586804929570e+03 9.8790417563989854e+02</pointB>
<pointV>
  9.6031951904296875e+02 5.7393505859375000e+02</pointV>
<cameraLocation>
  1.7667420654296875e+03 -3.4145043945312500e+03 1.4273422851562500e+03</cameraLocation>
<extrinsicMatrix type_id="opencv-matrix">
  <rows>4</rows>
  <cols>4</cols>
  <dt>d</dt>
  <data>
    9.9979963163984631e-01 -1.6164649519592449e-02
    1.1806806457986178e-02 -1.8384346541376578e+03
    1.1343760041745338e-02 -2.8443690204375642e-02
    -9.9953102783038839e-01 1.3095102632405042e+03
    1.6492897894030214e-02 9.9946468701673807e-01
    -2.8254623083503502e-02 3.4238667937956325e+03 0. 0. 0. 1.</data></extrinsicMatrix>
 <!-- resumed -->

<yaw_z>9.2658143509151991e-01</yaw_z>
<pitch_x>9.1629924697064155e+01</pitch_x>
<roll_z>0.</roll_z>
</opencv_storage>
