<?xml version="1.0"?>
<opencv_storage>
<camera_name>FC120</camera_name>
<camera_model>FISHEYE</camera_model>
<calibration_time>"2023-1-07 09:02:33"</calibration_time>
<camIntrinsicMat type_id="opencv-matrix">
  <rows>3</rows>
  <cols>3</cols>
  <dt>d</dt>
  <data>
    997.68076071131952 0. 976.45531657422123 0.
    994.67414100031613 602.24241501007793 0. 0. 1.</data></camIntrinsicMat>
<distortion_coefficients type_id="opencv-matrix">
  <rows>4</rows>
  <cols>1</cols>
  <dt>d</dt>
  <data>
    -0.071343949007387567 0.085060306826920395
    -0.15844169251150647 0.092648481491849441</data></distortion_coefficients>
<camIntriMatrix type_id="opencv-matrix">
  <rows>3</rows>
  <cols>4</cols>
  <dt>d</dt>
  <data>
    997.68076071131952 0. 976.45531657422123 0. 0.
    994.67414100031613 602.24241501007793 0. 0. 0. 1. 0.</data></camIntriMatrix>
<avg_reprojection_error>3.7216763423458932e-01</avg_reprojection_error>
</opencv_storage>
