<?xml version="1.0"?>
<opencv_storage>
<camera_name>RL</camera_name>
<calibration_time>"2022-12-20 10:37:17"</calibration_time>
<undistort>1</undistort>
<rotationMatrix type_id="opencv-matrix">
  <rows>3</rows>
  <cols>3</cols>
  <dt>d</dt>
  <data>
    7.0121760547528467e-01 7.1291540155619826e-01
    -6.7453684460233032e-03 -8.5241412792481652e-03
    -1.0770443845535549e-03 -9.9996308881420481e-01
    -7.1289635206456170e-01 7.0124922117558053e-01
    5.3217491186896837e-03</data></rotationMatrix>
<offsetMatrix type_id="opencv-matrix">
  <rows>3</rows>
  <cols>1</cols>
  <dt>d</dt>
  <data>
    7.6510100932435134e+03 1.2478145817607765e+03 5.5829223211266153e+03</data></offsetMatrix>
<deltaXY>
  0. 0.</deltaXY>
<headLocation>
  0. 0.</headLocation>
<pointA>
  0. 0.</pointA>
<pointB>
  0. 0.</pointB>
<pointV>
  0. 0.</pointV>
<cameraLocation>
  -1.3743414306640625e+03 -9.3681992187500000e+03 1.2696665039062500e+03</cameraLocation>
<extrinsicMatrix type_id="opencv-matrix">
  <rows>4</rows>
  <cols>4</cols>
  <dt>d</dt>
  <data>
    7.0121760547528467e-01 7.1291540155619826e-01
    -6.7453684460233032e-03 7.6510100932435134e+03
    -8.5241412792481652e-03 -1.0770443845535549e-03
    -9.9996308881420481e-01 1.2478145817607765e+03
    -7.1289635206456170e-01 7.0124922117558053e-01
    5.3217491186896837e-03 5.5829223211266153e+03 0. 0. 0. 1.</data></extrinsicMatrix>
 <!-- resumed -->

<bsd_deltaXY>
  -3140. -6660.</bsd_deltaXY>
<yaw>4.5471062852847233e+01</yaw>
<pitch>8.9565193227218998e+01</pitch>
<roll>-6.9646463558523597e-01</roll>
<avg_reprojection_error>4.4675481319427490e-01</avg_reprojection_error>
</opencv_storage>
