<?xml version="1.0"?>
<opencv_storage>
<camera_name>FC60</camera_name>
<camera_model>PINHOLE</camera_model>
<calibration_time>"2022-10-12 07:28:00"</calibration_time>
<camIntrinsicMat type_id="opencv-matrix">
  <rows>3</rows>
  <cols>3</cols>
  <dt>d</dt>
  <data>
    1.9524655278048560e+03 0. 9.4168366564314852e+02 0.
    1.9498387574147539e+03 6.3031593763001024e+02 0. 0. 1.</data></camIntrinsicMat>
<distortion_coefficients type_id="opencv-matrix">
  <rows>1</rows>
  <cols>5</cols>
  <dt>d</dt>
  <data>
    -5.0432736494302977e-01 2.9032044066577106e-01
    -1.8830038209159791e-03 7.3816660400523478e-04
    -1.2307183006062804e-01</data></distortion_coefficients>
<camIntriMatrix type_id="opencv-matrix">
  <rows>3</rows>
  <cols>4</cols>
  <dt>d</dt>
  <data>
    1.9524655278048560e+03 0. 9.4168366564314852e+02 0. 0.
    1.9498387574147539e+03 6.3031593763001024e+02 0. 0. 0. 1. 0.</data></camIntriMatrix>
<avg_reprojection_error>2.5417636891883633e-01</avg_reprojection_error>
</opencv_storage>
