<?xml version="1.0"?>
<opencv_storage>
<camera_name>FC60</camera_name>
<calibration_time>"2022-10-12 07:58:31"</calibration_time>
<undistort>1</undistort>
<rotationMatrix type_id="opencv-matrix">
  <rows>3</rows>
  <cols>3</cols>
  <dt>d</dt>
  <data>
    9.9988075753653560e-01 1.4900969326140967e-02
    -4.0536182979272828e-03 -4.0826444227404293e-03
    1.9180322411620594e-03 -9.9998982653166990e-01
    -1.4893042761012651e-02 9.9988713476345092e-01
    1.9786388895854145e-03</data></rotationMatrix>
<offsetMatrix type_id="opencv-matrix">
  <rows>3</rows>
  <cols>1</cols>
  <dt>d</dt>
  <data>
    -1.7617626666991196e+03 1.4499979116946304e+03
    5.2768521080355013e+03</data></offsetMatrix>
<deltaXY>
  1810. -5190.</deltaXY>
<headLocation>
  1810. -5190.</headLocation>
<pointA>
  2.8982138023523510e+02 1.1661016804381779e+03</pointA>
<pointB>
  1.6399356751460045e+03 1.1661148732690915e+03</pointB>
<pointV>
  9.7078057861328125e+02 6.3405621337890625e+02</pointV>
<cameraLocation>
  1.8460607910156250e+03 -5.2527856445312500e+03 1.4324006347656250e+03</cameraLocation>
<extrinsicMatrix type_id="opencv-matrix">
  <rows>4</rows>
  <cols>4</cols>
  <dt>d</dt>
  <data>
    9.9988075753653560e-01 1.4900969326140967e-02
    -4.0536182979272828e-03 -1.7617626666991196e+03
    -4.0826444227404293e-03 1.9180322411620594e-03
    -9.9998982653166990e-01 1.4499979116946304e+03
    -1.4893042761012651e-02 9.9988713476345092e-01
    1.9786388895854145e-03 5.2768521080355013e+03 0. 0. 0. 1.</data></extrinsicMatrix>
 <!-- resumed -->

<yaw_z>-8.5379584436639644e-01</yaw_z>
<pitch_x>8.9890104760732669e+01</pitch_x>
<roll_z>0.</roll_z>
</opencv_storage>
