<?xml version="1.0"?>
<opencv_storage>
<camera_name>RR</camera_name>
<calibration_time>"2022-11-01 17:47:15"</calibration_time>
<undistort>1</undistort>
<rotationMatrix type_id="opencv-matrix">
  <rows>3</rows>
  <cols>3</cols>
  <dt>d</dt>
  <data>
    7.1725281108182526e-01 -6.9645932898361051e-01
    2.2199280774796104e-02 1.2195106911757903e-02
    -1.9306966696431116e-02 -9.9973922620070965e-01
    6.9670631141294392e-01 7.1733649294364077e-01
    -5.3545801598321174e-03</data></rotationMatrix>
<offsetMatrix type_id="opencv-matrix">
  <rows>3</rows>
  <cols>1</cols>
  <dt>d</dt>
  <data>
    -7.5530543179296037e+03 1.0612012516977090e+03
    5.8977963058987625e+03</data></offsetMatrix>
<deltaXY>
  0. 0.</deltaXY>
<headLocation>
  0. 0.</headLocation>
<pointA>
  0. 0.</pointA>
<pointB>
  0. 0.</pointB>
<pointV>
  0. 0.</pointV>
<cameraLocation>
  1.2954760742187500e+03 -9.4706113281250000e+03 1.2601771240234375e+03</cameraLocation>
<extrinsicMatrix type_id="opencv-matrix">
  <rows>4</rows>
  <cols>4</cols>
  <dt>d</dt>
  <data>
    7.1725281108182526e-01 -6.9645932898361051e-01
    2.2199280774796104e-02 -7.5530543179296037e+03
    1.2195106911757903e-02 -1.9306966696431116e-02
    -9.9973922620070965e-01 1.0612012516977090e+03
    6.9670631141294392e-01 7.1733649294364077e-01
    -5.3545801598321174e-03 5.8977963058987625e+03 0. 0. 0. 1.</data></extrinsicMatrix>
 <!-- resumed -->

<bsd_deltaXY>
  2340. -6695.</bsd_deltaXY>
<yaw>-4.4163343583086942e+01</yaw>
<pitch>9.0427678152873114e+01</pitch>
<roll>9.7407891171483629e-01</roll>
<avg_reprojection_error>4.1188865900039673e-01</avg_reprojection_error>
</opencv_storage>
