<?xml version="1.0"?>
<opencv_storage>
<camera_name>RR</camera_name>
<camera_model>FISHEYE</camera_model>
<calibration_time>"2022-11-01 17:23:10"</calibration_time>
<camIntrinsicMat type_id="opencv-matrix">
  <rows>3</rows>
  <cols>3</cols>
  <dt>d</dt>
  <data>
    1.1513521927688387e+03 0. 9.6639737289977006e+02 0.
    1.1500758068755163e+03 5.9312665222739849e+02 0. 0. 1.</data></camIntrinsicMat>
<distortion_coefficients type_id="opencv-matrix">
  <rows>4</rows>
  <cols>1</cols>
  <dt>d</dt>
  <data>
    -3.7625018897406534e-02 7.0569834275156697e-04
    -1.4337130978454933e-02 4.0390892260472279e-03</data></distortion_coefficients>
<camIntriMatrix type_id="opencv-matrix">
  <rows>3</rows>
  <cols>4</cols>
  <dt>d</dt>
  <data>
    1.1513521927688387e+03 0. 9.6639737289977006e+02 0. 0.
    1.1500758068755163e+03 5.9312665222739849e+02 0. 0. 0. 1. 0.</data></camIntriMatrix>
<avg_reprojection_error>2.0626320248468930e-01</avg_reprojection_error>
</opencv_storage>
