<?xml version="1.0"?>
<opencv_storage>
<camera_name>cam_bcb_far</camera_name>
<camera_model>PINHOLE</camera_model>
<calibration_time>""</calibration_time>
<camIntrinsicMat type_id="opencv-matrix">
  <rows>3</rows>
  <cols>3</cols>
  <dt>d</dt>
  <data>
    1.9801923828125000e+03 0. 9.8600976562500000e+02 0.
    1.9840705566406250e+03 6.3353723144531250e+02 0. 0. 1.</data></camIntrinsicMat>
<distortion_coefficients type_id="opencv-matrix">
  <rows>1</rows>
  <cols>5</cols>
  <dt>d</dt>
  <data>
    -5.1232087612152100e-01 2.3562401533126831e-01
    -3.4864891786128283e-03 -2.1322276443243027e-03 0.</data></distortion_coefficients>
<camIntriMatrix type_id="opencv-matrix">
  <rows>3</rows>
  <cols>4</cols>
  <dt>d</dt>
  <data>
    1.9801923828125000e+03 0. 9.8600976562500000e+02 0. 0.
    1.9840705566406250e+03 6.3353723144531250e+02 0. 0. 0. 1. 0.</data></camIntriMatrix>
<avg_reprojection_error>0</avg_reprojection_error>
</opencv_storage>
