<?xml version="1.0"?>
<opencv_storage>
<camera_name>cam_bcb_far</camera_name>
<calibration_time>""</calibration_time>
<undistort>1</undistort>
<rotationMatrix type_id="opencv-matrix">
  <rows>3</rows>
  <cols>3</cols>
  <dt>d</dt>
  <data>
    9.9960743990827206e-01 -2.6101584603423260e-02
    -1.0182011648975120e-02 -1.1240945233645067e-02
    -4.0749321047802912e-02 -9.9910616752395076e-01
    2.5663344097831831e-02 9.9882841375049647e-01
    -4.1026730973632984e-02</data></rotationMatrix>
<offsetMatrix type_id="opencv-matrix">
  <rows>3</rows>
  <cols>1</cols>
  <dt>d</dt>
  <data>
    -2.0088047255847198e+03 1.2514271588841466e+03
    5.3053877006747362e+03</data></offsetMatrix>
<deltaXY>
  1820. -5225.</deltaXY>
<headLocation>
  1820. -5225.</headLocation>
<pointV>
  9.3426298079239939e+02 5.5259287005048566e+02</pointV>
<extrinsicMatrix type_id="opencv-matrix">
  <rows>4</rows>
  <cols>4</cols>
  <dt>d</dt>
  <data>
    9.9960743990827206e-01 -2.6101584603423260e-02
    -1.0182011648975120e-02 -2.0088047255847198e+03
    -1.1240945233645067e-02 -4.0749321047802912e-02
    -9.9910616752395076e-01 1.2514271588841466e+03
    2.5663344097831831e-02 9.9882841375049647e-01
    -4.1026730973632984e-02 5.3053877006747362e+03 0. 0. 0. 1.</data></extrinsicMatrix>
</opencv_storage>
