<?xml version="1.0"?>
<opencv_storage>
<camera_name>FC120</camera_name>
<camera_model>FISHEYE</camera_model>
<calibration_time>"2022-08-06 15:07:40"</calibration_time>
<camIntrinsicMat type_id="opencv-matrix">
  <rows>3</rows>
  <cols>3</cols>
  <dt>d</dt>
  <data>
    9.7548130721627570e+02 0. 9.7236565834432179e+02 0.
    9.7567296449775586e+02 5.9869255917686439e+02 0. 0. 1.</data></camIntrinsicMat>
<distortion_coefficients type_id="opencv-matrix">
  <rows>4</rows>
  <cols>1</cols>
  <dt>d</dt>
  <data>
    -3.8500802514900033e-02 4.2027057112808365e-03
    -2.2854920268174646e-02 1.1292936810730644e-02</data></distortion_coefficients>
<camIntriMatrix type_id="opencv-matrix">
  <rows>3</rows>
  <cols>4</cols>
  <dt>d</dt>
  <data>
    9.7548130721627570e+02 0. 9.7236565834432179e+02 0. 0.
    9.7567296449775586e+02 5.9869255917686439e+02 0. 0. 0. 1. 0.</data></camIntriMatrix>
<avg_reprojection_error>2.2120090580202187e-01</avg_reprojection_error>
</opencv_storage>
