<?xml version="1.0"?>
<opencv_storage>
<camera_name>FC120</camera_name>
<calibration_time>"2022-08-06 15:12:06"</calibration_time>
<undistort>1</undistort>
<rotationMatrix type_id="opencv-matrix">
  <rows>3</rows>
  <cols>3</cols>
  <dt>d</dt>
  <data>
    9.9964551923362310e-01 2.6489744364996980e-02 2.6700785788498311e-03
    1.9069565473605137e-03 2.8791754765496246e-02
    -9.9958361249784899e-01 -2.6555590614155074e-02
    9.9923437105666091e-01 2.8731033850746896e-02</data></rotationMatrix>
<offsetMatrix type_id="opencv-matrix">
  <rows>3</rows>
  <cols>1</cols>
  <dt>d</dt>
  <data>
    -1.5720316496409241e+03 1.5425614472632790e+03
    3.3559113282120493e+03</data></offsetMatrix>
<deltaXY>
  1800. -3240.</deltaXY>
<headLocation>
  1800. -3240.</headLocation>
<pointA>
  5.1541452388330106e+02 1.0471655231431560e+03</pointA>
<pointB>
  1.5878727898925940e+03 1.0625006933824334e+03</pointB>
<pointV>
  9.9822570800781250e+02 6.2680541992187500e+02</pointV>
<cameraLocation>
  1.6576510009765625e+03 -3.3561123046875000e+03 1.4496977539062500e+03</cameraLocation>
<extrinsicMatrix type_id="opencv-matrix">
  <rows>4</rows>
  <cols>4</cols>
  <dt>d</dt>
  <data>
    9.9964551923362310e-01 2.6489744364996980e-02 2.6700785788498311e-03
    -1.5720316496409241e+03 1.9069565473605137e-03
    2.8791754765496246e-02 -9.9958361249784899e-01
    1.5425614472632790e+03 -2.6555590614155074e-02
    9.9923437105666091e-01 2.8731033850746896e-02 3.3559113282120493e+03
    0. 0. 0. 1.</data></extrinsicMatrix>
 <!-- resumed -->

<yaw_z>-1.5185577724379331e+00</yaw_z>
<pitch_x>8.8350129329326563e+01</pitch_x>
<roll_z>0.</roll_z>
</opencv_storage>
