<?xml version="1.0"?>
<opencv_storage>
<camera_name>RC</camera_name>
<calibration_time>"2022-07-15 14:35:44"</calibration_time>
<undistort>1</undistort>
<rotationMatrix type_id="opencv-matrix">
  <rows>3</rows>
  <cols>3</cols>
  <dt>d</dt>
  <data>
    9.9993534136149220e-01 6.9447515562365422e-04
    -1.1350365656413010e-02 -1.1314374729685130e-02
    -3.9242030799653896e-02 -9.9916567592326511e-01
    -1.1393071369569163e-03 9.9922949352137180e-01
    -3.9231635911218921e-02</data></rotationMatrix>
<offsetMatrix type_id="opencv-matrix">
  <rows>3</rows>
  <cols>1</cols>
  <dt>d</dt>
  <data>
    -1.8090937069605245e+03 1.2587480494069237e+03
    5.2590505741740826e+03</data></offsetMatrix>
<deltaXY>
  1770. -5170.</deltaXY>
<headLocation>
  1770. -5170.</headLocation>
<pointA>
  2.7152580101861145e+02 1.1145632327208268e+03</pointA>
<pointB>
  1.6056999285197148e+03 1.0998479147068008e+03</pointB>
<pointV>
  9.3756561279296875e+02 5.7702716064453125e+02</pointV>
<cameraLocation>
  1.8292103271484375e+03 -5.2043461914062500e+03 1.4434851074218750e+03</cameraLocation>
<extrinsicMatrix type_id="opencv-matrix">
  <rows>4</rows>
  <cols>4</cols>
  <dt>d</dt>
  <data>
    9.9993534136149220e-01 6.9447515562365422e-04
    -1.1350365656413010e-02 -1.8090937069605245e+03
    -1.1314374729685130e-02 -3.9242030799653896e-02
    -9.9916567592326511e-01 1.2587480494069237e+03
    -1.1393071369569163e-03 9.9922949352137180e-01
    -3.9231635911218921e-02 5.2590505741740826e+03 0. 0. 0. 1.</data></extrinsicMatrix>
 <!-- resumed -->

<yaw_z>-3.9821170129831322e-02</yaw_z>
<pitch_x>9.2248978892488267e+01</pitch_x>
<roll_z>0.</roll_z>
</opencv_storage>
