<?xml version="1.0"?>
<opencv_storage>
<camera_name>RC</camera_name>
<camera_model>PINHOLE</camera_model>
<calibration_time>"2022-07-15 14:34:22"</calibration_time>
<camIntrinsicMat type_id="opencv-matrix">
  <rows>3</rows>
  <cols>3</cols>
  <dt>d</dt>
  <data>
    1.9322793364132851e+03 0. 9.3622265804477092e+02 0.
    1.9292719346059762e+03 6.5279408823181848e+02 0. 0. 1.</data></camIntrinsicMat>
<distortion_coefficients type_id="opencv-matrix">
  <rows>1</rows>
  <cols>5</cols>
  <dt>d</dt>
  <data>
    -5.0636487810951791e-01 3.3343247952470012e-01
    -7.3537512540341309e-03 1.2718842460061393e-03
    -2.5368903098767748e-01</data></distortion_coefficients>
<camIntriMatrix type_id="opencv-matrix">
  <rows>3</rows>
  <cols>4</cols>
  <dt>d</dt>
  <data>
    1.9322793364132851e+03 0. 9.3622265804477092e+02 0. 0.
    1.9292719346059762e+03 6.5279408823181848e+02 0. 0. 0. 1. 0.</data></camIntriMatrix>
<avg_reprojection_error>3.0363274751318620e-01</avg_reprojection_error>
</opencv_storage>
