<?xml version="1.0"?>
<opencv_storage>
<camera_name>RR</camera_name>
<calibration_time>"2022-10-21 10:11:03"</calibration_time>
<undistort>1</undistort>
<rotationMatrix type_id="opencv-matrix">
  <rows>3</rows>
  <cols>3</cols>
  <dt>d</dt>
  <data>
    6.9733176411401732e-01 -7.1617290825079172e-01
    2.8718917898058471e-02 1.1977143267311308e-02
    -2.8419414464006754e-02 -9.9952432932904489e-01
    7.1664842063370693e-01 6.9734403444005022e-01
    -1.1240054896986568e-02</data></rotationMatrix>
<offsetMatrix type_id="opencv-matrix">
  <rows>3</rows>
  <cols>1</cols>
  <dt>d</dt>
  <data>
    -7.5222627459430887e+03 9.8252075929194950e+02
    5.4702793020058461e+03</data></offsetMatrix>
<deltaXY>
  0. 0.</deltaXY>
<headLocation>
  0. 0.</headLocation>
<pointA>
  0. 0.</pointA>
<pointB>
  0. 0.</pointB>
<pointV>
  0. 0.</pointV>
<cameraLocation>
  1.3134779052734375e+03 -9.1739843750000000e+03 1.2595709228515625e+03</cameraLocation>
<extrinsicMatrix type_id="opencv-matrix">
  <rows>4</rows>
  <cols>4</cols>
  <dt>d</dt>
  <data>
    6.9733176411401732e-01 -7.1617290825079172e-01
    2.8718917898058471e-02 -7.5222627459430887e+03
    1.1977143267311308e-02 -2.8419414464006754e-02
    -9.9952432932904489e-01 9.8252075929194950e+02
    7.1664842063370693e-01 6.9734403444005022e-01
    -1.1240054896986568e-02 5.4702793020058461e+03 0. 0. 0. 1.</data></extrinsicMatrix>
 <!-- resumed -->

<bsd_deltaXY>
  2370. -6335.</bsd_deltaXY>
<yaw>-4.5778457016065381e+01</yaw>
<pitch>9.0923435080046403e+01</pitch>
<roll>9.8399689499948584e-01</roll>
<avg_reprojection_error>3.7336826324462891e-01</avg_reprojection_error>
</opencv_storage>
