<?xml version="1.0"?>
<opencv_storage>
<camera_name>RR</camera_name>
<calibration_time>"2022-10-12 07:05:17"</calibration_time>
<undistort>1</undistort>
<rotationMatrix type_id="opencv-matrix">
  <rows>3</rows>
  <cols>3</cols>
  <dt>d</dt>
  <data>
    7.1027022986553201e-01 -7.0327451896049509e-01
    3.0350478540696058e-02 1.1562829748963610e-02
    -3.1453858980334481e-02 -9.9943832011957701e-01
    7.0383414348478535e-01 7.1022222278391844e-01
    -1.4208896118595576e-02</data></rotationMatrix>
<offsetMatrix type_id="opencv-matrix">
  <rows>3</rows>
  <cols>1</cols>
  <dt>d</dt>
  <data>
    -7.6550985181190881e+03 9.5187177772780399e+02
    5.8189784529209701e+03</data></offsetMatrix>
<deltaXY>
  0. 0.</deltaXY>
<headLocation>
  0. 0.</headLocation>
<pointA>
  0. 0.</pointA>
<pointB>
  0. 0.</pointB>
<pointV>
  0. 0.</pointV>
<cameraLocation>
  1.3305865478515625e+03 -9.4864638671875000e+03 1.2663542480468750e+03</cameraLocation>
<extrinsicMatrix type_id="opencv-matrix">
  <rows>4</rows>
  <cols>4</cols>
  <dt>d</dt>
  <data>
    7.1027022986553201e-01 -7.0327451896049509e-01
    3.0350478540696058e-02 -7.6550985181190881e+03
    1.1562829748963610e-02 -3.1453858980334481e-02
    -9.9943832011957701e-01 9.5187177772780399e+02
    7.0383414348478535e-01 7.1022222278391844e-01
    -1.4208896118595576e-02 5.8189784529209701e+03 0. 0. 0. 1.</data></extrinsicMatrix>
 <!-- resumed -->

<bsd_deltaXY>
  2295. -6690.</bsd_deltaXY>
<yaw>-4.4735433078270290e+01</yaw>
<pitch>9.1146121823677177e+01</pitch>
<roll>9.3266309019222327e-01</roll>
<avg_reprojection_error>2.9256692528724670e-01</avg_reprojection_error>
</opencv_storage>
