<?xml version="1.0"?>
<opencv_storage>
<camera_name>RR</camera_name>
<camera_model>FISHEYE</camera_model>
<calibration_time>"2022-10-12 06:45:16"</calibration_time>
<camIntrinsicMat type_id="opencv-matrix">
  <rows>3</rows>
  <cols>3</cols>
  <dt>d</dt>
  <data>
    1.1489022126100263e+03 0. 9.6459506022190658e+02 0.
    1.1488161057742070e+03 5.9987505692491891e+02 0. 0. 1.</data></camIntrinsicMat>
<distortion_coefficients type_id="opencv-matrix">
  <rows>4</rows>
  <cols>1</cols>
  <dt>d</dt>
  <data>
    -4.2764078251547689e-02 1.9811121715341076e-02
    -6.5175409805073498e-02 5.1410534048951281e-02</data></distortion_coefficients>
<camIntriMatrix type_id="opencv-matrix">
  <rows>3</rows>
  <cols>4</cols>
  <dt>d</dt>
  <data>
    1.1489022126100263e+03 0. 9.6459506022190658e+02 0. 0.
    1.1488161057742070e+03 5.9987505692491891e+02 0. 0. 0. 1. 0.</data></camIntriMatrix>
<avg_reprojection_error>2.6061499934007620e-01</avg_reprojection_error>
</opencv_storage>
