<?xml version="1.0"?>
<opencv_storage>
<camera_name>FC120</camera_name>
<camera_model>FISHEYE</camera_model>
<calibration_time>"2023-2-7 13:26:08"</calibration_time>
<camIntrinsicMat type_id="opencv-matrix">
  <rows>3</rows>
  <cols>3</cols>
  <dt>d</dt>
  <data>
    978.2517798791024 0. 967.16112745918292 0.
   977.8265986681364 594.91763239459726 0. 0. 1.</data></camIntrinsicMat>
<distortion_coefficients type_id="opencv-matrix">
  <rows>4</rows>
  <cols>1</cols>
  <dt>d</dt>
  <data>
    -0.042301373162665495 0.0053891541296998231
    -0.030971618575362497 0.016275829154904511</data></distortion_coefficients>
<camIntriMatrix type_id="opencv-matrix">
  <rows>3</rows>
  <cols>4</cols>
  <dt>d</dt>
  <data>
     978.2517798791024 0. 967.16112745918292 0. 0.
   977.8265986681364 594.91763239459726 0. 0. 0. 1. 0.</data></camIntriMatrix>
<avg_reprojection_error>1.6075191862406424e-01</avg_reprojection_error>
</opencv_storage>
