<?xml version="1.0"?>
<opencv_storage>
<camera_name>FC120</camera_name>
<calibration_time>"2023-02-07 15:19:28"</calibration_time>
<undistort>1</undistort>
<rotationMatrix type_id="opencv-matrix">
  <rows>3</rows>
  <cols>3</cols>
  <dt>d</dt>
  <data>
    9.9963783560162989e-01 -2.6536365828156178e-02
    4.4742510348697159e-03 4.3819285947121409e-03
    -3.5362222567726195e-03 -9.9998414679130865e-01
    2.6551767087702689e-02 9.9964159398295604e-01
    -3.4186611027443529e-03</data></rotationMatrix>
<offsetMatrix type_id="opencv-matrix">
  <rows>3</rows>
  <cols>1</cols>
  <dt>d</dt>
  <data>
    -1.8344183157516898e+03 1.4002985914446081e+03
    3.3286846995477972e+03</data></offsetMatrix>
<deltaXY>
  1810. -3320.</deltaXY>
<headLocation>
  1810. -3320.</headLocation>
<pointA>
  4.4317002182859790e+02 1.0107604160461349e+03</pointA>
<pointB>
  1.4965950888558568e+03 1.0037106045171229e+03</pointB>
<pointV>
  9.5583862304687500e+02 5.9615344238281250e+02</pointV>
<cameraLocation>
  1.7392354736328125e+03 -3.3712187500000000e+03 1.4198636474609375e+03</cameraLocation>
<extrinsicMatrix type_id="opencv-matrix">
  <rows>4</rows>
  <cols>4</cols>
  <dt>d</dt>
  <data>
    9.9963783560162989e-01 -2.6536365828156178e-02
    4.4742510348697159e-03 -1.8344183157516898e+03
    4.3819285947121409e-03 -3.5362222567726195e-03
    -9.9998414679130865e-01 1.4002985914446081e+03
    2.6551767087702689e-02 9.9964159398295604e-01
    -3.4186611027443529e-03 3.3286846995477972e+03 0. 0. 0. 1.</data></extrinsicMatrix>
 <!-- resumed -->

<yaw_z>1.5206098173966989e+00</yaw_z>
<pitch_x>9.0202613236017427e+01</pitch_x>
<roll_z>0.</roll_z>
</opencv_storage>
