<?xml version="1.0"?>
<opencv_storage>
<camera_name>FC120</camera_name>
<calibration_time>"2022-12-07 17:27:07"</calibration_time>
<undistort>1</undistort>
<rotationMatrix type_id="opencv-matrix">
  <rows>3</rows>
  <cols>3</cols>
  <dt>d</dt>
  <data>
    9.9997262024438094e-01 4.7794674076819922e-03
    -5.6493763271754328e-03 -5.6436870499807397e-03
    -1.2030088295926424e-03 -9.9998335064451838e-01
    -4.7861840822333926e-03 9.9998785465677276e-01
    -1.1760020731903407e-03</data></rotationMatrix>
<offsetMatrix type_id="opencv-matrix">
  <rows>3</rows>
  <cols>1</cols>
  <dt>d</dt>
  <data>
    -1.5050707269112174e+03 1.4295130576817646e+03
    3.2492698282905112e+03</data></offsetMatrix>
<deltaXY>
  1550. -3175.</deltaXY>
<headLocation>
  1550. -3175.</headLocation>
<pointA>
  5.1284353157287637e+02 1.0327661121839728e+03</pointA>
<pointB>
  1.4511564279912136e+03 1.0294379801615801e+03</pointB>
<pointV>
  9.6907324218750000e+02 6.0257598876953125e+02</pointV>
<cameraLocation>
  1.5286488037109375e+03 -3.2403171386718750e+03 1.4248077392578125e+03</cameraLocation>
<extrinsicMatrix type_id="opencv-matrix">
  <rows>4</rows>
  <cols>4</cols>
  <dt>d</dt>
  <data>
    9.9997262024438094e-01 4.7794674076819922e-03
    -5.6493763271754328e-03 -1.5050707269112174e+03
    -5.6436870499807397e-03 -1.2030088295926424e-03
    -9.9998335064451838e-01 1.4295130576817646e+03
    -4.7861840822333926e-03 9.9998785465677276e-01
    -1.1760020731903407e-03 3.2492698282905112e+03 0. 0. 0. 1.</data></extrinsicMatrix>
 <!-- resumed -->

<yaw_z>-2.7384456198189305e-01</yaw_z>
<pitch_x>9.0068925943392770e+01</pitch_x>
<roll_z>0.</roll_z>
</opencv_storage>
