<?xml version="1.0"?>
<opencv_storage>
<camera_name>FC120</camera_name>
<camera_model>FISHEYE</camera_model>
<calibration_time>"2022-07-22 22:50:57"</calibration_time>
<camIntrinsicMat type_id="opencv-matrix">
  <rows>3</rows>
  <cols>3</cols>
  <dt>d</dt>
  <data>
    9.7488672638872640e+02 0. 9.6441374626136587e+02 0.
    9.7515161838182428e+02 6.0374911902470581e+02 0. 0. 1.</data></camIntrinsicMat>
<distortion_coefficients type_id="opencv-matrix">
  <rows>4</rows>
  <cols>1</cols>
  <dt>d</dt>
  <data>
    -3.0451919751939022e-02 -1.7170545165983597e-02
    3.2071513376337214e-03 -1.2599409110822129e-03</data></distortion_coefficients>
<camIntriMatrix type_id="opencv-matrix">
  <rows>3</rows>
  <cols>4</cols>
  <dt>d</dt>
  <data>
    9.7488672638872640e+02 0. 9.6441374626136587e+02 0. 0.
    9.7515161838182428e+02 6.0374911902470581e+02 0. 0. 0. 1. 0.</data></camIntriMatrix>
<avg_reprojection_error>2.5294372726166159e-01</avg_reprojection_error>
</opencv_storage>
