<?xml version="1.0"?>
<opencv_storage>
<camera_name>FC120</camera_name>
<camera_model>FISHEYE</camera_model>
<calibration_time>"2022-12-25 17:18:06"</calibration_time>
<camIntrinsicMat type_id="opencv-matrix">
  <rows>3</rows>
  <cols>3</cols>
  <dt>d</dt>
  <data>
   977.35276836840558 0. 981.78331238422913 0.
    977.35395165424711 599.61082232517151 0. 0. 1.</data></camIntrinsicMat>
<distortion_coefficients type_id="opencv-matrix">
  <rows>4</rows>
  <cols>1</cols>
  <dt>d</dt>
  <data>
    -0.041955019050264511 0.0073607681672255591
    -0.027884043011870953 0.013797275806571942</data></distortion_coefficients>
<camIntriMatrix type_id="opencv-matrix">
  <rows>3</rows>
  <cols>4</cols>
  <dt>d</dt>
  <data>
    977.35276836840558 0. 981.78331238422913 0. 0.
    977.35395165424711 599.61082232517151 0. 0. 0. 1. 0.</data></camIntriMatrix>
<avg_reprojection_error>2.7158195501244897e-01</avg_reprojection_error>
</opencv_storage>
