<?xml version="1.0"?>
<opencv_storage>
<camera_name>FC120</camera_name>
<calibration_time>"2022-12-25 15:30:11"</calibration_time>
<undistort>1</undistort>
<rotationMatrix type_id="opencv-matrix">
  <rows>3</rows>
  <cols>3</cols>
  <dt>d</dt>
  <data>
    9.9988451167161962e-01 -1.4834023041736252e-02
    3.3037977547167308e-03 3.3842017616456076e-03 5.3984163031396137e-03
    -9.9997970193392149e-01 1.4815886664095002e-02
    9.9987539666791247e-01 5.4479941759749970e-03</data></rotationMatrix>
<offsetMatrix type_id="opencv-matrix">
  <rows>3</rows>
  <cols>1</cols>
  <dt>d</dt>
  <data>
    -1.8409210760397534e+03 1.4538475898821143e+03
    3.2408274155970903e+03</data></offsetMatrix>
<deltaXY>
  1830. -3215.</deltaXY>
<headLocation>
  1830. -3215.</headLocation>
<pointA>
  4.1828398340695151e+02 1.0393254465330353e+03</pointA>
<pointB>
  1.4999120011645161e+03 1.0358260054757579e+03</pointB>
<pointV>
  9.5688970947265625e+02 6.0782470703125000e+02</pointV>
<cameraLocation>
  1.7877725830078125e+03 -3.2755803222656250e+03 1.4422441406250000e+03</cameraLocation>
<extrinsicMatrix type_id="opencv-matrix">
  <rows>4</rows>
  <cols>4</cols>
  <dt>d</dt>
  <data>
    9.9988451167161962e-01 -1.4834023041736252e-02
    3.3037977547167308e-03 -1.8409210760397534e+03
    3.3842017616456076e-03 5.3984163031396137e-03
    -9.9997970193392149e-01 1.4538475898821143e+03
    1.4815886664095002e-02 9.9987539666791247e-01 5.4479941759749970e-03
    3.2408274155970903e+03 0. 0. 0. 1.</data></extrinsicMatrix>
 <!-- resumed -->

<yaw_z>8.4997045818351324e-01</yaw_z>
<pitch_x>8.9690690557724963e+01</pitch_x>
<roll_z>0.</roll_z>
</opencv_storage>
