<?xml version="1.0"?>
<opencv_storage>
<camera_name>FC120</camera_name>
<calibration_time>"2022-12-21 09:51:15"</calibration_time>
<undistort>1</undistort>
<rotationMatrix type_id="opencv-matrix">
  <rows>3</rows>
  <cols>3</cols>
  <dt>d</dt>
  <data>
    9.9946779124981699e-01 -1.9653531207605428e-02
    2.6035993648863390e-02 2.5559196021693462e-02
    -2.4133533041609940e-02 -9.9938195905352123e-01
    2.0269725033572224e-02 9.9951553829542894e-01
    -2.3618360507498711e-02</data></rotationMatrix>
<offsetMatrix type_id="opencv-matrix">
  <rows>3</rows>
  <cols>1</cols>
  <dt>d</dt>
  <data>
    -2.0052951756563446e+03 1.2571845678410129e+03
    5.3298531453359938e+03</data></offsetMatrix>
<deltaXY>
  1825. -5240.</deltaXY>
<headLocation>
  1825. -5240.</headLocation>
<pointA>
  2.5106314217656302e+02 1.0888216875694111e+03</pointA>
<pointB>
  1.5789386267247992e+03 1.1162142328935024e+03</pointB>
<pointV>
  9.4901135253906250e+02 5.7993511962890625e+02</pointV>
<cameraLocation>
  1.8640606689453125e+03 -5.3363417968750000e+03 1.4344998779296875e+03</cameraLocation>
<extrinsicMatrix type_id="opencv-matrix">
  <rows>4</rows>
  <cols>4</cols>
  <dt>d</dt>
  <data>
    9.9946779124981699e-01 -1.9653531207605428e-02
    2.6035993648863390e-02 -2.0052951756563446e+03
    2.5559196021693462e-02 -2.4133533041609940e-02
    -9.9938195905352123e-01 1.2571845678410129e+03
    2.0269725033572224e-02 9.9951553829542894e-01
    -2.3618360507498711e-02 5.3298531453359938e+03 0. 0. 0. 1.</data></extrinsicMatrix>
 <!-- resumed -->

<yaw_z>1.1264650001612391e+00</yaw_z>
<pitch_x>9.1382883584973968e+01</pitch_x>
<roll_z>0.</roll_z>
</opencv_storage>
