<?xml version="1.0"?>
<opencv_storage>
<camera_name>FC60</camera_name>
<camera_model>PINHOLE</camera_model>
<calibration_time>"2022-12-21 9:02:33"</calibration_time>
<camIntrinsicMat type_id="opencv-matrix">
  <rows>3</rows>
  <cols>3</cols>
  <dt>d</dt>
  <data>
    1957.3655724307896 0. 987.49914376246477 0.
    1957.0960426704462 627.18965465288386 0. 0. 1.</data></camIntrinsicMat>
<distortion_coefficients type_id="opencv-matrix">
  <rows>1</rows>
  <cols>5</cols>
  <dt>d</dt>
  <data>
    -0.49831942398152701 0.2158378500820132
    -0.00091748969497872145 -0.0051376980281566701
    0</data></distortion_coefficients>
<camIntriMatrix type_id="opencv-matrix">
  <rows>3</rows>
  <cols>4</cols>
  <dt>d</dt>
  <data>
    1.9427975782399410e+03 0. 9.7451394141686171e+02 0. 0.
    1.9407371158847234e+03 6.0196729685522052e+02 0. 0. 0. 1. 0.</data></camIntriMatrix>
<avg_reprojection_error>2.2241281001904609e-01</avg_reprojection_error>
</opencv_storage>
