<?xml version="1.0"?>
<opencv_storage>
<camera_name>FC120</camera_name>
<calibration_time>"2022-09-08 22:04:31"</calibration_time>
<undistort>1</undistort>
<rotationMatrix type_id="opencv-matrix">
  <rows>3</rows>
  <cols>3</cols>
  <dt>d</dt>
  <data>
    9.9989673463094664e-01 1.1054978321564430e-02
    -9.1819131274455922e-03 -9.5249585111374102e-03
    3.1388836787805324e-02 -9.9946186324965369e-01
    -1.0760819658898118e-02 9.9944611079308243e-01
    3.1490893617844705e-02</data></rotationMatrix>
<offsetMatrix type_id="opencv-matrix">
  <rows>3</rows>
  <cols>1</cols>
  <dt>d</dt>
  <data>
    -1.7345245895516553e+03 1.5712990911704374e+03
    3.2890863672265946e+03</data></offsetMatrix>
<deltaXY>
  1805. -3240.</deltaXY>
<headLocation>
  1805. -3240.</headLocation>
<pointA>
  4.5425864544164210e+02 1.0619525204280155e+03</pointA>
<pointB>
  1.5403428186007641e+03 1.0571630698291160e+03</pointB>
<pointV>
  9.7939385986328125e+02 6.2662170410156250e+02</pointV>
<cameraLocation>
  1.7847053222656250e+03 -3.3174106445312500e+03 1.4509510498046875e+03</cameraLocation>
<extrinsicMatrix type_id="opencv-matrix">
  <rows>4</rows>
  <cols>4</cols>
  <dt>d</dt>
  <data>
    9.9989673463094664e-01 1.1054978321564430e-02
    -9.1819131274455922e-03 -1.7345245895516553e+03
    -9.5249585111374102e-03 3.1388836787805324e-02
    -9.9946186324965369e-01 1.5712990911704374e+03
    -1.0760819658898118e-02 9.9944611079308243e-01
    3.1490893617844705e-02 3.2890863672265946e+03 0. 0. 0. 1.</data></extrinsicMatrix>
 <!-- resumed -->

<yaw_z>-6.3372880349502514e-01</yaw_z>
<pitch_x>8.8201258526176971e+01</pitch_x>
<roll_z>0.</roll_z>
</opencv_storage>
