<?xml version="1.0"?>
<opencv_storage>
<camera_name>FC120</camera_name>
<camera_model>FISHEYE</camera_model>
<calibration_time>"2022-09-08 21:24:21"</calibration_time>
<camIntrinsicMat type_id="opencv-matrix">
  <rows>3</rows>
  <cols>3</cols>
  <dt>d</dt>
  <data>
    9.7532875477057780e+02 0. 9.6860564614775501e+02 0.
    9.7536744161307820e+02 5.9598908759296660e+02 0. 0. 1.</data></camIntrinsicMat>
<distortion_coefficients type_id="opencv-matrix">
  <rows>4</rows>
  <cols>1</cols>
  <dt>d</dt>
  <data>
    -3.9226388564871761e-02 -7.5401809918634322e-03
    1.6915810156436792e-03 -2.7758048738903661e-03</data></distortion_coefficients>
<camIntriMatrix type_id="opencv-matrix">
  <rows>3</rows>
  <cols>4</cols>
  <dt>d</dt>
  <data>
    9.7532875477057780e+02 0. 9.6860564614775501e+02 0. 0.
    9.7536744161307820e+02 5.9598908759296660e+02 0. 0. 0. 1. 0.</data></camIntriMatrix>
<avg_reprojection_error>2.7784088307691163e-01</avg_reprojection_error>
</opencv_storage>
