<?xml version="1.0"?>
<opencv_storage>
<camera_name>RC</camera_name>
<camera_model>PINHOLE</camera_model>
<calibration_time>"2022-10-12 07:45:50"</calibration_time>
<camIntrinsicMat type_id="opencv-matrix">
  <rows>3</rows>
  <cols>3</cols>
  <dt>d</dt>
  <data>
    1.9453823748133686e+03 0. 9.6487570670676905e+02 0.
    1.9518698021560001e+03 6.4359222082495864e+02 0. 0. 1.</data></camIntrinsicMat>
<distortion_coefficients type_id="opencv-matrix">
  <rows>1</rows>
  <cols>5</cols>
  <dt>d</dt>
  <data>
    -5.0616393679419991e-01 2.9347838967131762e-01
    -6.7086238911265817e-03 -1.9315233005012861e-03
    -1.2311679335851329e-01</data></distortion_coefficients>
<camIntriMatrix type_id="opencv-matrix">
  <rows>3</rows>
  <cols>4</cols>
  <dt>d</dt>
  <data>
    1.9453823748133686e+03 0. 9.6487570670676905e+02 0. 0.
    1.9518698021560001e+03 6.4359222082495864e+02 0. 0. 0. 1. 0.</data></camIntriMatrix>
<avg_reprojection_error>2.2117168726703842e-01</avg_reprojection_error>
</opencv_storage>
