<?xml version="1.0"?>
<opencv_storage>
<camera_name>FR</camera_name>
<camera_model>FISHEYE</camera_model>
<calibration_time>"2022-09-22 10:08:44"</calibration_time>
<camIntrinsicMat type_id="opencv-matrix">
  <rows>3</rows>
  <cols>3</cols>
  <dt>d</dt>
  <data>
    1.1513090913773271e+03 0. 9.7999795475885412e+02 0.
    1.1510530804644236e+03 5.9673824402527669e+02 0. 0. 1.</data></camIntrinsicMat>
<distortion_coefficients type_id="opencv-matrix">
  <rows>4</rows>
  <cols>1</cols>
  <dt>d</dt>
  <data>
    -3.4850231156868423e-02 -2.9403164510961033e-02
    4.8545308356184938e-02 -3.5680765099222578e-02</data></distortion_coefficients>
<camIntriMatrix type_id="opencv-matrix">
  <rows>3</rows>
  <cols>4</cols>
  <dt>d</dt>
  <data>
    1.1513090913773271e+03 0. 9.7999795475885412e+02 0. 0.
    1.1510530804644236e+03 5.9673824402527669e+02 0. 0. 0. 1. 0.</data></camIntriMatrix>
<avg_reprojection_error>2.2500403277457692e-01</avg_reprojection_error>
</opencv_storage>
