<?xml version="1.0"?>
<opencv_storage>
<camera_name>FC60</camera_name>
<calibration_time>"2022-12-25 15:14:48"</calibration_time>
<undistort>1</undistort>
<rotationMatrix type_id="opencv-matrix">
  <rows>3</rows>
  <cols>3</cols>
  <dt>d</dt>
  <data>
    9.9973865736091649e-01 -2.2337837178694683e-02
    4.8618934963776282e-03 4.6513421110645622e-03
    -9.4680812411511283e-03 -9.9994435867911013e-01
    2.2382627074537767e-02 9.9970564491143554e-01
    -9.3617059050731411e-03</data></rotationMatrix>
<offsetMatrix type_id="opencv-matrix">
  <rows>3</rows>
  <cols>1</cols>
  <dt>d</dt>
  <data>
    -1.9639930627195263e+03 1.3678475440576776e+03
    5.5805217648495436e+03</data></offsetMatrix>
<deltaXY>
  1810. -5320.</deltaXY>
<headLocation>
  1810. -5320.</headLocation>
<pointA>
  2.7811704410179823e+02 1.0937284411025591e+03</pointA>
<pointB>
  1.5844403540825081e+03 1.0926459931984455e+03</pointB>
<pointV>
  9.4277984619140625e+02 5.8030596923828125e+02</pointV>
<cameraLocation>
  1.8322106933593750e+03 -5.6097998046875000e+03 1.4295633544921875e+03</cameraLocation>
<extrinsicMatrix type_id="opencv-matrix">
  <rows>4</rows>
  <cols>4</cols>
  <dt>d</dt>
  <data>
    9.9973865736091649e-01 -2.2337837178694683e-02
    4.8618934963776282e-03 -1.9639930627195263e+03
    4.6513421110645622e-03 -9.4680812411511283e-03
    -9.9994435867911013e-01 1.3678475440576776e+03
    2.2382627074537767e-02 9.9970564491143554e-01
    -9.3617059050731411e-03 5.5805217648495436e+03 0. 0. 0. 1.</data></extrinsicMatrix>
 <!-- resumed -->

<yaw_z>1.2800276096621068e+00</yaw_z>
<pitch_x>9.0542490279306435e+01</pitch_x>
<roll_z>0.</roll_z>
</opencv_storage>
