<?xml version="1.0"?>
<opencv_storage>
<camera_name>FC60</camera_name>
<camera_model>PINHOLE</camera_model>
<calibration_time>"2022年12月25日 星期二 15时41分55秒"</calibration_time>
<camIntrinsicMat type_id="opencv-matrix">
  <rows>3</rows>
  <cols>3</cols>
  <dt>d</dt>
  <data>
     2016.6183311359084 0. 987.8400018099893 0.
    2016.7279581615383 599.40613561862222 0. 0. 1.</data></camIntrinsicMat>
<distortion_coefficients type_id="opencv-matrix">
  <rows>1</rows>
  <cols>5</cols>
  <dt>d</dt>
  <data>
    -0.52330219677080736 0.24623742711606084
    0.004017901798572701 -0.005657404894537409
    0</data></distortion_coefficients>
<camIntriMatrix type_id="opencv-matrix">
  <rows>3</rows>
  <cols>4</cols>
  <dt>d</dt>
  <data>
    2016.6183311359084 0. 987.8400018099893 0. 0.
    2016.7279581615383 599.40613561862222 0. 0. 0. 1. 0.</data></camIntriMatrix>
<avg_reprojection_error>7.5455073651190674e-01</avg_reprojection_error>
</opencv_storage>
