<?xml version="1.0"?>
<opencv_storage>
<camera_name>FC120</camera_name>
<calibration_time>"2022-09-08 21:42:08"</calibration_time>
<undistort>1</undistort>
<rotationMatrix type_id="opencv-matrix">
  <rows>3</rows>
  <cols>3</cols>
  <dt>d</dt>
  <data>
    9.9990867255879790e-01 1.0881799454607816e-02 8.0145481677017204e-03
    7.8421903790348822e-03 1.5790429536505838e-02
    -9.9984456911317543e-01 -1.1006661244977367e-02
    9.9981610747961169e-01 1.5703650293991272e-02</data></rotationMatrix>
<offsetMatrix type_id="opencv-matrix">
  <rows>3</rows>
  <cols>1</cols>
  <dt>d</dt>
  <data>
    -1.7312236354137365e+03 1.4642941128477448e+03
    3.3172923239849697e+03</data></offsetMatrix>
<deltaXY>
  1825. -3300.</deltaXY>
<headLocation>
  1825. -3300.</headLocation>
<pointA>
  4.5863173912275408e+02 1.0398814374953940e+03</pointA>
<pointB>
  1.5298266843176834e+03 1.0535729299506409e+03</pointB>
<pointV>
  9.7546331787109375e+02 6.2678576660156250e+02</pointV>
<cameraLocation>
  1.7560946044921875e+03 -3.3209653320312500e+03 1.4258479003906250e+03</cameraLocation>
<extrinsicMatrix type_id="opencv-matrix">
  <rows>4</rows>
  <cols>4</cols>
  <dt>d</dt>
  <data>
    9.9990867255879790e-01 1.0881799454607816e-02 8.0145481677017204e-03
    -1.7312236354137365e+03 7.8421903790348822e-03
    1.5790429536505838e-02 -9.9984456911317543e-01
    1.4642941128477448e+03 -1.1006661244977367e-02
    9.9981610747961169e-01 1.5703650293991272e-02 3.3172923239849697e+03
    0. 0. 0. 1.</data></extrinsicMatrix>
 <!-- resumed -->

<yaw_z>-6.2357124498215843e-01</yaw_z>
<pitch_x>8.9095234665883254e+01</pitch_x>
<roll_z>0.</roll_z>
</opencv_storage>
