<?xml version="1.0"?>
<opencv_storage>
<camera_name>FC120</camera_name>
<camera_model>FISHEYE</camera_model>
<calibration_time>"2022-09-08 21:07:21"</calibration_time>
<camIntrinsicMat type_id="opencv-matrix">
  <rows>3</rows>
  <cols>3</cols>
  <dt>d</dt>
  <data>
    9.7009782896359081e+02 0. 9.6490496624306945e+02 0.
    9.7057594646101768e+02 6.1145713668875351e+02 0. 0. 1.</data></camIntrinsicMat>
<distortion_coefficients type_id="opencv-matrix">
  <rows>4</rows>
  <cols>1</cols>
  <dt>d</dt>
  <data>
    -2.9169559392440342e-02 -2.7967706381279635e-02
    1.9695606127980849e-02 -8.0036429325673411e-03</data></distortion_coefficients>
<camIntriMatrix type_id="opencv-matrix">
  <rows>3</rows>
  <cols>4</cols>
  <dt>d</dt>
  <data>
    9.7009782896359081e+02 0. 9.6490496624306945e+02 0. 0.
    9.7057594646101768e+02 6.1145713668875351e+02 0. 0. 0. 1. 0.</data></camIntriMatrix>
<avg_reprojection_error>3.0302946092552846e-01</avg_reprojection_error>
</opencv_storage>
