<?xml version="1.0"?>
<opencv_storage>
<camera_name>RL</camera_name>
<camera_model>FISHEYE</camera_model>
<calibration_time>"2022-11-08 20:11:36"</calibration_time>
<camIntrinsicMat type_id="opencv-matrix">
  <rows>3</rows>
  <cols>3</cols>
  <dt>d</dt>
  <data>
    1.4100654216907189e+03 0. 1.4199443603157292e+03 0.
    1.4071406980604913e+03 8.9452619620984308e+02 0. 0. 1.</data></camIntrinsicMat>
<distortion_coefficients type_id="opencv-matrix">
  <rows>4</rows>
  <cols>1</cols>
  <dt>d</dt>
  <data>
    7.3284588120127829e-03 4.8864229399103405e-02
    -6.9820375335404680e-02 3.5907198114048008e-02</data></distortion_coefficients>
<camIntriMatrix type_id="opencv-matrix">
  <rows>3</rows>
  <cols>4</cols>
  <dt>d</dt>
  <data>
    1.4100654216907189e+03 0. 1.4199443603157292e+03 0. 0.
    1.4071406980604913e+03 8.9452619620984308e+02 0. 0. 0. 1. 0.</data></camIntriMatrix>
<avg_reprojection_error>6.4875929140820698e-01</avg_reprojection_error>
</opencv_storage>
