<?xml version="1.0"?>
<opencv_storage>
<camera_name>RL</camera_name>
<camera_model>FISHEYE</camera_model>
<calibration_time>"2021-12-24 20:01:29"</calibration_time>
<camIntrinsicMat type_id="opencv-matrix">
  <rows>3</rows>
  <cols>3</cols>
  <dt>d</dt>
  <data>
    1.4269106001784946e+03 0. 1.4631212770784846e+03 0.
    1.4258451282590318e+03 8.9962714679217538e+02 0. 0. 1.</data></camIntrinsicMat>
<distortion_coefficients type_id="opencv-matrix">
  <rows>4</rows>
  <cols>1</cols>
  <dt>d</dt>
  <data>
    1.3849997156938963e-02 5.5490287079938090e-02
    -9.3135303045534287e-02 4.9816682705162880e-02</data></distortion_coefficients>
<camIntriMatrix type_id="opencv-matrix">
  <rows>3</rows>
  <cols>4</cols>
  <dt>d</dt>
  <data>
    1.4269106001784946e+03 0. 1.4631212770784846e+03 0. 0.
    1.4258451282590318e+03 8.9962714679217538e+02 0. 0. 0. 1. 0.</data></camIntriMatrix>
<avg_reprojection_error>9.0003710440222406e-01</avg_reprojection_error>
</opencv_storage>
