<?xml version="1.0"?>
<opencv_storage>
<camera_name>RL</camera_name>
<calibration_time>"2022-01-24 10:17:54"</calibration_time>
<undistort>1</undistort>
<rotationMatrix type_id="opencv-matrix">
  <rows>3</rows>
  <cols>3</cols>
  <dt>d</dt>
  <data>
    6.8864432018074984e-01 7.2435865225818963e-01
    -3.2764968815676643e-02 -7.3648263145943416e-03
    -3.8197131420550867e-02 -9.9924308278045992e-01
    -7.2506190054101527e-01 6.8836438174119707e-01
    -2.0969461936604789e-02</data></rotationMatrix>
<offsetMatrix type_id="opencv-matrix">
  <rows>3</rows>
  <cols>1</cols>
  <dt>d</dt>
  <data>
    9.9914704049594991e+02 1.7139925664058878e+03
    -8.9344524818724085e+02</data></offsetMatrix>
<deltaXY>
  0. 0.</deltaXY>
<headLocation>
  0. 0.</headLocation>
<pointA>
  0. 0.</pointA>
<pointB>
  0. 0.</pointB>
<pointV>
  0. 0.</pointV>
<cameraLocation>
  -1.3232368164062500e+03 -4.3255317687988281e+01 1.7266971435546875e+03</cameraLocation>
<extrinsicMatrix type_id="opencv-matrix">
  <rows>4</rows>
  <cols>4</cols>
  <dt>d</dt>
  <data>
    6.8864432018074984e-01 7.2435865225818963e-01
    -3.2764968815676643e-02 9.9914704049594991e+02
    -7.3648263145943416e-03 -3.8197131420550867e-02
    -9.9924308278045992e-01 1.7139925664058878e+03
    -7.2506190054101527e-01 6.8836438174119707e-01
    -2.0969461936604789e-02 -8.9344524818724085e+02 0. 0. 0. 1.</data></extrinsicMatrix>
 <!-- resumed -->

<bsd_deltaXY>
  -3490. 3190.</bsd_deltaXY>
<yaw>4.6473997995250485e+01</yaw>
<pitch>9.1744846570867765e+01</pitch>
<roll>-6.1273630744659680e-01</roll>
<avg_reprojection_error>5.9785717725753784e-01</avg_reprojection_error>
</opencv_storage>
