<?xml version="1.0"?>
<opencv_storage>
<camera_name>FL</camera_name>
<camera_model>FISHEYE</camera_model>
<calibration_time>"2022-12-25 9:10:12"</calibration_time>
<camIntrinsicMat type_id="opencv-matrix">
  <rows>3</rows>
  <cols>3</cols>
  <dt>d</dt>
  <data>
    1139.0041609456896 0. 954.21307335628217 0.
    1139.3019783795894 606.87269611665442 0. 0. 1.</data></camIntrinsicMat>
<distortion_coefficients type_id="opencv-matrix">
  <rows>4</rows>
  <cols>1</cols>
  <dt>d</dt>
  <data>
    -0.035081920653700936 0.00066468427125929304
    -0.017467649084451663 0.014644730908048157</data></distortion_coefficients>
<camIntriMatrix type_id="opencv-matrix">
  <rows>3</rows>
  <cols>4</cols>
  <dt>d</dt>
  <data>
    1139.0041609456896 0. 954.21307335628217 0. 0.
    1139.3019783795894 606.87269611665442 0. 0. 0. 1. 0.</data></camIntriMatrix>
<avg_reprojection_error>2.7698559417496921e-01</avg_reprojection_error>
</opencv_storage>
