<?xml version="1.0"?>
<opencv_storage>
<camera_name>RR</camera_name>
<calibration_time>"2022-08-12 11:57:43"</calibration_time>
<undistort>1</undistort>
<rotationMatrix type_id="opencv-matrix">
  <rows>3</rows>
  <cols>3</cols>
  <dt>d</dt>
  <data>
    7.2456346607616084e-01 -6.8790716300986121e-01
    4.2326335861079700e-02 1.8862292983684747e-02
    -4.1597524540660596e-02 -9.9895638536198728e-01
    6.8894992381964759e-01 7.2460567278473176e-01
    -1.7164540107101806e-02</data></rotationMatrix>
<offsetMatrix type_id="opencv-matrix">
  <rows>3</rows>
  <cols>1</cols>
  <dt>d</dt>
  <data>
    -7.4071174219886616e+03 8.3874589681151122e+02
    5.8638207305525575e+03</data></offsetMatrix>
<deltaXY>
  0. 0.</deltaXY>
<headLocation>
  0. 0.</headLocation>
<pointA>
  0. 0.</pointA>
<pointB>
  0. 0.</pointB>
<pointV>
  0. 0.</pointV>
<cameraLocation>
  1.3112271728515625e+03 -9.3094775390625000e+03 1.2520364990234375e+03</cameraLocation>
<extrinsicMatrix type_id="opencv-matrix">
  <rows>4</rows>
  <cols>4</cols>
  <dt>d</dt>
  <data>
    7.2456346607616084e-01 -6.8790716300986121e-01
    4.2326335861079700e-02 -7.4071174219886616e+03
    1.8862292983684747e-02 -4.1597524540660596e-02
    -9.9895638536198728e-01 8.3874589681151122e+02
    6.8894992381964759e-01 7.2460567278473176e-01
    -1.7164540107101806e-02 5.8638207305525575e+03 0. 0. 0. 1.</data></extrinsicMatrix>
 <!-- resumed -->

<bsd_deltaXY>
  2300. -6610.</bsd_deltaXY>
<yaw>-4.3547044037585621e+01</yaw>
<pitch>9.1356975050742818e+01</pitch>
<roll>1.4912230517155216e+00</roll>
<avg_reprojection_error>2.8258797526359558e-01</avg_reprojection_error>
</opencv_storage>
