<?xml version="1.0"?>
<opencv_storage>
<camera_name>FC120</camera_name>
<camera_model>FISHEYE</camera_model>
<calibration_time>"2022-06-17 23:23:59"</calibration_time>
<camIntrinsicMat type_id="opencv-matrix">
  <rows>3</rows>
  <cols>3</cols>
  <dt>d</dt>
  <data>
    9.7873788713639124e+02 0. 9.7237055954439313e+02 0.
    9.7929730832372240e+02 5.9791060697692296e+02 0. 0. 1.</data></camIntrinsicMat>
<distortion_coefficients type_id="opencv-matrix">
  <rows>4</rows>
  <cols>1</cols>
  <dt>d</dt>
  <data>
    -3.2523045495208860e-02 -2.3137808759775870e-02
    1.8557578339437074e-02 -9.8055023340321117e-03</data></distortion_coefficients>
<camIntriMatrix type_id="opencv-matrix">
  <rows>3</rows>
  <cols>4</cols>
  <dt>d</dt>
  <data>
    9.7873788713639124e+02 0. 9.7237055954439313e+02 0. 0.
    9.7929730832372240e+02 5.9791060697692296e+02 0. 0. 0. 1. 0.</data></camIntriMatrix>
<avg_reprojection_error>2.2885591470901165e-01</avg_reprojection_error>
</opencv_storage>
