<?xml version="1.0"?>
<opencv_storage>
<camera_name>FL</camera_name>
<camera_model>FISHEYE</camera_model>
<calibration_time>"2022-12-25 17:10:12"</calibration_time>
<camIntrinsicMat type_id="opencv-matrix">
  <rows>3</rows>
  <cols>3</cols>
  <dt>d</dt>
  <data>
    1132.1839213603866 0. 959.0138791881692 0.
    1131.1465499446256 592.13344675090718 0. 0. 1.</data></camIntrinsicMat>
<distortion_coefficients type_id="opencv-matrix">
  <rows>4</rows>
  <cols>1</cols>
  <dt>d</dt>
  <data>
    -0.027901568532175083 -0.075010638516713218
    0.17961380027263474 -0.153905349904287</data></distortion_coefficients>
<camIntriMatrix type_id="opencv-matrix">
  <rows>3</rows>
  <cols>4</cols>
  <dt>d</dt>
  <data>
    1132.1839213603866 0. 959.0138791881692 0. 0.
    1131.1465499446256 592.13344675090718 0. 0. 0. 1. 0.</data></camIntriMatrix>
<avg_reprojection_error>2.7698559417496921e-01</avg_reprojection_error>
</opencv_storage>
