<?xml version="1.0"?>
<opencv_storage>
<camera_name>FL</camera_name>
<calibration_time>"2022-12-25 17:38:13"</calibration_time>
<undistort>1</undistort>
<rotationMatrix type_id="opencv-matrix">
  <rows>3</rows>
  <cols>3</cols>
  <dt>d</dt>
  <data>
    -7.0277741618553513e-01 7.1125618213319020e-01
    1.4783324284521726e-02 -2.6401617057815741e-03
    1.8172616002546937e-02 -9.9983137857030235e-01
    -7.1140490077434126e-01 -7.0269794321951884e-01
    -1.0893472784533342e-02</data></rotationMatrix>
<offsetMatrix type_id="opencv-matrix">
  <rows>3</rows>
  <cols>1</cols>
  <dt>d</dt>
  <data>
    2.7040066764179987e+03 1.3305441699015576e+03
    -4.5534732076211067e+03</data></offsetMatrix>
<deltaXY>
  0. 0.</deltaXY>
<headLocation>
  0. 0.</headLocation>
<pointA>
  0. 0.</pointA>
<pointB>
  0. 0.</pointB>
<pointV>
  0. 0.</pointV>
<cameraLocation>
  -1.3355355224609375e+03 -5.1471372070312500e+03 1.2407424316406250e+03</cameraLocation>
<extrinsicMatrix type_id="opencv-matrix">
  <rows>4</rows>
  <cols>4</cols>
  <dt>d</dt>
  <data>
    -7.0277741618553513e-01 7.1125618213319020e-01
    1.4783324284521726e-02 2.7040066764179987e+03
    -2.6401617057815741e-03 1.8172616002546937e-02
    -9.9983137857030235e-01 1.3305441699015576e+03
    -7.1140490077434126e-01 -7.0269794321951884e-01
    -1.0893472784533342e-02 -4.5534732076211067e+03 0. 0. 0. 1.</data></extrinsicMatrix>
 <!-- resumed -->

<bsd_deltaXY>
  -3130. -8605.</bsd_deltaXY>
<yaw>4.5349336479960378e+01</yaw>
<pitch>-9.0888148355666900e+01</pitch>
<roll>-1.7978475487706294e+02</roll>
<avg_reprojection_error>3.5929188132286072e-01</avg_reprojection_error>
</opencv_storage>
