<?xml version="1.0"?>
<opencv_storage>
<camera_name>FC60</camera_name>
<camera_model>PINHOLE</camera_model>
<calibration_time>"2021-12-17 00:04:27"</calibration_time>
<camIntrinsicMat type_id="opencv-matrix">
  <rows>3</rows>
  <cols>3</cols>
  <dt>d</dt>
  <data>
    1.9686014948493828e+03 0. 9.5998786963168027e+02 0.
    1.9575348735514499e+03 5.9268406135855889e+02 0. 0. 1.</data></camIntrinsicMat>
<distortion_coefficients type_id="opencv-matrix">
  <rows>1</rows>
  <cols>5</cols>
  <dt>d</dt>
  <data>
    -4.8382532114773608e-01 1.7456212079013400e-01
    8.7512063200873588e-04 6.1242342565807277e-04 3.8182944857538356e-02</data></distortion_coefficients>
<camIntriMatrix type_id="opencv-matrix">
  <rows>3</rows>
  <cols>4</cols>
  <dt>d</dt>
  <data>
    1.9686014948493828e+03 0. 9.5998786963168027e+02 0. 0.
    1.9575348735514499e+03 5.9268406135855889e+02 0. 0. 0. 1. 0.</data></camIntriMatrix>
<avg_reprojection_error>8.0864940833487864e-01</avg_reprojection_error>
</opencv_storage>
