<?xml version="1.0"?>
<opencv_storage>
<camera_name>FC60</camera_name>
<calibration_time>"2021-12-17 01:11:32"</calibration_time>
<undistort>1</undistort>
<rotationMatrix type_id="opencv-matrix">
  <rows>3</rows>
  <cols>3</cols>
  <dt>d</dt>
  <data>
    9.9997406716581316e-01 -7.1550292164674414e-03
    -8.1887286751356923e-04 -8.1114934786778606e-04
    1.0822885310218557e-03 -9.9999908534371729e-01
    7.1559089287878902e-03 9.9997381676144259e-01 1.0764566669299259e-03</data></rotationMatrix>
<offsetMatrix type_id="opencv-matrix">
  <rows>3</rows>
  <cols>1</cols>
  <dt>d</dt>
  <data>
    -1.6196161092832592e+03 1.4591535301373196e+03
    5.1347723337565185e+03</data></offsetMatrix>
<deltaXY>
  1545. -5030.</deltaXY>
<headLocation>
  1545. -5030.</headLocation>
<pointA>
  3.3904920155161017e+02 1.1489587577714092e+03</pointA>
<pointB>
  1.5174556180552261e+03 1.1456328674399847e+03</pointB>
<pointV>
  9.4590209960937500e+02 5.9480273437500000e+02</pointV>
<cameraLocation>
  1.5840137939453125e+03 -5.1478056640625000e+03 1.4522985839843750e+03</cameraLocation>
<extrinsicMatrix type_id="opencv-matrix">
  <rows>4</rows>
  <cols>4</cols>
  <dt>d</dt>
  <data>
    9.9997406716581316e-01 -7.1550292164674414e-03
    -8.1887286751356923e-04 -1.6196161092832592e+03
    -8.1114934786778606e-04 1.0822885310218557e-03
    -9.9999908534371729e-01 1.4591535301373196e+03
    7.1559089287878902e-03 9.9997381676144259e-01 1.0764566669299259e-03
    5.1347723337565185e+03 0. 0. 0. 1.</data></extrinsicMatrix>
 <!-- resumed -->

<offsetValue>
  -1.6196161092832592e+03 1.4591535301373196e+03 5.1347723337565185e+03</offsetValue>
<yaw_z>4.0995670516403937e-01</yaw_z>
<pitch_x>8.9937991217003628e+01</pitch_x>
<roll_z>0.</roll_z>
</opencv_storage>
