<?xml version="1.0"?>
<opencv_storage>
<camera_name>RC</camera_name>
<camera_model>PINHOLE</camera_model>
<calibration_time>"2022-08-06 15:03:58"</calibration_time>
<camIntrinsicMat type_id="opencv-matrix">
  <rows>3</rows>
  <cols>3</cols>
  <dt>d</dt>
  <data>
    1.9385906894743750e+03 0. 9.3963675038466226e+02 0.
    1.9368399465863920e+03 6.3790040216096031e+02 0. 0. 1.</data></camIntrinsicMat>
<distortion_coefficients type_id="opencv-matrix">
  <rows>1</rows>
  <cols>5</cols>
  <dt>d</dt>
  <data>
    -4.8744911837936133e-01 2.2892891138426347e-01
    -6.3690980181457212e-03 1.0961996226053219e-03
    -5.0288498987073070e-02</data></distortion_coefficients>
<camIntriMatrix type_id="opencv-matrix">
  <rows>3</rows>
  <cols>4</cols>
  <dt>d</dt>
  <data>
    1.9385906894743750e+03 0. 9.3963675038466226e+02 0. 0.
    1.9368399465863920e+03 6.3790040216096031e+02 0. 0. 0. 1. 0.</data></camIntriMatrix>
<avg_reprojection_error>2.1511656759360359e-01</avg_reprojection_error>
</opencv_storage>
