<?xml version="1.0"?>
<opencv_storage>
<camera_name>RC</camera_name>
<calibration_time>"2022-08-06 15:09:30"</calibration_time>
<undistort>1</undistort>
<rotationMatrix type_id="opencv-matrix">
  <rows>3</rows>
  <cols>3</cols>
  <dt>d</dt>
  <data>
    9.9998359188069774e-01 -7.9448702802310898e-05
    -5.7279714805115985e-03 -5.7284207110311026e-03
    -7.9094276713266819e-03 -9.9995231193795908e-01
    3.4139937919114092e-05 9.9996871683158950e-01
    -7.9097530080884364e-03</data></rotationMatrix>
<offsetMatrix type_id="opencv-matrix">
  <rows>3</rows>
  <cols>1</cols>
  <dt>d</dt>
  <data>
    -1.7563498701223914e+03 1.4247289674015149e+03
    5.3670752390885873e+03</data></offsetMatrix>
<deltaXY>
  1800. -5240.</deltaXY>
<headLocation>
  1800. -5240.</headLocation>
<pointA>
  3.0524215854417412e+02 1.1520485842145133e+03</pointA>
<pointB>
  1.6199749444180829e+03 1.1445120995353354e+03</pointB>
<pointV>
  9.3948272705078125e+02 6.2258062744140625e+02</pointV>
<cameraLocation>
  1.7642993164062500e+03 -5.3557783203125000e+03 1.4570529785156250e+03</cameraLocation>
<extrinsicMatrix type_id="opencv-matrix">
  <rows>4</rows>
  <cols>4</cols>
  <dt>d</dt>
  <data>
    9.9998359188069774e-01 -7.9448702802310898e-05
    -5.7279714805115985e-03 -1.7563498701223914e+03
    -5.7284207110311026e-03 -7.9094276713266819e-03
    -9.9995231193795908e-01 1.4247289674015149e+03
    3.4139937919114092e-05 9.9996871683158950e-01
    -7.9097530080884364e-03 5.3670752390885873e+03 0. 0. 0. 1.</data></extrinsicMatrix>
 <!-- resumed -->

<yaw_z>4.5522176951610224e-03</yaw_z>
<pitch_x>9.0453178725719340e+01</pitch_x>
<roll_z>0.</roll_z>
</opencv_storage>
