<?xml version="1.0"?>
<opencv_storage>
<camera_name>FC120</camera_name>
<camera_model>FISHEYE</camera_model>
<calibration_time>"2022-02-23 10:51:07"</calibration_time>
<camIntrinsicMat type_id="opencv-matrix">
  <rows>3</rows>
  <cols>3</cols>
  <dt>d</dt>
  <data>
    9.8226556712798674e+02 0. 9.5666066433604067e+02 0.
    9.8209799740687708e+02 6.0939022217369234e+02 0. 0. 1.</data></camIntrinsicMat>
<distortion_coefficients type_id="opencv-matrix">
  <rows>4</rows>
  <cols>1</cols>
  <dt>d</dt>
  <data>
    -3.3042750072331123e-02 -1.7956850125227613e-02
    9.9197371882519380e-03 -5.4090283212666563e-03</data></distortion_coefficients>
<camIntriMatrix type_id="opencv-matrix">
  <rows>3</rows>
  <cols>4</cols>
  <dt>d</dt>
  <data>
    9.8226556712798674e+02 0. 9.5666066433604067e+02 0. 0.
    9.8209799740687708e+02 6.0939022217369234e+02 0. 0. 0. 1. 0.</data></camIntriMatrix>
<avg_reprojection_error>2.6385939274428699e-01</avg_reprojection_error>
</opencv_storage>
