<?xml version="1.0"?>
<opencv_storage>
<camera_name>FC120</camera_name>
<calibration_time>"2022-02-25 12:27:04"</calibration_time>
<undistort>1</undistort>
<rotationMatrix type_id="opencv-matrix">
  <rows>3</rows>
  <cols>3</cols>
  <dt>d</dt>
  <data>
    9.9991282179563046e-01 1.3142335335248596e-02 1.2758646620110088e-03
    1.2835055552610595e-03 -5.7297730617791062e-04
    -9.9999901215476017e-01 -1.3141591311158107e-02
    9.9991347161589050e-01 -5.8979561545710873e-04</data></rotationMatrix>
<offsetMatrix type_id="opencv-matrix">
  <rows>3</rows>
  <cols>1</cols>
  <dt>d</dt>
  <data>
    -1.6720742135075523e+03 1.4402931760317426e+03
    3.2981731447082857e+03</data></offsetMatrix>
<deltaXY>
  1755. -3195.</deltaXY>
<headLocation>
  1755. -3195.</headLocation>
<pointA>
  4.5868167610546800e+02 1.0382667492077740e+03</pointA>
<pointB>
  1.5467116595522884e+03 1.0459578988047506e+03</pointB>
<pointV>
  9.6957104492187500e+02 6.0882745361328125e+02</pointV>
<cameraLocation>
  1.7134230957031250e+03 -3.2750876464843750e+03 1.4443703613281250e+03</cameraLocation>
<extrinsicMatrix type_id="opencv-matrix">
  <rows>4</rows>
  <cols>4</cols>
  <dt>d</dt>
  <data>
    9.9991282179563046e-01 1.3142335335248596e-02 1.2758646620110088e-03
    -1.6720742135075523e+03 1.2835055552610595e-03
    -5.7297730617791062e-04 -9.9999901215476017e-01
    1.4402931760317426e+03 -1.3141591311158107e-02
    9.9991347161589050e-01 -5.8979561545710873e-04
    3.2981731447082857e+03 0. 0. 0. 1.</data></extrinsicMatrix>
 <!-- resumed -->

<yaw_z>-7.5302216613497053e-01</yaw_z>
<pitch_x>9.0032828393629245e+01</pitch_x>
<roll_z>0.</roll_z>
</opencv_storage>
