<?xml version="1.0"?>
<opencv_storage>
<camera_name>cam_fcf</camera_name>
<camera_model>FISHEYE</camera_model>
<calibration_time>""</calibration_time>
<camIntrinsicMat type_id="opencv-matrix">
  <rows>3</rows>
  <cols>3</cols>
  <dt>d</dt>
  <data>
    9.7200463867187500e+02 0. 9.6225140380859375e+02 0.
    9.7172973632812500e+02 5.9041436767578125e+02 0. 0. 1.</data></camIntrinsicMat>
<distortion_coefficients type_id="opencv-matrix">
  <rows>4</rows>
  <cols>1</cols>
  <dt>d</dt>
  <data>
    -3.6523878574371338e-02 3.6699455231428146e-03
    -2.7212396264076233e-02 1.3767544180154800e-02</data></distortion_coefficients>
<camIntriMatrix type_id="opencv-matrix">
  <rows>3</rows>
  <cols>4</cols>
  <dt>d</dt>
  <data>
    9.7200463867187500e+02 0. 9.6225140380859375e+02 0. 0.
    9.7172973632812500e+02 5.9041436767578125e+02 0. 0. 0. 1. 0.</data></camIntriMatrix>
<avg_reprojection_error>0</avg_reprojection_error>
</opencv_storage>
