<?xml version="1.0"?>
<opencv_storage>
<camera_name>FR</camera_name>
<calibration_time>"2022-10-21 10:59:21"</calibration_time>
<undistort>1</undistort>
<rotationMatrix type_id="opencv-matrix">
  <rows>3</rows>
  <cols>3</cols>
  <dt>d</dt>
  <data>
    -7.0714516227813240e-01 -7.0706162225945723e-01
    3.0954473761431456e-03 1.1496793515342218e-02
    -1.5875214052534226e-02 -9.9980788220420225e-01
    7.0697492402878015e-01 -7.0697371938892539e-01
    1.9355022291119517e-02</data></rotationMatrix>
<offsetMatrix type_id="opencv-matrix">
  <rows>3</rows>
  <cols>1</cols>
  <dt>d</dt>
  <data>
    -2.6850830860807769e+03 1.1676495556180314e+03
    -4.4960256639617764e+03</data></offsetMatrix>
<deltaXY>
  0. 0.</deltaXY>
<headLocation>
  0. 0.</headLocation>
<pointA>
  0. 0.</pointA>
<pointB>
  0. 0.</pointB>
<pointV>
  0. 0.</pointV>
<cameraLocation>
  1.2664096679687500e+03 -5.0585546875000000e+03 1.2627574462890625e+03</cameraLocation>
<extrinsicMatrix type_id="opencv-matrix">
  <rows>4</rows>
  <cols>4</cols>
  <dt>d</dt>
  <data>
    -7.0714516227813240e-01 -7.0706162225945723e-01
    3.0954473761431456e-03 -2.6850830860807769e+03
    1.1496793515342218e-02 -1.5875214052534226e-02
    -9.9980788220420225e-01 1.1676495556180314e+03
    7.0697492402878015e-01 -7.0697371938892539e-01
    1.9355022291119517e-02 -4.4960256639617764e+03 0. 0. 0. 1.</data></extrinsicMatrix>
 <!-- resumed -->

<bsd_deltaXY>
  2310. -8555.</bsd_deltaXY>
<yaw>-4.4989316780032304e+01</yaw>
<pitch>-8.8431788732043756e+01</pitch>
<roll>1.7906856505221907e+02</roll>
<avg_reprojection_error>8.5612994432449341e-01</avg_reprojection_error>
</opencv_storage>
