<?xml version="1.0"?>
<opencv_storage>
<camera_name>FC120</camera_name>
<camera_model>FISHEYE</camera_model>
<calibration_time>"2022-10-12 05:52:17"</calibration_time>
<camIntrinsicMat type_id="opencv-matrix">
  <rows>3</rows>
  <cols>3</cols>
  <dt>d</dt>
  <data>
    9.7844290054360295e+02 0. 9.6706689070918947e+02 0.
    9.7777790592318206e+02 6.0289312557606775e+02 0. 0. 1.</data></camIntrinsicMat>
<distortion_coefficients type_id="opencv-matrix">
  <rows>4</rows>
  <cols>1</cols>
  <dt>d</dt>
  <data>
    -4.1151942043017468e-02 6.1292375698853716e-03
    -2.2342223383300198e-02 9.9844587876837115e-03</data></distortion_coefficients>
<camIntriMatrix type_id="opencv-matrix">
  <rows>3</rows>
  <cols>4</cols>
  <dt>d</dt>
  <data>
    9.7844290054360295e+02 0. 9.6706689070918947e+02 0. 0.
    9.7777790592318206e+02 6.0289312557606775e+02 0. 0. 0. 1. 0.</data></camIntriMatrix>
<avg_reprojection_error>2.3716803785020515e-01</avg_reprojection_error>
</opencv_storage>
