<?xml version="1.0"?>
<opencv_storage>
<camera_name>RL</camera_name>
<camera_model>FISHEYE</camera_model>
<calibration_time>"2022-07-04 10:13:14"</calibration_time>
<camIntrinsicMat type_id="opencv-matrix">
  <rows>3</rows>
  <cols>3</cols>
  <dt>d</dt>
  <data>
    1.1367786979519922e+03 0. 9.7039621289843478e+02 0.
    1.1375605630943071e+03 5.9425482333592254e+02 0. 0. 1.</data></camIntrinsicMat>
<distortion_coefficients type_id="opencv-matrix">
  <rows>4</rows>
  <cols>1</cols>
  <dt>d</dt>
  <data>
    -3.1387366145777890e-02 1.1730703246087930e-02
    -7.4030733165300303e-02 5.7832500481951175e-02</data></distortion_coefficients>
<camIntriMatrix type_id="opencv-matrix">
  <rows>3</rows>
  <cols>4</cols>
  <dt>d</dt>
  <data>
    1.1367786979519922e+03 0. 9.7039621289843478e+02 0. 0.
    1.1375605630943071e+03 5.9425482333592254e+02 0. 0. 0. 1. 0.</data></camIntriMatrix>
<avg_reprojection_error>4.1779993098865165e-01</avg_reprojection_error>
</opencv_storage>
