<?xml version="1.0"?>
<opencv_storage>
<camera_name>FC120</camera_name>
<calibration_time>"2022-10-12 07:00:18"</calibration_time>
<undistort>1</undistort>
<rotationMatrix type_id="opencv-matrix">
  <rows>3</rows>
  <cols>3</cols>
  <dt>d</dt>
  <data>
    9.9985935355240119e-01 6.6122742957993091e-03
    -1.5412687708882929e-02 -1.5586759551865486e-02
    2.7135627081454262e-02 -9.9951023540010275e-01
    -6.1908028919332543e-03 9.9960989169352132e-01
    2.7234874481441494e-02</data></rotationMatrix>
<offsetMatrix type_id="opencv-matrix">
  <rows>3</rows>
  <cols>1</cols>
  <dt>d</dt>
  <data>
    -1.6543412177340483e+03 1.5671410475042114e+03
    3.3066331376090729e+03</data></offsetMatrix>
<deltaXY>
  1775. -3250.</deltaXY>
<headLocation>
  1775. -3250.</headLocation>
<pointA>
  4.7688783424353551e+02 1.0741154727222586e+03</pointA>
<pointB>
  1.5511300927149009e+03 1.0604760982295097e+03</pointB>
<pointV>
  9.7116662597656250e+02 6.3836810302734375e+02</pointV>
<cameraLocation>
  1.6990058593750000e+03 -3.3369296875000000e+03 1.4508199462890625e+03</cameraLocation>
<extrinsicMatrix type_id="opencv-matrix">
  <rows>4</rows>
  <cols>4</cols>
  <dt>d</dt>
  <data>
    9.9985935355240119e-01 6.6122742957993091e-03
    -1.5412687708882929e-02 -1.6543412177340483e+03
    -1.5586759551865486e-02 2.7135627081454262e-02
    -9.9951023540010275e-01 1.5671410475042114e+03
    -6.1908028919332543e-03 9.9960989169352132e-01
    2.7234874481441494e-02 3.3066331376090729e+03 0. 0. 0. 1.</data></extrinsicMatrix>
 <!-- resumed -->

<yaw_z>-3.7899772549261945e-01</yaw_z>
<pitch_x>8.8445055298411404e+01</pitch_x>
<roll_z>0.</roll_z>
</opencv_storage>
