<?xml version="1.0"?>
<opencv_storage>
<camera_name>FC120</camera_name>
<camera_model>FISHEYE</camera_model>
<calibration_time>"2022-10-12 06:24:41"</calibration_time>
<camIntrinsicMat type_id="opencv-matrix">
  <rows>3</rows>
  <cols>3</cols>
  <dt>d</dt>
  <data>
    9.7505361428595859e+02 0. 9.6471678789038037e+02 0.
    9.7527933754044670e+02 6.1189295844978346e+02 0. 0. 1.</data></camIntrinsicMat>
<distortion_coefficients type_id="opencv-matrix">
  <rows>4</rows>
  <cols>1</cols>
  <dt>d</dt>
  <data>
    -1.6532376252273495e-02 -6.3372467476648875e-02
    6.0634826998462753e-02 -2.5030360367079212e-02</data></distortion_coefficients>
<camIntriMatrix type_id="opencv-matrix">
  <rows>3</rows>
  <cols>4</cols>
  <dt>d</dt>
  <data>
    9.7505361428595859e+02 0. 9.6471678789038037e+02 0. 0.
    9.7527933754044670e+02 6.1189295844978346e+02 0. 0. 0. 1. 0.</data></camIntriMatrix>
<avg_reprojection_error>3.5542256389358523e-01</avg_reprojection_error>
</opencv_storage>
