<?xml version="1.0"?>
<opencv_storage>
<camera_name>FC120</camera_name>
<camera_model>FISHEYE</camera_model>
<calibration_time>"2022-09-19 10:30:58"</calibration_time>
<camIntrinsicMat type_id="opencv-matrix">
  <rows>3</rows>
  <cols>3</cols>
  <dt>d</dt>
  <data>
    9.8330707666607827e+02 0. 9.6926761515837404e+02 0.
    9.8220745889846796e+02 6.0439159767634635e+02 0. 0. 1.</data></camIntrinsicMat>
<distortion_coefficients type_id="opencv-matrix">
  <rows>4</rows>
  <cols>1</cols>
  <dt>d</dt>
  <data>
    -3.6877106712781653e-02 -8.0937660721954775e-03
    -2.9521349225067658e-03 5.8058982485812241e-04</data></distortion_coefficients>
<camIntriMatrix type_id="opencv-matrix">
  <rows>3</rows>
  <cols>4</cols>
  <dt>d</dt>
  <data>
    9.8330707666607827e+02 0. 9.6926761515837404e+02 0. 0.
    9.8220745889846796e+02 6.0439159767634635e+02 0. 0. 0. 1. 0.</data></camIntriMatrix>
<avg_reprojection_error>2.1995206123532240e-01</avg_reprojection_error>
</opencv_storage>
