<?xml version="1.0"?>
<opencv_storage>
<camera_name>FC120</camera_name>
<calibration_time>"2022-09-19 19:02:52"</calibration_time>
<undistort>1</undistort>
<rotationMatrix type_id="opencv-matrix">
  <rows>3</rows>
  <cols>3</cols>
  <dt>d</dt>
  <data>
    9.9950864691984764e-01 2.0244875170855152e-02
    -2.3929265800932506e-02 -2.4039076925884015e-02
    5.1982508773988764e-03 -9.9969750473249008e-01
    -2.0114360864979433e-02 9.9978153774568779e-01
    5.6823648124059685e-03</data></rotationMatrix>
<offsetMatrix type_id="opencv-matrix">
  <rows>3</rows>
  <cols>1</cols>
  <dt>d</dt>
  <data>
    -1.6473517824107266e+03 1.5137461186348228e+03
    3.3495053418178054e+03</data></offsetMatrix>
<deltaXY>
  1790. -3230.</deltaXY>
<headLocation>
  1790. -3230.</headLocation>
<pointA>
  4.8565809670815503e+02 1.0482818372407419e+03</pointA>
<pointB>
  1.5637446497137826e+03 1.0320148770991586e+03</pointB>
<pointV>
  9.8917889404296875e+02 6.0949847412109375e+02</pointV>
<cameraLocation>
  1.7503045654296875e+03 -3.3232919921875000e+03 1.4548352050781250e+03</cameraLocation>
<extrinsicMatrix type_id="opencv-matrix">
  <rows>4</rows>
  <cols>4</cols>
  <dt>d</dt>
  <data>
    9.9950864691984764e-01 2.0244875170855152e-02
    -2.3929265800932506e-02 -1.6473517824107266e+03
    -2.4039076925884015e-02 5.1982508773988764e-03
    -9.9969750473249008e-01 1.5137461186348228e+03
    -2.0114360864979433e-02 9.9978153774568779e-01
    5.6823648124059685e-03 3.3495053418178054e+03 0. 0. 0. 1.</data></extrinsicMatrix>
 <!-- resumed -->

<yaw_z>-1.1600408227388466e+00</yaw_z>
<pitch_x>8.9702158445341425e+01</pitch_x>
<roll_z>0.</roll_z>
</opencv_storage>
