<?xml version="1.0"?>
<opencv_storage>
<camera_name>FR</camera_name>
<calibration_time>"2022-07-20 11:44:33"</calibration_time>
<undistort>1</undistort>
<rotationMatrix type_id="opencv-matrix">
  <rows>3</rows>
  <cols>3</cols>
  <dt>d</dt>
  <data>
    -7.0254555097121518e-01 -7.1162274494980393e-01
    -4.7767855989117036e-03 9.0560892958230221e-03
    -2.2283399442598606e-03 -9.9995650992818630e-01
    7.1158115212336659e-01 -7.0255825621168178e-01
    8.0100294370953895e-03</data></rotationMatrix>
<offsetMatrix type_id="opencv-matrix">
  <rows>3</rows>
  <cols>1</cols>
  <dt>d</dt>
  <data>
    -2.8012851945129546e+03 1.2633458434157344e+03
    -4.3775246083422498e+03</data></offsetMatrix>
<deltaXY>
  0. 0.</deltaXY>
<headLocation>
  0. 0.</headLocation>
<pointA>
  0. 0.</pointA>
<pointB>
  0. 0.</pointB>
<pointV>
  0. 0.</pointV>
<cameraLocation>
  1.1354925537109375e+03 -5.0661093750000000e+03 1.2849738769531250e+03</cameraLocation>
<extrinsicMatrix type_id="opencv-matrix">
  <rows>4</rows>
  <cols>4</cols>
  <dt>d</dt>
  <data>
    -7.0254555097121518e-01 -7.1162274494980393e-01
    -4.7767855989117036e-03 -2.8012851945129546e+03
    9.0560892958230221e-03 -2.2283399442598606e-03
    -9.9995650992818630e-01 1.2633458434157344e+03
    7.1158115212336659e-01 -7.0255825621168178e-01
    8.0100294370953895e-03 -4.3775246083422498e+03 0. 0. 0. 1.</data></extrinsicMatrix>
 <!-- resumed -->

<bsd_deltaXY>
  2180. -8645.</bsd_deltaXY>
<yaw>-4.5363707466503527e+01</yaw>
<pitch>-8.9346785846726320e+01</pitch>
<roll>1.7926147570288634e+02</roll>
<avg_reprojection_error>3.6548456549644470e-01</avg_reprojection_error>
</opencv_storage>
