<?xml version="1.0"?>
<opencv_storage>
<camera_name>FR</camera_name>
<camera_model>FISHEYE</camera_model>
<calibration_time>"2022-07-18 08:40:34"</calibration_time>
<camIntrinsicMat type_id="opencv-matrix">
  <rows>3</rows>
  <cols>3</cols>
  <dt>d</dt>
  <data>
    1.1513921594337214e+03 0. 9.5581568982365491e+02 0.
    1.1502334743629956e+03 6.0816256592898526e+02 0. 0. 1.</data></camIntrinsicMat>
<distortion_coefficients type_id="opencv-matrix">
  <rows>4</rows>
  <cols>1</cols>
  <dt>d</dt>
  <data>
    -3.9557657579048854e-02 3.5467064218560338e-04
    -1.6116012987012530e-02 7.0236848259195000e-03</data></distortion_coefficients>
<camIntriMatrix type_id="opencv-matrix">
  <rows>3</rows>
  <cols>4</cols>
  <dt>d</dt>
  <data>
    1.1513921594337214e+03 0. 9.5581568982365491e+02 0. 0.
    1.1502334743629956e+03 6.0816256592898526e+02 0. 0. 0. 1. 0.</data></camIntriMatrix>
<avg_reprojection_error>1.2760779877017589e-01</avg_reprojection_error>
</opencv_storage>
