<?xml version="1.0"?>
<opencv_storage>
<camera_name>RC</camera_name>
<calibration_time>"2022-10-21 11:02:45"</calibration_time>
<undistort>1</undistort>
<rotationMatrix type_id="opencv-matrix">
  <rows>3</rows>
  <cols>3</cols>
  <dt>d</dt>
  <data>
    9.9999768827253144e-01 -1.8309310298078895e-03
    -1.1274489599019490e-03 -1.1224508562416198e-03
    2.7285524177733177e-03 -9.9999564754341752e-01
    1.8339993643455329e-03 9.9999460133206097e-01 2.7264909800016166e-03</data></rotationMatrix>
<offsetMatrix type_id="opencv-matrix">
  <rows>3</rows>
  <cols>1</cols>
  <dt>d</dt>
  <data>
    -1.8873695942238596e+03 1.4471779090415796e+03
    5.3126292666194295e+03</data></offsetMatrix>
<deltaXY>
  1815. -5260.</deltaXY>
<headLocation>
  1815. -5260.</headLocation>
<pointA>
  2.6297028432747697e+02 1.1572540965317771e+03</pointA>
<pointB>
  1.6016617870859882e+03 1.1550897199693600e+03</pointB>
<pointV>
  9.5583557128906250e+02 6.2995288085937500e+02</pointV>
<cameraLocation>
  1.8792462158203125e+03 -5.3200048828125000e+03 1.4305588378906250e+03</cameraLocation>
<extrinsicMatrix type_id="opencv-matrix">
  <rows>4</rows>
  <cols>4</cols>
  <dt>d</dt>
  <data>
    9.9999768827253144e-01 -1.8309310298078895e-03
    -1.1274489599019490e-03 -1.8873695942238596e+03
    -1.1224508562416198e-03 2.7285524177733177e-03
    -9.9999564754341752e-01 1.4471779090415796e+03
    1.8339993643455329e-03 9.9999460133206097e-01 2.7264909800016166e-03
    5.3126292666194295e+03 0. 0. 0. 1.</data></extrinsicMatrix>
 <!-- resumed -->

<yaw_z>1.0490506889531757e-01</yaw_z>
<pitch_x>8.9843666304565744e+01</pitch_x>
<roll_z>0.</roll_z>
</opencv_storage>
