<?xml version="1.0"?>
<opencv_storage>
<camera_name>RR</camera_name>
<calibration_time>"2022-07-16 14:11:37"</calibration_time>
<undistort>1</undistort>
<rotationMatrix type_id="opencv-matrix">
  <rows>3</rows>
  <cols>3</cols>
  <dt>d</dt>
  <data>
    6.9013947173600709e-01 -7.2295547458723086e-01
    3.2293827835927991e-02 2.3113750557902268e-02
    -2.2581268775673985e-02 -9.9947778406307153e-01
    7.2330717132287004e-01 6.9052550138632274e-01 1.1259876001066260e-03</data></rotationMatrix>
<offsetMatrix type_id="opencv-matrix">
  <rows>3</rows>
  <cols>1</cols>
  <dt>d</dt>
  <data>
    -8.1197029884432936e+02 1.7195926874449485e+03
    -1.1273258450551898e+03</data></offsetMatrix>
<deltaXY>
  0. 0.</deltaXY>
<headLocation>
  0. 0.</headLocation>
<pointA>
  0. 0.</pointA>
<pointB>
  0. 0.</pointB>
<pointV>
  0. 0.</pointV>
<cameraLocation>
  1.3360294189453125e+03 2.3025946044921875e+02 1.7461856689453125e+03</cameraLocation>
<extrinsicMatrix type_id="opencv-matrix">
  <rows>4</rows>
  <cols>4</cols>
  <dt>d</dt>
  <data>
    6.9013947173600709e-01 -7.2295547458723086e-01
    3.2293827835927991e-02 -8.1197029884432936e+02
    2.3113750557902268e-02 -2.2581268775673985e-02
    -9.9947778406307153e-01 1.7195926874449485e+03
    7.2330717132287004e-01 6.9052550138632274e-01 1.1259876001066260e-03
    -1.1273258450551898e+03 0. 0. 0. 1.</data></extrinsicMatrix>
 <!-- resumed -->

<bsd_deltaXY>
  2120. 3490.</bsd_deltaXY>
<yaw>-4.6328205751223777e+01</yaw>
<pitch>8.9906572197607588e+01</pitch>
<roll>1.9182000022472909e+00</roll>
<avg_reprojection_error>4.4453328847885132e-01</avg_reprojection_error>
</opencv_storage>
