<?xml version="1.0"?>
<opencv_storage>
<camera_name>RR</camera_name>
<camera_model>FISHEYE</camera_model>
<calibration_time>"2022-06-08 20:42:17"</calibration_time>
<camIntrinsicMat type_id="opencv-matrix">
  <rows>3</rows>
  <cols>3</cols>
  <dt>d</dt>
  <data>
    1.4216940264810928e+03 0. 1.3699817785236164e+03 0.
    1.4206602959447862e+03 8.9675744374365479e+02 0. 0. 1.</data></camIntrinsicMat>
<distortion_coefficients type_id="opencv-matrix">
  <rows>4</rows>
  <cols>1</cols>
  <dt>d</dt>
  <data>
    1.7817723326309064e-02 5.3139577840517326e-03 4.7386099234822827e-04
    -1.7299609057247400e-03</data></distortion_coefficients>
<camIntriMatrix type_id="opencv-matrix">
  <rows>3</rows>
  <cols>4</cols>
  <dt>d</dt>
  <data>
    1.4216940264810928e+03 0. 1.3699817785236164e+03 0. 0.
    1.4206602959447862e+03 8.9675744374365479e+02 0. 0. 0. 1. 0.</data></camIntriMatrix>
<avg_reprojection_error>3.5921952694170411e-01</avg_reprojection_error>
</opencv_storage>
