<?xml version="1.0"?>
<opencv_storage>
<camera_name>RC</camera_name>
<calibration_time>"2022-10-21 10:18:01"</calibration_time>
<undistort>1</undistort>
<rotationMatrix type_id="opencv-matrix">
  <rows>3</rows>
  <cols>3</cols>
  <dt>d</dt>
  <data>
    9.9999661980073962e-01 4.0693523934232903e-04 2.5680324776708673e-03
    2.5696267129325266e-03 -3.9668046374688286e-03
    -9.9998883067738542e-01 -3.9674381100976219e-04
    9.9999204940073361e-01 -3.9678369005401726e-03</data></rotationMatrix>
<offsetMatrix type_id="opencv-matrix">
  <rows>3</rows>
  <cols>1</cols>
  <dt>d</dt>
  <data>
    -1.9136021273083409e+03 1.4162854269897471e+03
    5.3385553855587486e+03</data></offsetMatrix>
<deltaXY>
  1850. -5225.</deltaXY>
<headLocation>
  1850. -5225.</headLocation>
<pointA>
  2.5671953412671803e+02 1.1433525885190629e+03</pointA>
<pointB>
  1.5898793771405669e+03 1.1469099080478879e+03</pointB>
<pointV>
  9.6022271728515625e+02 6.1686120605468750e+02</pointV>
<cameraLocation>
  1.9120743408203125e+03 -5.3321162109375000e+03 1.4423663330078125e+03</cameraLocation>
<extrinsicMatrix type_id="opencv-matrix">
  <rows>4</rows>
  <cols>4</cols>
  <dt>d</dt>
  <data>
    9.9999661980073962e-01 4.0693523934232903e-04 2.5680324776708673e-03
    -1.9136021273083409e+03 2.5696267129325266e-03
    -3.9668046374688286e-03 -9.9998883067738542e-01
    1.4162854269897471e+03 -3.9674381100976219e-04
    9.9999204940073361e-01 -3.9678369005401726e-03
    5.3385553855587486e+03 0. 0. 0. 1.</data></extrinsicMatrix>
 <!-- resumed -->

<yaw_z>-2.3315856250410185e-02</yaw_z>
<pitch_x>9.0227283879299506e+01</pitch_x>
<roll_z>0.</roll_z>
</opencv_storage>
