<?xml version="1.0"?>
<opencv_storage>
<camera_name>RC</camera_name>
<camera_model>PINHOLE</camera_model>
<calibration_time>"2022-10-21 10:23:02"</calibration_time>
<camIntrinsicMat type_id="opencv-matrix">
  <rows>3</rows>
  <cols>3</cols>
  <dt>d</dt>
  <data>
    1.9604032358812244e+03 0. 9.5942495378245712e+02 0.
    1.9553228043180600e+03 6.2461765129099285e+02 0. 0. 1.</data></camIntrinsicMat>
<distortion_coefficients type_id="opencv-matrix">
  <rows>1</rows>
  <cols>5</cols>
  <dt>d</dt>
  <data>
    -5.0837276376745044e-01 3.0002471710921330e-01
    -2.4216448878458621e-03 9.8916111712168595e-04
    -1.3164003440911942e-01</data></distortion_coefficients>
<camIntriMatrix type_id="opencv-matrix">
  <rows>3</rows>
  <cols>4</cols>
  <dt>d</dt>
  <data>
    1.9604032358812244e+03 0. 9.5942495378245712e+02 0. 0.
    1.9553228043180600e+03 6.2461765129099285e+02 0. 0. 0. 1. 0.</data></camIntriMatrix>
<avg_reprojection_error>1.7816264224662165e-01</avg_reprojection_error>
</opencv_storage>
