<?xml version="1.0"?>
<opencv_storage>
<camera_name>FR</camera_name>
<camera_model>FISHEYE</camera_model>
<calibration_time>"2022-11-01 17:12:18"</calibration_time>
<camIntrinsicMat type_id="opencv-matrix">
  <rows>3</rows>
  <cols>3</cols>
  <dt>d</dt>
  <data>
    1.1501932614394209e+03 0. 9.6015095918114582e+02 0.
    1.1514884128763581e+03 5.8543986444881818e+02 0. 0. 1.</data></camIntrinsicMat>
<distortion_coefficients type_id="opencv-matrix">
  <rows>4</rows>
  <cols>1</cols>
  <dt>d</dt>
  <data>
    -3.0117805215460008e-02 -3.2355962757796598e-02
    4.7387702292303976e-02 -3.4396081742734515e-02</data></distortion_coefficients>
<camIntriMatrix type_id="opencv-matrix">
  <rows>3</rows>
  <cols>4</cols>
  <dt>d</dt>
  <data>
    1.1501932614394209e+03 0. 9.6015095918114582e+02 0. 0.
    1.1514884128763581e+03 5.8543986444881818e+02 0. 0. 0. 1. 0.</data></camIntriMatrix>
<avg_reprojection_error>2.0796735219874549e-01</avg_reprojection_error>
</opencv_storage>
