<?xml version="1.0"?>
<opencv_storage>
<camera_name>FR</camera_name>
<calibration_time>"2022-12-25 18:23:04"</calibration_time>
<undistort>1</undistort>
<rotationMatrix type_id="opencv-matrix">
  <rows>3</rows>
  <cols>3</cols>
  <dt>d</dt>
  <data>
    -7.1440604063452617e-01 -6.9972756920200152e-01
    2.3104119887823460e-03 2.8284112430387920e-02
    -3.2176282064590445e-02 -9.9908192649878580e-01
    6.9915950833048457e-01 -7.1368481542706097e-01
    4.2778103510055066e-02</data></rotationMatrix>
<offsetMatrix type_id="opencv-matrix">
  <rows>3</rows>
  <cols>1</cols>
  <dt>d</dt>
  <data>
    -2.6079897495785976e+03 1.0669776558293638e+03
    -4.6299819910423366e+03</data></offsetMatrix>
<deltaXY>
  0. 0.</deltaXY>
<headLocation>
  0. 0.</headLocation>
<pointA>
  0. 0.</pointA>
<pointB>
  0. 0.</pointB>
<pointV>
  0. 0.</pointV>
<cameraLocation>
  1.3437537841796875e+03 -5.0948989257812500e+03 1.2700854492187500e+03</cameraLocation>
<extrinsicMatrix type_id="opencv-matrix">
  <rows>4</rows>
  <cols>4</cols>
  <dt>d</dt>
  <data>
    -7.1440604063452617e-01 -6.9972756920200152e-01
    2.3104119887823460e-03 -2.6079897495785976e+03
    2.8284112430387920e-02 -3.2176282064590445e-02
    -9.9908192649878580e-01 1.0669776558293638e+03
    6.9915950833048457e-01 -7.1368481542706097e-01
    4.2778103510055066e-02 -4.6299819910423366e+03 0. 0. 0. 1.</data></extrinsicMatrix>
 <!-- resumed -->

<bsd_deltaXY>
  2325. -8570.</bsd_deltaXY>
<yaw>-4.4359610861605738e+01</yaw>
<pitch>-8.6569808210291185e+01</pitch>
<roll>1.7773278184281105e+02</roll>
<avg_reprojection_error>3.5824170708656311e-01</avg_reprojection_error>
</opencv_storage>
