<?xml version="1.0"?>
<opencv_storage>
<camera_name>RL</camera_name>
<camera_model>FISHEYE</camera_model>
<calibration_time>"2022-07-18 09:07:45"</calibration_time>
<camIntrinsicMat type_id="opencv-matrix">
  <rows>3</rows>
  <cols>3</cols>
  <dt>d</dt>
  <data>
    1.1482637872965795e+03 0. 9.6417689265871525e+02 0.
    1.1479730870575258e+03 6.0387345397994113e+02 0. 0. 1.</data></camIntrinsicMat>
<distortion_coefficients type_id="opencv-matrix">
  <rows>4</rows>
  <cols>1</cols>
  <dt>d</dt>
  <data>
    -2.7714864381774416e-02 -4.7274718478700475e-02
    6.4508582371417295e-02 -3.8649383788392118e-02</data></distortion_coefficients>
<camIntriMatrix type_id="opencv-matrix">
  <rows>3</rows>
  <cols>4</cols>
  <dt>d</dt>
  <data>
    1.1482637872965795e+03 0. 9.6417689265871525e+02 0. 0.
    1.1479730870575258e+03 6.0387345397994113e+02 0. 0. 0. 1. 0.</data></camIntriMatrix>
<avg_reprojection_error>2.1172015566159116e-01</avg_reprojection_error>
</opencv_storage>
