<?xml version="1.0"?>
<opencv_storage>
<camera_name>RR</camera_name>
<calibration_time>"2022-12-07 17:02:03"</calibration_time>
<undistort>1</undistort>
<rotationMatrix type_id="opencv-matrix">
  <rows>3</rows>
  <cols>3</cols>
  <dt>d</dt>
  <data>
    7.1229186690357960e-01 -7.0131732977660632e-01
    2.8183315951544052e-02 1.9494966353376109e-03
    -3.8176877866494235e-02 -9.9926909561901089e-01
    7.0188068487876376e-01 7.1182619293713678e-01
    -2.5825863833371654e-02</data></rotationMatrix>
<offsetMatrix type_id="opencv-matrix">
  <rows>3</rows>
  <cols>1</cols>
  <dt>d</dt>
  <data>
    -7.5157026487627136e+03 9.1123913187746552e+02
    5.8352908624273105e+03</data></offsetMatrix>
<deltaXY>
  0. 0.</deltaXY>
<headLocation>
  0. 0.</headLocation>
<pointA>
  0. 0.</pointA>
<pointB>
  0. 0.</pointB>
<pointV>
  0. 0.</pointV>
<cameraLocation>
  1.2559194335937500e+03 -9.3898173828125000e+03 1.2730919189453125e+03</cameraLocation>
<extrinsicMatrix type_id="opencv-matrix">
  <rows>4</rows>
  <cols>4</cols>
  <dt>d</dt>
  <data>
    7.1229186690357960e-01 -7.0131732977660632e-01
    2.8183315951544052e-02 -7.5157026487627136e+03
    1.9494966353376109e-03 -3.8176877866494235e-02
    -9.9926909561901089e-01 9.1123913187746552e+02
    7.0188068487876376e-01 7.1182619293713678e-01
    -2.5825863833371654e-02 5.8352908624273105e+03 0. 0. 0. 1.</data></extrinsicMatrix>
 <!-- resumed -->

<bsd_deltaXY>
  2030. -6740.</bsd_deltaXY>
<yaw>-4.4578087669573939e+01</yaw>
<pitch>9.2077844659054307e+01</pitch>
<roll>1.5681444035548953e-01</roll>
<avg_reprojection_error>7.5367087125778198e-01</avg_reprojection_error>
</opencv_storage>
