<?xml version="1.0"?>
<opencv_storage>
<camera_name>RR</camera_name>
<camera_model>FISHEYE</camera_model>
<calibration_time>"2022-07-26 17:20:32"</calibration_time>
<camIntrinsicMat type_id="opencv-matrix">
  <rows>3</rows>
  <cols>3</cols>
  <dt>d</dt>
  <data>
    1.1485693748484705e+03 0. 9.6554954537421895e+02 0.
    1.1495764167490174e+03 5.9335654821746391e+02 0. 0. 1.</data></camIntrinsicMat>
<distortion_coefficients type_id="opencv-matrix">
  <rows>4</rows>
  <cols>1</cols>
  <dt>d</dt>
  <data>
    -1.9498340147948500e-02 -4.1960991257555591e-02
    1.7428010256677656e-02 5.7326822492902519e-03</data></distortion_coefficients>
<camIntriMatrix type_id="opencv-matrix">
  <rows>3</rows>
  <cols>4</cols>
  <dt>d</dt>
  <data>
    1.1485693748484705e+03 0. 9.6554954537421895e+02 0. 0.
    1.1495764167490174e+03 5.9335654821746391e+02 0. 0. 0. 1. 0.</data></camIntriMatrix>
<avg_reprojection_error>3.1395394120045500e-01</avg_reprojection_error>
</opencv_storage>
