<?xml version="1.0"?>
<opencv_storage>
<camera_name>FC120</camera_name>
<camera_model>FISHEYE</camera_model>
<calibration_time>"2022-06-17 23:10:03"</calibration_time>
<camIntrinsicMat type_id="opencv-matrix">
  <rows>3</rows>
  <cols>3</cols>
  <dt>d</dt>
  <data>
    9.7672537706565265e+02 0. 9.6262887309349537e+02 0.
    9.7728041481029004e+02 5.9928338444562269e+02 0. 0. 1.</data></camIntrinsicMat>
<distortion_coefficients type_id="opencv-matrix">
  <rows>4</rows>
  <cols>1</cols>
  <dt>d</dt>
  <data>
    -3.5000175450612576e-02 -1.0190165738497214e-02
    -2.3686454251697080e-03 1.1337876531944213e-03</data></distortion_coefficients>
<camIntriMatrix type_id="opencv-matrix">
  <rows>3</rows>
  <cols>4</cols>
  <dt>d</dt>
  <data>
    9.7672537706565265e+02 0. 9.6262887309349537e+02 0. 0.
    9.7728041481029004e+02 5.9928338444562269e+02 0. 0. 0. 1. 0.</data></camIntriMatrix>
<avg_reprojection_error>2.5796095197384405e-01</avg_reprojection_error>
</opencv_storage>
