<?xml version="1.0"?>
<opencv_storage>
<camera_name>FC120</camera_name>
<calibration_time>"2022-06-21 12:06:16"</calibration_time>
<undistort>1</undistort>
<rotationMatrix type_id="opencv-matrix">
  <rows>3</rows>
  <cols>3</cols>
  <dt>d</dt>
  <data>
    9.9992045582113553e-01 1.0252486826958944e-02
    -7.3463286283580323e-03 -7.0513301914627673e-03
    -2.8518792739701600e-02 -9.9956838545604321e-01
    -1.0457570128082580e-02 9.9954067699845661e-01
    -2.8444230565850399e-02</data></rotationMatrix>
<offsetMatrix type_id="opencv-matrix">
  <rows>3</rows>
  <cols>1</cols>
  <dt>d</dt>
  <data>
    -1.7013650245121426e+03 1.3405096744787681e+03
    3.3279836827400350e+03</data></offsetMatrix>
<deltaXY>
  1810. -3215.</deltaXY>
<headLocation>
  1810. -3215.</headLocation>
<pointA>
  4.6329758018140075e+02 9.9293130331198211e+02</pointA>
<pointB>
  1.5380933990213505e+03 9.8986153838363373e+02</pointB>
<pointV>
  9.7264733886718750e+02 5.7139971923828125e+02</pointV>
<cameraLocation>
  1.7454847412109375e+03 -3.2707822265625000e+03 1.4220942382812500e+03</cameraLocation>
<extrinsicMatrix type_id="opencv-matrix">
  <rows>4</rows>
  <cols>4</cols>
  <dt>d</dt>
  <data>
    9.9992045582113553e-01 1.0252486826958944e-02
    -7.3463286283580323e-03 -1.7013650245121426e+03
    -7.0513301914627673e-03 -2.8518792739701600e-02
    -9.9956838545604321e-01 1.3405096744787681e+03
    -1.0457570128082580e-02 9.9954067699845661e-01
    -2.8444230565850399e-02 3.3279836827400350e+03 0. 0. 0. 1.</data></extrinsicMatrix>
 <!-- resumed -->

<yaw_z>5.9918553923897599e-01</yaw_z>
<pitch_x>9.1630043363547671e+01</pitch_x>
<roll_z>-4.0403690185607621e-01</roll_z>
</opencv_storage>
