<?xml version="1.0"?>
<opencv_storage>
<camera_name>FC120</camera_name>
<camera_model>PINHOLE</camera_model>
<calibration_time>"2021-12-16 23:36:08"</calibration_time>
<camIntrinsicMat type_id="opencv-matrix">
  <rows>3</rows>
  <cols>3</cols>
  <dt>d</dt>
  <data>
    9.7960702711983924e+02 0. 9.6090520797279260e+02 0.
    9.8120662446076869e+02 6.0969025182560790e+02 0. 0. 1.</data></camIntrinsicMat>
<distortion_coefficients type_id="opencv-matrix">
  <rows>1</rows>
  <cols>5</cols>
  <dt>d</dt>
  <data>
    -3.0436644355724812e-01 8.8912633851498918e-02
    3.4547734770521560e-05 -5.0951339496787274e-06
    -1.1449541003824953e-02</data></distortion_coefficients>
<camIntriMatrix type_id="opencv-matrix">
  <rows>3</rows>
  <cols>4</cols>
  <dt>d</dt>
  <data>
    9.7960702711983924e+02 0. 9.6090520797279260e+02 0. 0.
    9.8120662446076869e+02 6.0969025182560790e+02 0. 0. 0. 1. 0.</data></camIntriMatrix>
<avg_reprojection_error>1.1881219513479524e+00</avg_reprojection_error>
</opencv_storage>
