<?xml version="1.0"?>
<opencv_storage>
<camera_name>FC120</camera_name>
<calibration_time>"2022-12-23 10:28:23"</calibration_time>
<undistort>1</undistort>
<rotationMatrix type_id="opencv-matrix">
  <rows>3</rows>
  <cols>3</cols>
  <dt>d</dt>
  <data>
    9.9997695099638839e-01 5.8926424101531484e-03 3.3725719254602692e-03
    3.3599725709388076e-03 2.1467431945804178e-03
    -9.9999205100739630e-01 -5.8998356154114284e-03
    9.9998033393616426e-01 2.1268945974203079e-03</data></rotationMatrix>
<offsetMatrix type_id="opencv-matrix">
  <rows>3</rows>
  <cols>1</cols>
  <dt>d</dt>
  <data>
    -1.7447907583499114e+03 1.4272618026772070e+03
    3.3783981885908738e+03</data></offsetMatrix>
<deltaXY>
  1830. -3240.</deltaXY>
<headLocation>
  1830. -3240.</headLocation>
<pointA>
  4.5498222544649786e+02 1.0242176868556437e+03</pointA>
<pointB>
  1.5139349382852081e+03 1.0304443998362788e+03</pointB>
<pointV>
  9.6667779541015625e+02 6.1179669189453125e+02</pointV>
<cameraLocation>
  1.7598869628906250e+03 -3.3711142578125000e+03 1.4259493408203125e+03</cameraLocation>
<extrinsicMatrix type_id="opencv-matrix">
  <rows>4</rows>
  <cols>4</cols>
  <dt>d</dt>
  <data>
    9.9997695099638839e-01 5.8926424101531484e-03 3.3725719254602692e-03
    -1.7447907583499114e+03 3.3599725709388076e-03
    2.1467431945804178e-03 -9.9999205100739630e-01
    1.4272618026772070e+03 -5.8998356154114284e-03
    9.9998033393616426e-01 2.1268945974203079e-03 3.3783981885908738e+03
    0. 0. 0. 1.</data></extrinsicMatrix>
 <!-- resumed -->

<yaw_z>-3.3762628251407373e-01</yaw_z>
<pitch_x>8.9876997627715411e+01</pitch_x>
<roll_z>0.</roll_z>
</opencv_storage>
