<?xml version="1.0"?>
<opencv_storage>
<camera_name>cam_fcf</camera_name>
<camera_model>FISHEYE</camera_model>
<calibration_time>"2022-08-06 15:42:53"</calibration_time>
<camIntrinsicMat type_id="opencv-matrix">
  <rows>3</rows>
  <cols>3</cols>
  <dt>d</dt>
  <data>
    9.7712292480468750e+02 0. 9.7643762207031250e+02 0.
    9.7659686279296875e+02 6.1160089111328125e+02 0. 0. 1.</data></camIntrinsicMat>
<distortion_coefficients type_id="opencv-matrix">
  <rows>4</rows>
  <cols>1</cols>
  <dt>d</dt>
  <data>
    -2.9533935710787773e-02 -1.6562087461352348e-02
    -5.0080013461410999e-03 6.5389368683099747e-03</data></distortion_coefficients>
<camIntriMatrix type_id="opencv-matrix">
  <rows>3</rows>
  <cols>4</cols>
  <dt>d</dt>
  <data>
    9.7712292480468750e+02 0. 9.7643762207031250e+02 0. 0.
    9.7659686279296875e+02 6.1160089111328125e+02 0. 0. 0. 1. 0.</data></camIntriMatrix>
<avg_reprojection_error>0</avg_reprojection_error>
</opencv_storage>
