<?xml version="1.0"?>
<opencv_storage>
<camera_name>RR</camera_name>
<calibration_time>"2022-12-20 11:04:56"</calibration_time>
<undistort>1</undistort>
<rotationMatrix type_id="opencv-matrix">
  <rows>3</rows>
  <cols>3</cols>
  <dt>d</dt>
  <data>
    7.0771577384926709e-01 -7.0570910728974368e-01
    3.3362244127841056e-02 3.4340182943909392e-04
    -4.6878427028402975e-02 -9.9890054317460764e-01
    7.0649718012184326e-01 7.0694912756693862e-01
    -3.2934260462747555e-02</data></rotationMatrix>
<offsetMatrix type_id="opencv-matrix">
  <rows>3</rows>
  <cols>1</cols>
  <dt>d</dt>
  <data>
    -7.7633642937841942e+03 8.3262999269067200e+02
    5.9396072064664713e+03</data></offsetMatrix>
<deltaXY>
  0. 0.</deltaXY>
<headLocation>
  0. 0.</headLocation>
<pointA>
  0. 0.</pointA>
<pointB>
  0. 0.</pointB>
<pointV>
  0. 0.</pointV>
<cameraLocation>
  1.2976536865234375e+03 -9.6386445312500000e+03 1.2863343505859375e+03</cameraLocation>
<extrinsicMatrix type_id="opencv-matrix">
  <rows>4</rows>
  <cols>4</cols>
  <dt>d</dt>
  <data>
    7.0771577384926709e-01 -7.0570910728974368e-01
    3.3362244127841056e-02 -7.7633642937841942e+03
    3.4340182943909392e-04 -4.6878427028402975e-02
    -9.9890054317460764e-01 8.3262999269067200e+02
    7.0649718012184326e-01 7.0694912756693862e-01
    -3.2934260462747555e-02 5.9396072064664713e+03 0. 0. 0. 1.</data></extrinsicMatrix>
 <!-- resumed -->

<bsd_deltaXY>
  2075. -6875.</bsd_deltaXY>
<yaw>-4.4950625749671573e+01</yaw>
<pitch>9.2667279318445509e+01</pitch>
<roll>2.7801378302987040e-02</roll>
<avg_reprojection_error>9.7827988862991333e-01</avg_reprojection_error>
</opencv_storage>
