<?xml version="1.0"?>
<opencv_storage>
<camera_name>RR</camera_name>
<camera_model>FISHEYE</camera_model>
<calibration_time>"2022-12-20 11:02:48"</calibration_time>
<camIntrinsicMat type_id="opencv-matrix">
  <rows>3</rows>
  <cols>3</cols>
  <dt>d</dt>
  <data>
    1.1533570372757561e+03 0. 9.6696109807485436e+02 0.
    1.1503156158879963e+03 6.0061491606802633e+02 0. 0. 1.</data></camIntrinsicMat>
<distortion_coefficients type_id="opencv-matrix">
  <rows>4</rows>
  <cols>1</cols>
  <dt>d</dt>
  <data>
    -4.7028146524563302e-02 3.2734145756071462e-02
    -9.0054748953191197e-02 6.9494155511347133e-02</data></distortion_coefficients>
<camIntriMatrix type_id="opencv-matrix">
  <rows>3</rows>
  <cols>4</cols>
  <dt>d</dt>
  <data>
    1.1533570372757561e+03 0. 9.6696109807485436e+02 0. 0.
    1.1503156158879963e+03 6.0061491606802633e+02 0. 0. 0. 1. 0.</data></camIntriMatrix>
<avg_reprojection_error>1.9619154142810000e-01</avg_reprojection_error>
</opencv_storage>
