<?xml version="1.0"?>
<opencv_storage>
<camera_name>RL</camera_name>
<calibration_time>"2022-08-16 10:34:45"</calibration_time>
<undistort>1</undistort>
<rotationMatrix type_id="opencv-matrix">
  <rows>3</rows>
  <cols>3</cols>
  <dt>d</dt>
  <data>
    7.0000569496045173e-01 7.1401762177865724e-01 1.3071450282392927e-02
    1.4629520335923019e-02 3.9623689279746077e-03
    -9.9988513178625626e-01 -7.1398739775830466e-01
    7.0011651560438759e-01 -7.6720545029017040e-03</data></rotationMatrix>
<offsetMatrix type_id="opencv-matrix">
  <rows>3</rows>
  <cols>1</cols>
  <dt>d</dt>
  <data>
    7.6923545652519188e+03 1.3224162361058311e+03 5.6830655970173202e+03</data></offsetMatrix>
<deltaXY>
  0. 0.</deltaXY>
<headLocation>
  0. 0.</headLocation>
<pointA>
  0. 0.</pointA>
<pointB>
  0. 0.</pointB>
<pointV>
  0. 0.</pointV>
<cameraLocation>
  -1.3464011230468750e+03 -9.4765244140625000e+03 1.2653149414062500e+03</cameraLocation>
<extrinsicMatrix type_id="opencv-matrix">
  <rows>4</rows>
  <cols>4</cols>
  <dt>d</dt>
  <data>
    7.0000569496045173e-01 7.1401762177865724e-01 1.3071450282392927e-02
    7.6923545652519188e+03 1.4629520335923019e-02 3.9623689279746077e-03
    -9.9988513178625626e-01 1.3224162361058311e+03
    -7.1398739775830466e-01 7.0011651560438759e-01
    -7.6720545029017040e-03 5.6830655970173202e+03 0. 0. 0. 1.</data></extrinsicMatrix>
 <!-- resumed -->

<bsd_deltaXY>
  -3100. -6670.</bsd_deltaXY>
<yaw>4.5560274661329792e+01</yaw>
<pitch>9.0627836566368472e+01</pitch>
<roll>1.1972584986177996e+00</roll>
<avg_reprojection_error>3.8956081867218018e-01</avg_reprojection_error>
</opencv_storage>
