<?xml version="1.0"?>
<opencv_storage>
<camera_name>FL</camera_name>
<camera_model>FISHEYE</camera_model>
<calibration_time>"2022-07-20 11:57:25"</calibration_time>
<camIntrinsicMat type_id="opencv-matrix">
  <rows>3</rows>
  <cols>3</cols>
  <dt>d</dt>
  <data>
    1.1502014452357760e+03 0. 9.6281334238531895e+02 0.
    1.1497557415879226e+03 5.9694115016946716e+02 0. 0. 1.</data></camIntrinsicMat>
<distortion_coefficients type_id="opencv-matrix">
  <rows>4</rows>
  <cols>1</cols>
  <dt>d</dt>
  <data>
    -4.5435573438452004e-02 1.8633382496039571e-02
    -3.9184097008857117e-02 1.9075111875782987e-02</data></distortion_coefficients>
<camIntriMatrix type_id="opencv-matrix">
  <rows>3</rows>
  <cols>4</cols>
  <dt>d</dt>
  <data>
    1.1502014452357760e+03 0. 9.6281334238531895e+02 0. 0.
    1.1497557415879226e+03 5.9694115016946716e+02 0. 0. 0. 1. 0.</data></camIntriMatrix>
<avg_reprojection_error>2.5923798170253143e-01</avg_reprojection_error>
</opencv_storage>
