<?xml version="1.0"?>
<opencv_storage>
<camera_name>RL</camera_name>
<calibration_time>"2022-07-28 15:18:37"</calibration_time>
<undistort>1</undistort>
<rotationMatrix type_id="opencv-matrix">
  <rows>3</rows>
  <cols>3</cols>
  <dt>d</dt>
  <data>
    7.2306149445787826e-01 6.9051212509881310e-01
    -1.9366990573153275e-02 -2.6762748433811157e-02
    -1.2947924114742326e-05 -9.9964181341549530e-01
    -6.9026504368148911e-01 7.2332081742742094e-01
    1.8470640149155282e-02</data></rotationMatrix>
<offsetMatrix type_id="opencv-matrix">
  <rows>3</rows>
  <cols>1</cols>
  <dt>d</dt>
  <data>
    7.5349657998688208e+03 1.2067121354625576e+03 5.9340715744284280e+03</data></offsetMatrix>
<deltaXY>
  0. 0.</deltaXY>
<headLocation>
  0. 0.</headLocation>
<pointA>
  0. 0.</pointA>
<pointB>
  0. 0.</pointB>
<pointV>
  0. 0.</pointV>
<cameraLocation>
  -1.3198665771484375e+03 -9.4952070312500000e+03 1.2426033935546875e+03</cameraLocation>
<extrinsicMatrix type_id="opencv-matrix">
  <rows>4</rows>
  <cols>4</cols>
  <dt>d</dt>
  <data>
    7.2306149445787826e-01 6.9051212509881310e-01
    -1.9366990573153275e-02 7.5349657998688208e+03
    -2.6762748433811157e-02 -1.2947924114742326e-05
    -9.9964181341549530e-01 1.2067121354625576e+03
    -6.9026504368148911e-01 7.2332081742742094e-01
    1.8470640149155282e-02 5.9340715744284280e+03 0. 0. 0. 1.</data></extrinsicMatrix>
 <!-- resumed -->

<bsd_deltaXY>
  -3230. -6700.</bsd_deltaXY>
<yaw>4.3651091979710287e+01</yaw>
<pitch>8.8537219226259637e+01</pitch>
<roll>-2.1197268647745440e+00</roll>
<avg_reprojection_error>6.2676346302032471e-01</avg_reprojection_error>
</opencv_storage>
