<?xml version="1.0"?>
<opencv_storage>
<camera_name>RL</camera_name>
<camera_model>FISHEYE</camera_model>
<calibration_time>"2022-07-28 14:14:46"</calibration_time>
<camIntrinsicMat type_id="opencv-matrix">
  <rows>3</rows>
  <cols>3</cols>
  <dt>d</dt>
  <data>
    1.1484715380854029e+03 0. 9.5784584483064759e+02 0.
    1.1456803732471697e+03 5.9771939564704951e+02 0. 0. 1.</data></camIntrinsicMat>
<distortion_coefficients type_id="opencv-matrix">
  <rows>4</rows>
  <cols>1</cols>
  <dt>d</dt>
  <data>
    -3.8940947713420049e-02 2.3283122895203526e-02
    -8.8437570875089869e-02 7.0306318763537531e-02</data></distortion_coefficients>
<camIntriMatrix type_id="opencv-matrix">
  <rows>3</rows>
  <cols>4</cols>
  <dt>d</dt>
  <data>
    1.1484715380854029e+03 0. 9.5784584483064759e+02 0. 0.
    1.1456803732471697e+03 5.9771939564704951e+02 0. 0. 0. 1. 0.</data></camIntriMatrix>
<avg_reprojection_error>3.1667006137351583e-01</avg_reprojection_error>
</opencv_storage>
