<?xml version="1.0"?>
<opencv_storage>
<camera_name>RL</camera_name>
<camera_model>PINHOLE</camera_model>
<calibration_time>"2021-12-16 23:13:07"</calibration_time>
<camIntrinsicMat type_id="opencv-matrix">
  <rows>3</rows>
  <cols>3</cols>
  <dt>d</dt>
  <data>
    1.1563157194143653e+03 0. 9.5646787437587784e+02 0.
    1.1550122584402131e+03 6.0828411076717009e+02 0. 0. 1.</data></camIntrinsicMat>
<distortion_coefficients type_id="opencv-matrix">
  <rows>1</rows>
  <cols>5</cols>
  <dt>d</dt>
  <data>
    -3.5443254106991456e-01 1.5814176845575292e-01
    4.7913657472578279e-05 4.5122189663725768e-04
    -3.7893572053067259e-02</data></distortion_coefficients>
<camIntriMatrix type_id="opencv-matrix">
  <rows>3</rows>
  <cols>4</cols>
  <dt>d</dt>
  <data>
    1.1563157194143653e+03 0. 9.5646787437587784e+02 0. 0.
    1.1550122584402131e+03 6.0828411076717009e+02 0. 0. 0. 1. 0.</data></camIntriMatrix>
<avg_reprojection_error>6.3657373391490935e-01</avg_reprojection_error>
</opencv_storage>
