<?xml version="1.0"?>
<opencv_storage>
<camera_name>RL</camera_name>
<calibration_time>"2022-12-23 10:40:07"</calibration_time>
<undistort>1</undistort>
<rotationMatrix type_id="opencv-matrix">
  <rows>3</rows>
  <cols>3</cols>
  <dt>d</dt>
  <data>
    7.0345494561232935e-01 7.1070353336564707e-01 7.1852039038440840e-03
    9.3420646873142443e-03 8.6275928857615369e-04
    -9.9995598976844380e-01 -7.1067845423998421e-01
    7.0349111103694462e-01 -6.0325260937827696e-03</data></rotationMatrix>
<offsetMatrix type_id="opencv-matrix">
  <rows>3</rows>
  <cols>1</cols>
  <dt>d</dt>
  <data>
    7.6844060972664274e+03 1.2745882414192545e+03 5.7569827975466424e+03</data></offsetMatrix>
<deltaXY>
  0. 0.</deltaXY>
<headLocation>
  0. 0.</headLocation>
<pointA>
  0. 0.</pointA>
<pointB>
  0. 0.</pointB>
<pointV>
  0. 0.</pointV>
<cameraLocation>
  -1.3261771240234375e+03 -9.5124208984375000e+03 1.2540472412109375e+03</cameraLocation>
<extrinsicMatrix type_id="opencv-matrix">
  <rows>4</rows>
  <cols>4</cols>
  <dt>d</dt>
  <data>
    7.0345494561232935e-01 7.1070353336564707e-01 7.1852039038440840e-03
    7.6844060972664274e+03 9.3420646873142443e-03 8.6275928857615369e-04
    -9.9995598976844380e-01 1.2745882414192545e+03
    -7.1067845423998421e-01 7.0349111103694462e-01
    -6.0325260937827696e-03 5.7569827975466424e+03 0. 0. 0. 1.</data></extrinsicMatrix>
 <!-- resumed -->

<bsd_deltaXY>
  -3140. -6710.</bsd_deltaXY>
<yaw>4.5290143692392178e+01</yaw>
<pitch>9.0491306582284977e+01</pitch>
<roll>7.6085813034491989e-01</roll>
<avg_reprojection_error>3.7516826391220093e-01</avg_reprojection_error>
</opencv_storage>
