<?xml version="1.0"?>
<opencv_storage>
<camera_name>FC60</camera_name>
<camera_model>PINHOLE</camera_model>
<calibration_time>"2022-07-07 16:04:16"</calibration_time>
<camIntrinsicMat type_id="opencv-matrix">
  <rows>3</rows>
  <cols>3</cols>
  <dt>d</dt>
  <data>
    1.9527557848713889e+03 0. 9.3204618528115998e+02 0.
    1.9522042279406833e+03 5.9625771297742654e+02 0. 0. 1.</data></camIntrinsicMat>
<distortion_coefficients type_id="opencv-matrix">
  <rows>1</rows>
  <cols>5</cols>
  <dt>d</dt>
  <data>
    -5.0039535569453064e-01 2.6397842961922369e-01
    4.6254440449882106e-04 -2.1499232731135042e-04
    -7.6713049668435923e-02</data></distortion_coefficients>
<camIntriMatrix type_id="opencv-matrix">
  <rows>3</rows>
  <cols>4</cols>
  <dt>d</dt>
  <data>
    1.9527557848713889e+03 0. 9.3204618528115998e+02 0. 0.
    1.9522042279406833e+03 5.9625771297742654e+02 0. 0. 0. 1. 0.</data></camIntriMatrix>
<avg_reprojection_error>1.0421782159493377e-01</avg_reprojection_error>
</opencv_storage>
