<?xml version="1.0"?>
<opencv_storage>
<camera_name>FC60</camera_name>
<calibration_time>"2022-10-12 06:49:56"</calibration_time>
<undistort>1</undistort>
<rotationMatrix type_id="opencv-matrix">
  <rows>3</rows>
  <cols>3</cols>
  <dt>d</dt>
  <data>
    9.9966083522998150e-01 -2.4513914923266468e-02
    -8.7910455823371533e-03 -9.0838987286445214e-03
    -1.1860746033792955e-02 -9.9988839651603600e-01
    2.4406910725931832e-02 9.9962912656577629e-01
    -1.2079405207197714e-02</data></rotationMatrix>
<offsetMatrix type_id="opencv-matrix">
  <rows>3</rows>
  <cols>1</cols>
  <dt>d</dt>
  <data>
    -2.0461185927818069e+03 1.4037502615736460e+03
    5.2706467795594017e+03</data></offsetMatrix>
<deltaXY>
  1845. -5260.</deltaXY>
<headLocation>
  1845. -5260.</headLocation>
<pointA>
  2.3441013682498442e+02 1.1050329015099544e+03</pointA>
<pointB>
  1.5630859075738294e+03 1.0845948287963040e+03</pointB>
<pointV>
  9.3945904541015625e+02 5.6783996582031250e+02</pointV>
<cameraLocation>
  1.9295358886718750e+03 -5.3022006835937500e+03 1.4492723388671875e+03</cameraLocation>
<extrinsicMatrix type_id="opencv-matrix">
  <rows>4</rows>
  <cols>4</cols>
  <dt>d</dt>
  <data>
    9.9966083522998150e-01 -2.4513914923266468e-02
    -8.7910455823371533e-03 -2.0461185927818069e+03
    -9.0838987286445214e-03 -1.1860746033792955e-02
    -9.9988839651603600e-01 1.4037502615736460e+03
    2.4406910725931832e-02 9.9962912656577629e-01
    -1.2079405207197714e-02 5.2706467795594017e+03 0. 0. 0. 1.</data></extrinsicMatrix>
 <!-- resumed -->

<yaw_z>1.4047833627299169e+00</yaw_z>
<pitch_x>9.0679585836326922e+01</pitch_x>
<roll_z>0.</roll_z>
</opencv_storage>
