<?xml version="1.0"?>
<opencv_storage>
<camera_name>FC60</camera_name>
<camera_model>PINHOLE</camera_model>
<calibration_time>"2022-10-12 05:58:35"</calibration_time>
<camIntrinsicMat type_id="opencv-matrix">
  <rows>3</rows>
  <cols>3</cols>
  <dt>d</dt>
  <data>
    1.9386137834321005e+03 0. 9.8699969032852880e+02 0.
    1.9309683020774585e+03 5.9075118761406645e+02 0. 0. 1.</data></camIntrinsicMat>
<distortion_coefficients type_id="opencv-matrix">
  <rows>1</rows>
  <cols>5</cols>
  <dt>d</dt>
  <data>
    -4.9881050930376375e-01 2.6085965681075851e-01
    -8.8191603875368847e-04 -2.1286153622139320e-03
    -5.4419703984234534e-02</data></distortion_coefficients>
<camIntriMatrix type_id="opencv-matrix">
  <rows>3</rows>
  <cols>4</cols>
  <dt>d</dt>
  <data>
    1.9386137834321005e+03 0. 9.8699969032852880e+02 0. 0.
    1.9309683020774585e+03 5.9075118761406645e+02 0. 0. 0. 1. 0.</data></camIntriMatrix>
<avg_reprojection_error>2.6486431239144032e-01</avg_reprojection_error>
</opencv_storage>
