<?xml version="1.0"?>
<opencv_storage>
<camera_name>cam_brf</camera_name>
<camera_model>FISHEYE</camera_model>
<calibration_time>"2022-06-21 16:11:05"</calibration_time>
<camIntrinsicMat type_id="opencv-matrix">
  <rows>3</rows>
  <cols>3</cols>
  <dt>d</dt>
  <data>
    1.1515832519531250e+03 0. 9.6062017822265625e+02 0.
    1.1524035644531250e+03 5.9676000976562500e+02 0. 0. 1.</data></camIntrinsicMat>
<distortion_coefficients type_id="opencv-matrix">
  <rows>4</rows>
  <cols>1</cols>
  <dt>d</dt>
  <data>
    -3.1797286123037338e-02 -3.6319378763437271e-02
    5.2913084626197815e-02 -3.4090474247932434e-02</data></distortion_coefficients>
<camIntriMatrix type_id="opencv-matrix">
  <rows>3</rows>
  <cols>4</cols>
  <dt>d</dt>
  <data>
    1.1515832519531250e+03 0. 9.6062017822265625e+02 0. 0.
    1.1524035644531250e+03 5.9676000976562500e+02 0. 0. 0. 1. 0.</data></camIntriMatrix>
<avg_reprojection_error>0</avg_reprojection_error>
</opencv_storage>
