<?xml version="1.0"?>
<opencv_storage>
<camera_name>cam_brf</camera_name>
<calibration_time>"2022-06-21 16:11:05"</calibration_time>
<undistort>1</undistort>
<rotationMatrix type_id="opencv-matrix">
  <rows>3</rows>
  <cols>3</cols>
  <dt>d</dt>
  <data>
    7.1099009351453157e-01 -7.0159151914718121e-01
    4.7564978555115968e-02 2.8713682313165016e-02
    -3.8618946187987648e-02 -9.9884137952096708e-01
    7.0261555019243394e-01 7.1153209151526009e-01
    -7.3124121672270108e-03</data></rotationMatrix>
<offsetMatrix type_id="opencv-matrix">
  <rows>3</rows>
  <cols>1</cols>
  <dt>d</dt>
  <data>
    -1.2564785553377618e+04 6.1308215006262094e+02
    8.2893496656175921e+03</data></offsetMatrix>
<deltaXY>
  1820. -5225.</deltaXY>
<headLocation>
  1820. -5225.</headLocation>
<pointV>
  -1.7487469656461306e+02 5.3421242860497125e+02</pointV>
<extrinsicMatrix type_id="opencv-matrix">
  <rows>4</rows>
  <cols>4</cols>
  <dt>d</dt>
  <data>
    7.1099009351453157e-01 -7.0159151914718121e-01
    4.7564978555115968e-02 -1.2564785553377618e+04
    2.8713682313165016e-02 -3.8618946187987648e-02
    -9.9884137952096708e-01 6.1308215006262094e+02
    7.0261555019243394e-01 7.1153209151526009e-01
    -7.3124121672270108e-03 8.2893496656175921e+03 0. 0. 0. 1.</data></extrinsicMatrix>
</opencv_storage>
