<?xml version="1.0"?>
<opencv_storage>
<camera_name>RR</camera_name>
<camera_model>FISHEYE</camera_model>
<calibration_time>"2022-07-12 01:59:53"</calibration_time>
<camIntrinsicMat type_id="opencv-matrix">
  <rows>3</rows>
  <cols>3</cols>
  <dt>d</dt>
  <data>
    1.4110490208283206e+03 0. 1.4395026911954064e+03 0.
    1.4124273261654675e+03 8.8706091443666799e+02 0. 0. 1.</data></camIntrinsicMat>
<distortion_coefficients type_id="opencv-matrix">
  <rows>4</rows>
  <cols>1</cols>
  <dt>d</dt>
  <data>
    1.7755395076181603e-02 1.0370546386524867e-02
    -8.6754398935017102e-03 2.7171492324665979e-03</data></distortion_coefficients>
<camIntriMatrix type_id="opencv-matrix">
  <rows>3</rows>
  <cols>4</cols>
  <dt>d</dt>
  <data>
    1.4110490208283206e+03 0. 1.4395026911954064e+03 0. 0.
    1.4124273261654675e+03 8.8706091443666799e+02 0. 0. 0. 1. 0.</data></camIntriMatrix>
<avg_reprojection_error>2.9961135505705683e-01</avg_reprojection_error>
</opencv_storage>
