<?xml version="1.0"?>
<opencv_storage>
<camera_name>RR</camera_name>
<calibration_time>"2022-08-03 15:51:22"</calibration_time>
<undistort>1</undistort>
<rotationMatrix type_id="opencv-matrix">
  <rows>3</rows>
  <cols>3</cols>
  <dt>d</dt>
  <data>
    6.9375351470114144e-01 -7.1911644073609571e-01
    3.9719082351718726e-02 2.9499019043426389e-02
    -2.6730788906510539e-02 -9.9920732223093278e-01
    7.1960813552605762e-01 6.9437526567950614e-01 2.6686508250891305e-03</data></rotationMatrix>
<offsetMatrix type_id="opencv-matrix">
  <rows>3</rows>
  <cols>1</cols>
  <dt>d</dt>
  <data>
    -9.8291305414818157e+02 1.6678373755881446e+03
    -9.4497726889106957e+02</data></offsetMatrix>
<deltaXY>
  0. 0.</deltaXY>
<headLocation>
  0. 0.</headLocation>
<pointA>
  0. 0.</pointA>
<pointB>
  0. 0.</pointB>
<pointV>
  0. 0.</pointV>
<cameraLocation>
  1.3127131347656250e+03 -6.0774860382080078e+00 1.7080775146484375e+03</cameraLocation>
<extrinsicMatrix type_id="opencv-matrix">
  <rows>4</rows>
  <cols>4</cols>
  <dt>d</dt>
  <data>
    6.9375351470114144e-01 -7.1911644073609571e-01
    3.9719082351718726e-02 -9.8291305414818157e+02
    2.9499019043426389e-02 -2.6730788906510539e-02
    -9.9920732223093278e-01 1.6678373755881446e+03
    7.1960813552605762e-01 6.9437526567950614e-01 2.6686508250891305e-03
    -9.4497726889106957e+02 0. 0. 0. 1.</data></extrinsicMatrix>
 <!-- resumed -->

<bsd_deltaXY>
  2580. 2655.</bsd_deltaXY>
<yaw>-4.6022136491450233e+01</yaw>
<pitch>8.9779799650101367e+01</pitch>
<roll>2.4348010283556936e+00</roll>
<avg_reprojection_error>3.6759033799171448e-01</avg_reprojection_error>
</opencv_storage>
