<?xml version="1.0"?>
<opencv_storage>
<camera_name>RL</camera_name>
<calibration_time>"2022-11-08 20:49:59"</calibration_time>
<undistort>1</undistort>
<rotationMatrix type_id="opencv-matrix">
  <rows>3</rows>
  <cols>3</cols>
  <dt>d</dt>
  <data>
    6.8237007042625786e-01 7.3098453193597557e-01 5.7184837856021353e-03
    3.0666628169936760e-02 -2.0809515426301939e-02
    -9.9931302502489638e-01 -7.3036336497879628e-01
    6.8207666588006444e-01 -3.6616621345837819e-02</data></rotationMatrix>
<offsetMatrix type_id="opencv-matrix">
  <rows>3</rows>
  <cols>1</cols>
  <dt>d</dt>
  <data>
    9.7273124976937572e+02 1.7084917009332139e+03
    -9.0346715059374321e+02</data></offsetMatrix>
<deltaXY>
  0. 0.</deltaXY>
<headLocation>
  0. 0.</headLocation>
<pointA>
  0. 0.</pointA>
<pointB>
  0. 0.</pointB>
<pointV>
  0. 0.</pointV>
<cameraLocation>
  -1.3760156250000000e+03 -5.9264751434326172e+01 1.6686735839843750e+03</cameraLocation>
<extrinsicMatrix type_id="opencv-matrix">
  <rows>4</rows>
  <cols>4</cols>
  <dt>d</dt>
  <data>
    6.8237007042625786e-01 7.3098453193597557e-01 5.7184837856021353e-03
    9.7273124976937572e+02 3.0666628169936760e-02
    -2.0809515426301939e-02 -9.9931302502489638e-01
    1.7084917009332139e+03 -7.3036336497879628e-01
    6.8207666588006444e-01 -3.6616621345837819e-02
    -9.0346715059374321e+02 0. 0. 0. 1.</data></extrinsicMatrix>
 <!-- resumed -->

<bsd_deltaXY>
  -2420. 2305.</bsd_deltaXY>
<yaw>4.6916865890141004e+01</yaw>
<pitch>9.3072918348104494e+01</pitch>
<roll>2.5732178802889720e+00</roll>
<avg_reprojection_error>2.2809040546417236e-01</avg_reprojection_error>
</opencv_storage>
