<?xml version="1.0"?>
<opencv_storage>
<camera_name>RL</camera_name>
<camera_model>FISHEYE</camera_model>
<calibration_time>"2022-06-08 20:36:02"</calibration_time>
<camIntrinsicMat type_id="opencv-matrix">
  <rows>3</rows>
  <cols>3</cols>
  <dt>d</dt>
  <data>
    1.4225108112049058e+03 0. 1.4175739375745627e+03 0.
    1.4231569723899968e+03 9.3648287756166599e+02 0. 0. 1.</data></camIntrinsicMat>
<distortion_coefficients type_id="opencv-matrix">
  <rows>4</rows>
  <cols>1</cols>
  <dt>d</dt>
  <data>
    1.9295977041387684e-02 6.6026038751220697e-03
    -2.4880875799106472e-03 -6.1989707743519379e-04</data></distortion_coefficients>
<camIntriMatrix type_id="opencv-matrix">
  <rows>3</rows>
  <cols>4</cols>
  <dt>d</dt>
  <data>
    1.4225108112049058e+03 0. 1.4175739375745627e+03 0. 0.
    1.4231569723899968e+03 9.3648287756166599e+02 0. 0. 0. 1. 0.</data></camIntriMatrix>
<avg_reprojection_error>3.6894826633262096e-01</avg_reprojection_error>
</opencv_storage>
