<?xml version="1.0"?>
<opencv_storage>
<camera_name>FR</camera_name>
<calibration_time>"2022-08-16 09:38:53"</calibration_time>
<undistort>1</undistort>
<rotationMatrix type_id="opencv-matrix">
  <rows>3</rows>
  <cols>3</cols>
  <dt>d</dt>
  <data>
    -7.0505306327025874e-01 -7.0915435585608666e-01
    -5.2682403448184312e-04 2.0826642571986631e-02
    -1.9963613385066803e-02 -9.9958376592449227e-01
    7.0884866433703841e-01 -7.0477056813614902e-01
    2.8844711068866546e-02</data></rotationMatrix>
<offsetMatrix type_id="opencv-matrix">
  <rows>3</rows>
  <cols>1</cols>
  <dt>d</dt>
  <data>
    -2.6905537507187787e+03 1.1580710170351981e+03
    -4.5023584516625033e+03</data></offsetMatrix>
<deltaXY>
  0. 0.</deltaXY>
<headLocation>
  0. 0.</headLocation>
<pointA>
  0. 0.</pointA>
<pointB>
  0. 0.</pointB>
<pointV>
  0. 0.</pointV>
<cameraLocation>
  1.2703889160156250e+03 -5.0580283203125000e+03 1.2860407714843750e+03</cameraLocation>
<extrinsicMatrix type_id="opencv-matrix">
  <rows>4</rows>
  <cols>4</cols>
  <dt>d</dt>
  <data>
    -7.0505306327025874e-01 -7.0915435585608666e-01
    -5.2682403448184312e-04 -2.6905537507187787e+03
    2.0826642571986631e-02 -1.9963613385066803e-02
    -9.9958376592449227e-01 1.1580710170351981e+03
    7.0884866433703841e-01 -7.0477056813614902e-01
    2.8844711068866546e-02 -4.5023584516625033e+03 0. 0. 0. 1.</data></extrinsicMatrix>
 <!-- resumed -->

<bsd_deltaXY>
  2350. -8570.</bsd_deltaXY>
<yaw>-4.5141316747287540e+01</yaw>
<pitch>-8.7656317653953110e+01</pitch>
<roll>1.7830802545829781e+02</roll>
<avg_reprojection_error>5.7252675294876099e-01</avg_reprojection_error>
</opencv_storage>
