<?xml version="1.0"?>
<opencv_storage>
<camera_name>RL</camera_name>
<camera_model>FISHEYE</camera_model>
<calibration_time>"2022-12-25 18:11:24"</calibration_time>
<camIntrinsicMat type_id="opencv-matrix">
  <rows>3</rows>
  <cols>3</cols>
  <dt>d</dt>
  <data>
    1139.88924893851 0. 952.21817025584915 0.
    1139.4957467472216 584.56867045736362 0. 0. 1.</data></camIntrinsicMat>
<distortion_coefficients type_id="opencv-matrix">
  <rows>4</rows>
  <cols>1</cols>
  <dt>d</dt>
  <data>
    -0.036215253805930887 0.0051023238399645838
    -0.049827852426603376 0.043524233764340788</data></distortion_coefficients>
<camIntriMatrix type_id="opencv-matrix">
  <rows>3</rows>
  <cols>4</cols>
  <dt>d</dt>
  <data>
    1139.88924893851 0. 952.21817025584915 0. 0.
    1139.4957467472216 584.56867045736362 0. 0. 0. 1. 0.</data></camIntriMatrix>
<avg_reprojection_error>2.0585591140929968e-01</avg_reprojection_error>
</opencv_storage>
