<?xml version="1.0"?>
<opencv_storage>
<camera_name>RL</camera_name>
<calibration_time>"2022-12-25 18:26:10"</calibration_time>
<undistort>1</undistort>
<rotationMatrix type_id="opencv-matrix">
  <rows>3</rows>
  <cols>3</cols>
  <dt>d</dt>
  <data>
    7.2728739389549080e-01 6.8631569410394355e-01
    -4.8800314883873375e-03 -4.0700138132277019e-02
    3.6029892444397971e-02 -9.9852157994029289e-01
    -6.8512520420483658e-01 7.2641077557885070e-01
    5.4137230130601177e-02</data></rotationMatrix>
<offsetMatrix type_id="opencv-matrix">
  <rows>3</rows>
  <cols>1</cols>
  <dt>d</dt>
  <data>
    7.4757197214892522e+03 1.5265688829470203e+03 5.9039546284904791e+03</data></offsetMatrix>
<deltaXY>
  0. 0.</deltaXY>
<headLocation>
  0. 0.</headLocation>
<pointA>
  0. 0.</pointA>
<pointB>
  0. 0.</pointB>
<pointV>
  0. 0.</pointV>
<cameraLocation>
  -1.3299169921875000e+03 -9.4744023437500000e+03 1.2411699218750000e+03</cameraLocation>
<extrinsicMatrix type_id="opencv-matrix">
  <rows>4</rows>
  <cols>4</cols>
  <dt>d</dt>
  <data>
    7.2728739389549080e-01 6.8631569410394355e-01
    -4.8800314883873375e-03 7.4757197214892522e+03
    -4.0700138132277019e-02 3.6029892444397971e-02
    -9.9852157994029289e-01 1.5265688829470203e+03
    -6.8512520420483658e-01 7.2641077557885070e-01
    5.4137230130601177e-02 5.9039546284904791e+03 0. 0. 0. 1.</data></extrinsicMatrix>
 <!-- resumed -->

<bsd_deltaXY>
  -3135. -6670.</bsd_deltaXY>
<yaw>4.3245454598320350e+01</yaw>
<pitch>8.5737795815254017e+01</pitch>
<roll>-3.2030204404847451e+00</roll>
<avg_reprojection_error>4.1817036271095276e-01</avg_reprojection_error>
</opencv_storage>
