<?xml version="1.0"?>
<opencv_storage>
<camera_name>RC</camera_name>
<camera_model>PINHOLE</camera_model>
<calibration_time>"2022-12-09 14:52:42"</calibration_time>
<camIntrinsicMat type_id="opencv-matrix">
  <rows>3</rows>
  <cols>3</cols>
  <dt>d</dt>
  <data>
    1.9798792630199978e+03 0. 9.4505675736265448e+02 0.
    1.9678435260551323e+03 6.3984675824954536e+02 0. 0. 1.</data></camIntrinsicMat>
<distortion_coefficients type_id="opencv-matrix">
  <rows>1</rows>
  <cols>5</cols>
  <dt>d</dt>
  <data>
    -5.0805101703572475e-01 2.7546078788433842e-01
    -4.6791370441298811e-03 1.2158159334088802e-03
    -1.0370141110492019e-01</data></distortion_coefficients>
<camIntriMatrix type_id="opencv-matrix">
  <rows>3</rows>
  <cols>4</cols>
  <dt>d</dt>
  <data>
    1.9798792630199978e+03 0. 9.4505675736265448e+02 0. 0.
    1.9678435260551323e+03 6.3984675824954536e+02 0. 0. 0. 1. 0.</data></camIntriMatrix>
<avg_reprojection_error>2.9409939301655491e-01</avg_reprojection_error>
</opencv_storage>
