<?xml version="1.0"?>
<opencv_storage>
<camera_name>RC</camera_name>
<calibration_time>"2022-12-09 15:21:41"</calibration_time>
<undistort>1</undistort>
<rotationMatrix type_id="opencv-matrix">
  <rows>3</rows>
  <cols>3</cols>
  <dt>d</dt>
  <data>
    9.9995440109826383e-01 4.7999669379366989e-03 8.2556672417909427e-03
    8.3426176347226513e-03 -1.8386138943751754e-02
    -9.9979615453638448e-01 -4.6471986414699474e-03
    9.9981943880489532e-01 -1.8425344844831267e-02</data></rotationMatrix>
<offsetMatrix type_id="opencv-matrix">
  <rows>3</rows>
  <cols>1</cols>
  <dt>d</dt>
  <data>
    -1.8319522184356563e+03 1.3191602207681015e+03
    5.3451940661695298e+03</data></offsetMatrix>
<deltaXY>
  1840. -5150.</deltaXY>
<headLocation>
  1840. -5150.</headLocation>
<pointA>
  2.6649501325680421e+02 1.1254981430510406e+03</pointA>
<pointB>
  1.6168286716942457e+03 1.1382551606909715e+03</pointB>
<pointV>
  9.5456182861328125e+02 6.0365917968750000e+02</pointV>
<cameraLocation>
  1.8457036132812500e+03 -5.3111811523437500e+03 1.4325023193359375e+03</cameraLocation>
<extrinsicMatrix type_id="opencv-matrix">
  <rows>4</rows>
  <cols>4</cols>
  <dt>d</dt>
  <data>
    9.9995440109826383e-01 4.7999669379366989e-03 8.2556672417909427e-03
    -1.8319522184356563e+03 8.3426176347226513e-03
    -1.8386138943751754e-02 -9.9979615453638448e-01
    1.3191602207681015e+03 -4.6471986414699474e-03
    9.9981943880489532e-01 -1.8425344844831267e-02
    5.3451940661695298e+03 0. 0. 0. 1.</data></extrinsicMatrix>
 <!-- resumed -->

<yaw_z>-2.7506540493517995e-01</yaw_z>
<pitch_x>9.1053504542439271e+01</pitch_x>
<roll_z>0.</roll_z>
</opencv_storage>
