<?xml version="1.0"?>
<opencv_storage>
<camera_name>FC120</camera_name>
<calibration_time>"2022-07-28 15:01:48"</calibration_time>
<undistort>1</undistort>
<rotationMatrix type_id="opencv-matrix">
  <rows>3</rows>
  <cols>3</cols>
  <dt>d</dt>
  <data>
    9.9981442938188736e-01 1.7565428896490036e-02 7.9096464809337609e-03
    7.5928983018703549e-03 1.8026539916212017e-02
    -9.9980867757487824e-01 -1.7704651794046934e-02
    9.9968319960191965e-01 1.7889822204817548e-02</data></rotationMatrix>
<offsetMatrix type_id="opencv-matrix">
  <rows>3</rows>
  <cols>1</cols>
  <dt>d</dt>
  <data>
    -1.6367986906767676e+03 1.5039030943436519e+03
    3.3533734302105386e+03</data></offsetMatrix>
<deltaXY>
  1740. -3275.</deltaXY>
<headLocation>
  1740. -3275.</headLocation>
<pointA>
  4.8710065855051374e+02 1.0469481973840825e+03</pointA>
<pointB>
  1.5580850454919851e+03 1.0637119661840625e+03</pointB>
<pointV>
  9.8218298339843750e+02 6.2602490234375000e+02</pointV>
<cameraLocation>
  1.6844462890625000e+03 -3.3506701660156250e+03 1.4565705566406250e+03</cameraLocation>
<extrinsicMatrix type_id="opencv-matrix">
  <rows>4</rows>
  <cols>4</cols>
  <dt>d</dt>
  <data>
    9.9981442938188736e-01 1.7565428896490036e-02 7.9096464809337609e-03
    -1.6367986906767676e+03 7.5928983018703549e-03
    1.8026539916212017e-02 -9.9980867757487824e-01
    1.5039030943436519e+03 -1.7704651794046934e-02
    9.9968319960191965e-01 1.7889822204817548e-02 3.3533734302105386e+03
    0. 0. 0. 1.</data></extrinsicMatrix>
 <!-- resumed -->

<yaw_z>-1.0066403235090609e+00</yaw_z>
<pitch_x>8.8967100317053820e+01</pitch_x>
<roll_z>0.</roll_z>
</opencv_storage>
