<?xml version="1.0"?>
<opencv_storage>
<camera_name>FR</camera_name>
<camera_model>FISHEYE</camera_model>
<calibration_time>"2023-01-7 22:30:07"</calibration_time>
<camIntrinsicMat type_id="opencv-matrix">
  <rows>3</rows>
  <cols>3</cols>
  <dt>d</dt>
  <data>
     1110.3127087412799 0. 964.85998379418174 0.
     1112.1404786426478 592.76117450257459 0. 0. 1.</data></camIntrinsicMat>
<distortion_coefficients type_id="opencv-matrix">
  <rows>4</rows>
  <cols>1</cols>
  <dt>d</dt>
  <data>
    -0.018403910517905315 0.0024294970732437839
    -0.040759618309611868 0.023749871757845594</data></distortion_coefficients>
<camIntriMatrix type_id="opencv-matrix">
  <rows>3</rows>
  <cols>4</cols>
  <dt>d</dt>
  <data>
     1110.3127087412799 0. 964.85998379418174 0. 0.
     1112.1404786426478 592.76117450257459 0. 0. 0. 1. 0.</data></camIntriMatrix>
<avg_reprojection_error>3.0351288070313914e-01</avg_reprojection_error>
</opencv_storage>
