<?xml version="1.0"?>
<opencv_storage>
<camera_name>FC120</camera_name>
<camera_model>FISHEYE</camera_model>
<calibration_time>"2022-07-18 12:46:11"</calibration_time>
<camIntrinsicMat type_id="opencv-matrix">
  <rows>3</rows>
  <cols>3</cols>
  <dt>d</dt>
  <data>
    1.9587679680304088e+03 0. 1.9565509042276949e+03 0.
    1.9597944953046597e+03 1.1239295410530583e+03 0. 0. 1.</data></camIntrinsicMat>
<distortion_coefficients type_id="opencv-matrix">
  <rows>4</rows>
  <cols>1</cols>
  <dt>d</dt>
  <data>
    -5.3513050751982885e-02 1.3769103216351058e-03
    -2.2488037322103208e-03 1.4244852923361259e-03</data></distortion_coefficients>
<camIntriMatrix type_id="opencv-matrix">
  <rows>3</rows>
  <cols>4</cols>
  <dt>d</dt>
  <data>
    1.9587679680304088e+03 0. 1.9565509042276949e+03 0. 0.
    1.9597944953046597e+03 1.1239295410530583e+03 0. 0. 0. 1. 0.</data></camIntriMatrix>
<avg_reprojection_error>2.4939788083248521e-01</avg_reprojection_error>
</opencv_storage>
