<?xml version="1.0"?>
<opencv_storage>
<camera_name>FC120</camera_name>
<calibration_time>"2022-08-06 13:07:36"</calibration_time>
<undistort>1</undistort>
<rotationMatrix type_id="opencv-matrix">
  <rows>3</rows>
  <cols>3</cols>
  <dt>d</dt>
  <data>
    9.9992234613329822e-01 1.0150331931976786e-02 7.2299699135840688e-03
    7.2670720790453790e-03 -3.6231540759326880e-03
    -9.9996703066548154e-01 -1.0123801987326575e-02
    9.9994192007146743e-01 -3.6966359177849468e-03</data></rotationMatrix>
<offsetMatrix type_id="opencv-matrix">
  <rows>3</rows>
  <cols>1</cols>
  <dt>d</dt>
  <data>
    -1.7331425134873973e+03 2.3024412118032287e+03
    5.7129794075623977e+03</data></offsetMatrix>
<deltaXY>
  1765. -5530.</deltaXY>
<headLocation>
  1765. -5530.</headLocation>
<pointA>
  1.3623208541496183e+03 1.9137646324733969e+03</pointA>
<pointB>
  2.7114827060580451e+03 1.9291301957518267e+03</pointB>
<pointV>
  1.9764342041015625e+03 1.1168284912109375e+03</pointV>
<cameraLocation>
  1.7741130371093750e+03 -5.6867133789062500e+03 2.3360146484375000e+03</cameraLocation>
<extrinsicMatrix type_id="opencv-matrix">
  <rows>4</rows>
  <cols>4</cols>
  <dt>d</dt>
  <data>
    9.9992234613329822e-01 1.0150331931976786e-02 7.2299699135840688e-03
    -1.7331425134873973e+03 7.2670720790453790e-03
    -3.6231540759326880e-03 -9.9996703066548154e-01
    2.3024412118032287e+03 -1.0123801987326575e-02
    9.9994192007146743e-01 -3.6966359177849468e-03
    5.7129794075623977e+03 0. 0. 0. 1.</data></extrinsicMatrix>
 <!-- resumed -->

<yaw_z>5.8006104286862548e-01</yaw_z>
<pitch_x>9.0211812973699040e+01</pitch_x>
<roll_z>4.1639756392974669e-01</roll_z>
</opencv_storage>
