<?xml version="1.0"?>
<opencv_storage>
<camera_name>FL</camera_name>
<camera_model>FISHEYE</camera_model>
<calibration_time>"2022-01-10 22:50:57"</calibration_time>
<camIntrinsicMat type_id="opencv-matrix">
  <rows>3</rows>
  <cols>3</cols>
  <dt>d</dt>
  <data>
    1.1440209322989590e+03 0. 9.6333096756297869e+02 0.
    1.1425353678520835e+03 5.8068587847180618e+02 0. 0. 1.</data></camIntrinsicMat>
<distortion_coefficients type_id="opencv-matrix">
  <rows>4</rows>
  <cols>1</cols>
  <dt>d</dt>
  <data>
    -3.9972344750385282e-02 1.5824343370847774e-02
    -6.2422918135241236e-02 4.3962541812660377e-02</data></distortion_coefficients>
<camIntriMatrix type_id="opencv-matrix">
  <rows>3</rows>
  <cols>4</cols>
  <dt>d</dt>
  <data>
    1.1440209322989590e+03 0. 9.6333096756297869e+02 0. 0.
    1.1425353678520835e+03 5.8068587847180618e+02 0. 0. 0. 1. 0.</data></camIntriMatrix>
<avg_reprojection_error>6.2298843764612344e-01</avg_reprojection_error>
</opencv_storage>
