<?xml version="1.0"?>
<opencv_storage>
<camera_name>FL</camera_name>
<calibration_time>"2022-01-10 22:53:46"</calibration_time>
<undistort>1</undistort>
<rotationMatrix type_id="opencv-matrix">
  <rows>3</rows>
  <cols>3</cols>
  <dt>d</dt>
  <data>
    -7.0815805948224086e-01 7.0602489312656025e-01
    6.4041452182335146e-03 1.9993869947312892e-03 1.1075560795980599e-02
    -9.9993666519670144e-01 -7.0605110667854087e-01
    -7.0810040406617758e-01 -9.2548646302327287e-03</data></rotationMatrix>
<offsetMatrix type_id="opencv-matrix">
  <rows>3</rows>
  <cols>1</cols>
  <dt>d</dt>
  <data>
    2.6944344876541813e+03 1.3414027124531758e+03
    -4.5375329871787717e+03</data></offsetMatrix>
<deltaXY>
  0. 0.</deltaXY>
<headLocation>
  0. 0.</headLocation>
<pointA>
  0. 0.</pointA>
<pointB>
  0. 0.</pointB>
<pointV>
  0. 0.</pointV>
<cameraLocation>
  -1.2983266601562500e+03 -5.1302236328125000e+03 1.2820679931640625e+03</cameraLocation>
<extrinsicMatrix type_id="opencv-matrix">
  <rows>4</rows>
  <cols>4</cols>
  <dt>d</dt>
  <data>
    -7.0815805948224086e-01 7.0602489312656025e-01
    6.4041452182335146e-03 2.6944344876541813e+03 1.9993869947312892e-03
    1.1075560795980599e-02 -9.9993666519670144e-01
    1.3414027124531758e+03 -7.0605110667854087e-01
    -7.0810040406617758e-01 -9.2548646302327287e-03
    -4.5375329871787717e+03 0. 0. 0. 1.</data></extrinsicMatrix>
 <!-- resumed -->

<bsd_deltaXY>
  -3590. -9145.</bsd_deltaXY>
<yaw>4.4914524229809992e+01</yaw>
<pitch>-9.0748812582565336e+01</pitch>
<roll>1.7983823366762809e+02</roll>
<avg_reprojection_error>2.5561698913574219e+02</avg_reprojection_error>
</opencv_storage>
