<?xml version="1.0"?>
<opencv_storage>
<camera_name>FC60</camera_name>
<calibration_time>"2022-07-14 23:52:03"</calibration_time>
<undistort>1</undistort>
<rotationMatrix type_id="opencv-matrix">
  <rows>3</rows>
  <cols>3</cols>
  <dt>d</dt>
  <data>
    9.9997537031148687e-01 6.2366213261270814e-03 3.2192118350775336e-03
    3.3116989639295565e-03 -1.4876558605987340e-02
    -9.9988385358201226e-01 -6.1880061713700859e-03
    9.9986988781464814e-01 -1.4896846013366884e-02</data></rotationMatrix>
<offsetMatrix type_id="opencv-matrix">
  <rows>3</rows>
  <cols>1</cols>
  <dt>d</dt>
  <data>
    -1.4576819739478253e+03 1.3411916407644981e+03
    5.2825833609603997e+03</data></offsetMatrix>
<deltaXY>
  1430. -5135.</deltaXY>
<headLocation>
  1430. -5135.</headLocation>
<pointA>
  4.1590319252367988e+02 1.1136016735686264e+03</pointA>
<pointB>
  1.4624412322723342e+03 1.1187247724898157e+03</pointB>
<pointV>
  9.6724420166015625e+02 5.8802954101562500e+02</pointV>
<cameraLocation>
  1.4858930664062500e+03 -5.2528525390625000e+03 1.4244222412109375e+03</cameraLocation>
<extrinsicMatrix type_id="opencv-matrix">
  <rows>4</rows>
  <cols>4</cols>
  <dt>d</dt>
  <data>
    9.9997537031148687e-01 6.2366213261270814e-03 3.2192118350775336e-03
    -1.4576819739478253e+03 3.3116989639295565e-03
    -1.4876558605987340e-02 -9.9988385358201226e-01
    1.3411916407644981e+03 -6.1880061713700859e-03
    9.9986988781464814e-01 -1.4896846013366884e-02
    5.2825833609603997e+03 0. 0. 0. 1.</data></extrinsicMatrix>
 <!-- resumed -->

<yaw_z>3.5454889540270823e-01</yaw_z>
<pitch_x>9.0853574319957829e+01</pitch_x>
<roll_z>1.8975035344187341e-01</roll_z>
</opencv_storage>
