<?xml version="1.0"?>
<opencv_storage>
<camera_name>RL</camera_name>
<calibration_time>"2022-08-12 11:56:29"</calibration_time>
<undistort>1</undistort>
<rotationMatrix type_id="opencv-matrix">
  <rows>3</rows>
  <cols>3</cols>
  <dt>d</dt>
  <data>
    7.2497130293772583e-01 6.8870507179725304e-01
    -1.0096236799756242e-02 -1.7813555990632057e-02
    4.0943022771413318e-03 -9.9983294300189562e-01
    -6.8854868175005957e-01 7.2503004128767234e-01
    1.5236538013972678e-02</data></rotationMatrix>
<offsetMatrix type_id="opencv-matrix">
  <rows>3</rows>
  <cols>1</cols>
  <dt>d</dt>
  <data>
    7.3799903852671114e+03 1.2761974056096863e+03 5.8589305874595175e+03</data></offsetMatrix>
<deltaXY>
  0. 0.</deltaXY>
<headLocation>
  0. 0.</headLocation>
<pointA>
  0. 0.</pointA>
<pointB>
  0. 0.</pointB>
<pointV>
  0. 0.</pointV>
<cameraLocation>
  -1.2933886718750000e+03 -9.3357626953125000e+03 1.2612244873046875e+03</cameraLocation>
<extrinsicMatrix type_id="opencv-matrix">
  <rows>4</rows>
  <cols>4</cols>
  <dt>d</dt>
  <data>
    7.2497130293772583e-01 6.8870507179725304e-01
    -1.0096236799756242e-02 7.3799903852671114e+03
    -1.7813555990632057e-02 4.0943022771413318e-03
    -9.9983294300189562e-01 1.2761974056096863e+03
    -6.8854868175005957e-01 7.2503004128767234e-01
    1.5236538013972678e-02 5.8589305874595175e+03 0. 0. 0. 1.</data></extrinsicMatrix>
 <!-- resumed -->

<bsd_deltaXY>
  -3150. -6610.</bsd_deltaXY>
<yaw>4.3515334714481703e+01</yaw>
<pitch>8.8796103894225766e+01</pitch>
<roll>-1.4075539836387971e+00</roll>
<avg_reprojection_error>3.5855993628501892e-01</avg_reprojection_error>
</opencv_storage>
