<?xml version="1.0"?>
<opencv_storage>
<camera_name>RL</camera_name>
<camera_model>FISHEYE</camera_model>
<calibration_time>"2022-08-12 11:16:50"</calibration_time>
<camIntrinsicMat type_id="opencv-matrix">
  <rows>3</rows>
  <cols>3</cols>
  <dt>d</dt>
  <data>
    1.1494675752909634e+03 0. 9.8495436345363169e+02 0.
    1.1507594904221974e+03 5.9737737054122931e+02 0. 0. 1.</data></camIntrinsicMat>
<distortion_coefficients type_id="opencv-matrix">
  <rows>4</rows>
  <cols>1</cols>
  <dt>d</dt>
  <data>
    -1.4808185630306288e-02 -9.1269418449234502e-02
    1.5555222727381190e-01 -1.1166777941092844e-01</data></distortion_coefficients>
<camIntriMatrix type_id="opencv-matrix">
  <rows>3</rows>
  <cols>4</cols>
  <dt>d</dt>
  <data>
    1.1494675752909634e+03 0. 9.8495436345363169e+02 0. 0.
    1.1507594904221974e+03 5.9737737054122931e+02 0. 0. 0. 1. 0.</data></camIntriMatrix>
<avg_reprojection_error>3.1953707139004833e-01</avg_reprojection_error>
</opencv_storage>
