<?xml version="1.0"?>
<opencv_storage>
<camera_name>FL</camera_name>
<camera_model>FISHEYE</camera_model>
<calibration_time>"2022-12-25 16:57:44"</calibration_time>
<camIntrinsicMat type_id="opencv-matrix">
  <rows>3</rows>
  <cols>3</cols>
  <dt>d</dt>
  <data>
    1152.5776374020152 0. 968.6163106741725 0.
    1151.7457662534664 605.84080250488728 0. 0. 1.</data></camIntrinsicMat>
<distortion_coefficients type_id="opencv-matrix">
  <rows>4</rows>
  <cols>1</cols>
  <dt>d</dt>
  <data>
    -0.028515612704278239 -0.03046599346992734
    -0.0081725087023883456 0.020034786437102586</data></distortion_coefficients>
<camIntriMatrix type_id="opencv-matrix">
  <rows>3</rows>
  <cols>4</cols>
  <dt>d</dt>
  <data>
    1152.5776374020152 0. 968.6163106741725 0. 0.
   1151.7457662534664 605.84080250488728 0. 0. 0. 1. 0.</data></camIntriMatrix>
<avg_reprojection_error>2.0303409447647475e-01</avg_reprojection_error>
</opencv_storage>
