<?xml version="1.0"?>
<opencv_storage>
<camera_name>FL</camera_name>
<calibration_time>"2022-12-25 15:24:27"</calibration_time>
<undistort>1</undistort>
<rotationMatrix type_id="opencv-matrix">
  <rows>3</rows>
  <cols>3</cols>
  <dt>d</dt>
  <data>
    -7.0311117676420865e-01 7.0942533401023056e-01
    4.8480599972796912e-02 -1.5847794053295783e-02
    5.2528166123114728e-02 -9.9849368510140646e-01
    -7.1090331306929078e-01 -7.0282038048723028e-01
    -2.5690314106504242e-02</data></rotationMatrix>
<offsetMatrix type_id="opencv-matrix">
  <rows>3</rows>
  <cols>1</cols>
  <dt>d</dt>
  <data>
    2.6245454257241199e+03 1.5140214183020678e+03
    -4.4874531091326207e+03</data></offsetMatrix>
<deltaXY>
  0. 0.</deltaXY>
<headLocation>
  0. 0.</headLocation>
<pointA>
  0. 0.</pointA>
<pointB>
  0. 0.</pointB>
<pointV>
  0. 0.</pointV>
<cameraLocation>
  -1.3208041992187500e+03 -5.0953212890625000e+03 1.2692171630859375e+03</cameraLocation>
<extrinsicMatrix type_id="opencv-matrix">
  <rows>4</rows>
  <cols>4</cols>
  <dt>d</dt>
  <data>
    -7.0311117676420865e-01 7.0942533401023056e-01
    4.8480599972796912e-02 2.6245454257241199e+03
    -1.5847794053295783e-02 5.2528166123114728e-02
    -9.9849368510140646e-01 1.5140214183020678e+03
    -7.1090331306929078e-01 -7.0282038048723028e-01
    -2.5690314106504242e-02 -4.4874531091326207e+03 0. 0. 0. 1.</data></extrinsicMatrix>
 <!-- resumed -->

<bsd_deltaXY>
  -3120. -8530.</bsd_deltaXY>
<yaw>4.5308459281100973e+01</yaw>
<pitch>-9.2093410444224546e+01</pitch>
<roll>-1.7870879880042560e+02</roll>
<avg_reprojection_error>4.1765746474266052e-01</avg_reprojection_error>
</opencv_storage>
