<?xml version="1.0"?>
<opencv_storage>
<camera_name>RL</camera_name>
<calibration_time>"2022-09-22 13:43:40"</calibration_time>
<undistort>1</undistort>
<rotationMatrix type_id="opencv-matrix">
  <rows>3</rows>
  <cols>3</cols>
  <dt>d</dt>
  <data>
    7.2366786827457963e-01 6.8994630773801346e-01
    -1.6700564829000952e-02 -3.5210556656521008e-02
    1.2742870164944756e-02 -9.9929867204950140e-01
    -6.8924961597875645e-01 7.2374837595578856e-01
    3.3514999246532104e-02</data></rotationMatrix>
<offsetMatrix type_id="opencv-matrix">
  <rows>3</rows>
  <cols>1</cols>
  <dt>d</dt>
  <data>
    7.5109034471929190e+03 1.3316605449061879e+03 5.9148534250649318e+03</data></offsetMatrix>
<deltaXY>
  0. 0.</deltaXY>
<headLocation>
  0. 0.</headLocation>
<pointA>
  0. 0.</pointA>
<pointB>
  0. 0.</pointB>
<pointV>
  0. 0.</pointV>
<cameraLocation>
  -1.3117005615234375e+03 -9.4799550781250000e+03 1.2579266357421875e+03</cameraLocation>
<extrinsicMatrix type_id="opencv-matrix">
  <rows>4</rows>
  <cols>4</cols>
  <dt>d</dt>
  <data>
    7.2366786827457963e-01 6.8994630773801346e-01
    -1.6700564829000952e-02 7.5109034471929190e+03
    -3.5210556656521008e-02 1.2742870164944756e-02
    -9.9929867204950140e-01 1.3316605449061879e+03
    -6.8924961597875645e-01 7.2374837595578856e-01
    3.3514999246532104e-02 5.9148534250649318e+03 0. 0. 0. 1.</data></extrinsicMatrix>
 <!-- resumed -->

<bsd_deltaXY>
  -3160. -6650.</bsd_deltaXY>
<yaw>4.3570738678231407e+01</yaw>
<pitch>8.7348668080154823e+01</pitch>
<roll>-2.7855686875532166e+00</roll>
<avg_reprojection_error>5.4627605438232422e+01</avg_reprojection_error>
</opencv_storage>
