<?xml version="1.0"?>
<opencv_storage>
<camera_name>RL</camera_name>
<camera_model>FISHEYE</camera_model>
<calibration_time>"2022-09-22 10:25:12"</calibration_time>
<camIntrinsicMat type_id="opencv-matrix">
  <rows>3</rows>
  <cols>3</cols>
  <dt>d</dt>
  <data>
    1.1448476795163276e+03 0. 9.7439452999039668e+02 0.
    1.1447741979100749e+03 5.9248247382338354e+02 0. 0. 1.</data></camIntrinsicMat>
<distortion_coefficients type_id="opencv-matrix">
  <rows>4</rows>
  <cols>1</cols>
  <dt>d</dt>
  <data>
    -9.9588474472773365e-03 -1.1123959461508549e-01
    1.6797431620086728e-01 -9.9071134183934956e-02</data></distortion_coefficients>
<camIntriMatrix type_id="opencv-matrix">
  <rows>3</rows>
  <cols>4</cols>
  <dt>d</dt>
  <data>
    1.1448476795163276e+03 0. 9.7439452999039668e+02 0. 0.
    1.1447741979100749e+03 5.9248247382338354e+02 0. 0. 0. 1. 0.</data></camIntriMatrix>
<avg_reprojection_error>2.7888296658086081e-01</avg_reprojection_error>
</opencv_storage>
