<?xml version="1.0"?>
<opencv_storage>
<camera_name>FL</camera_name>
<calibration_time>"2022-07-14 23:46:26"</calibration_time>
<undistort>1</undistort>
<rotationMatrix type_id="opencv-matrix">
  <rows>3</rows>
  <cols>3</cols>
  <dt>d</dt>
  <data>
    -6.9671942342658388e-01 7.1674229897636155e-01
    2.9368722788171153e-02 -2.0805405723531956e-02
    2.0733422617928210e-02 -9.9956853705947835e-01
    -7.1704196537776488e-01 -6.9702984300862358e-01
    4.6673607739777800e-04</data></rotationMatrix>
<offsetMatrix type_id="opencv-matrix">
  <rows>3</rows>
  <cols>1</cols>
  <dt>d</dt>
  <data>
    2.6972313329333506e+03 1.3677897011745717e+03
    -4.4852337296585310e+03</data></offsetMatrix>
<deltaXY>
  0. 0.</deltaXY>
<headLocation>
  0. 0.</headLocation>
<pointA>
  0. 0.</pointA>
<pointB>
  0. 0.</pointB>
<pointV>
  0. 0.</pointV>
<cameraLocation>
  -1.3084299316406250e+03 -5.0879204101562500e+03 1.2900787353515625e+03</cameraLocation>
<extrinsicMatrix type_id="opencv-matrix">
  <rows>4</rows>
  <cols>4</cols>
  <dt>d</dt>
  <data>
    -6.9671942342658388e-01 7.1674229897636155e-01
    2.9368722788171153e-02 2.6972313329333506e+03
    -2.0805405723531956e-02 2.0733422617928210e-02
    -9.9956853705947835e-01 1.3677897011745717e+03
    -7.1704196537776488e-01 -6.9702984300862358e-01
    4.6673607739777800e-04 -4.4852337296585310e+03 0. 0. 0. 1.</data></extrinsicMatrix>
 <!-- resumed -->

<bsd_deltaXY>
  -2690. -8730.</bsd_deltaXY>
<yaw>4.5810796190620167e+01</yaw>
<pitch>-8.9961634349443131e+01</pitch>
<roll>-1.7828954417895838e+02</roll>
<avg_reprojection_error>3.2494011521339417e-01</avg_reprojection_error>
</opencv_storage>
