<?xml version="1.0"?>
<opencv_storage>
<camera_name>FC120</camera_name>
<calibration_time>"2022-12-09 15:09:34"</calibration_time>
<undistort>1</undistort>
<rotationMatrix type_id="opencv-matrix">
  <rows>3</rows>
  <cols>3</cols>
  <dt>d</dt>
  <data>
    9.9962001439151371e-01 -6.8149661818260893e-03
    2.6709231809439297e-02 2.6676654856590539e-02
    -4.8271669464137077e-03 -9.9963245972954162e-01
    6.9413913282670827e-03 9.9996512673953386e-01
    -4.6435321917523984e-03</data></rotationMatrix>
<offsetMatrix type_id="opencv-matrix">
  <rows>3</rows>
  <cols>1</cols>
  <dt>d</dt>
  <data>
    -1.8326693987930187e+03 1.3790691905122399e+03
    3.2084364406755440e+03</data></offsetMatrix>
<deltaXY>
  1840. -3150.</deltaXY>
<headLocation>
  1840. -3150.</headLocation>
<pointA>
  4.1007570871869257e+02 1.0323818183648382e+03</pointA>
<pointB>
  1.5145764180115252e+03 1.0584145083636795e+03</pointB>
<pointV>
  9.6188427734375000e+02 6.0811456298828125e+02</pointV>
<cameraLocation>
  1.7729130859375000e+03 -3.2141572265625000e+03 1.4424100341796875e+03</cameraLocation>
<extrinsicMatrix type_id="opencv-matrix">
  <rows>4</rows>
  <cols>4</cols>
  <dt>d</dt>
  <data>
    9.9962001439151371e-01 -6.8149661818260893e-03
    2.6709231809439297e-02 -1.8326693987930187e+03
    2.6676654856590539e-02 -4.8271669464137077e-03
    -9.9963245972954162e-01 1.3790691905122399e+03
    6.9413913282670827e-03 9.9996512673953386e-01
    -4.6435321917523984e-03 3.2084364406755440e+03 0. 0. 0. 1.</data></extrinsicMatrix>
 <!-- resumed -->

<yaw_z>3.9047636532092833e-01</yaw_z>
<pitch_x>9.0276577354539498e+01</pitch_x>
<roll_z>0.</roll_z>
</opencv_storage>
