<?xml version="1.0"?>
<opencv_storage>
<camera_name>FC120</camera_name>
<camera_model>FISHEYE</camera_model>
<calibration_time>"2022-12-09 14:42:35"</calibration_time>
<camIntrinsicMat type_id="opencv-matrix">
  <rows>3</rows>
  <cols>3</cols>
  <dt>d</dt>
  <data>
    9.7771125573879021e+02 0. 9.6854757885824984e+02 0.
    9.7610505921069978e+02 6.1282654938865937e+02 0. 0. 1.</data></camIntrinsicMat>
<distortion_coefficients type_id="opencv-matrix">
  <rows>4</rows>
  <cols>1</cols>
  <dt>d</dt>
  <data>
    -4.8935735074590946e-02 1.5156235412849386e-01
    -7.7447728784918468e-01 1.2020222356755292e+00</data></distortion_coefficients>
<camIntriMatrix type_id="opencv-matrix">
  <rows>3</rows>
  <cols>4</cols>
  <dt>d</dt>
  <data>
    9.7771125573879021e+02 0. 9.6854757885824984e+02 0. 0.
    9.7610505921069978e+02 6.1282654938865937e+02 0. 0. 0. 1. 0.</data></camIntriMatrix>
<avg_reprojection_error>1.3676379925738139e-01</avg_reprojection_error>
</opencv_storage>
