<?xml version="1.0"?>
<opencv_storage>
<camera_name>FC120</camera_name>
<calibration_time>"2022-12-21 10:07:30"</calibration_time>
<undistort>1</undistort>
<rotationMatrix type_id="opencv-matrix">
  <rows>3</rows>
  <cols>3</cols>
  <dt>d</dt>
  <data>
    9.9993079535264695e-01 -9.8924098757378967e-03
    -6.3674745600900617e-03 -6.2706308727878005e-03
    9.7900610067281225e-03 -9.9993241466308191e-01
    9.9540792582855850e-03 9.9990314277550651e-01 9.7273518382355127e-03</data></rotationMatrix>
<offsetMatrix type_id="opencv-matrix">
  <rows>3</rows>
  <cols>1</cols>
  <dt>d</dt>
  <data>
    -1.7979705798054654e+03 1.5018955111013677e+03
    3.3144066324927389e+03</data></offsetMatrix>
<deltaXY>
  1825. -3260.</deltaXY>
<headLocation>
  1825. -3260.</headLocation>
<pointA>
  4.4317834624399279e+02 1.0437433810377202e+03</pointA>
<pointB>
  1.5036179139925653e+03 1.0323713610116688e+03</pointB>
<pointV>
  9.6170178222656250e+02 6.1210064697265625e+02</pointV>
<cameraLocation>
  1.7742720947265625e+03 -3.3465754394531250e+03 1.4581051025390625e+03</cameraLocation>
<extrinsicMatrix type_id="opencv-matrix">
  <rows>4</rows>
  <cols>4</cols>
  <dt>d</dt>
  <data>
    9.9993079535264695e-01 -9.8924098757378967e-03
    -6.3674745600900617e-03 -1.7979705798054654e+03
    -6.2706308727878005e-03 9.7900610067281225e-03
    -9.9993241466308191e-01 1.5018955111013677e+03
    9.9540792582855850e-03 9.9990314277550651e-01 9.7273518382355127e-03
    3.3144066324927389e+03 0. 0. 0. 1.</data></extrinsicMatrix>
 <!-- resumed -->

<yaw_z>5.6682976861739487e-01</yaw_z>
<pitch_x>8.9439059558512525e+01</pitch_x>
<roll_z>0.</roll_z>
</opencv_storage>
