<?xml version="1.0"?>
<opencv_storage>
<camera_name>FC120</camera_name>
<camera_model>FISHEYE</camera_model>
<calibration_time>"2022-02-23 11:48:18"</calibration_time>
<camIntrinsicMat type_id="opencv-matrix">
  <rows>3</rows>
  <cols>3</cols>
  <dt>d</dt>
  <data>
    9.8040834152638217e+02 0. 9.6319601752885728e+02 0.
    9.7973405150655958e+02 6.1768856335108592e+02 0. 0. 1.</data></camIntrinsicMat>
<distortion_coefficients type_id="opencv-matrix">
  <rows>4</rows>
  <cols>1</cols>
  <dt>d</dt>
  <data>
    -3.5366591265557482e-02 -7.6525671696210176e-03
    -9.1742935556124242e-03 6.9954179721385913e-03</data></distortion_coefficients>
<camIntriMatrix type_id="opencv-matrix">
  <rows>3</rows>
  <cols>4</cols>
  <dt>d</dt>
  <data>
    9.8040834152638217e+02 0. 9.6319601752885728e+02 0. 0.
    9.7973405150655958e+02 6.1768856335108592e+02 0. 0. 0. 1. 0.</data></camIntriMatrix>
<avg_reprojection_error>2.8272642719808977e-01</avg_reprojection_error>
</opencv_storage>
