<?xml version="1.0"?>
<opencv_storage>
<camera_name>FC120</camera_name>
<calibration_time>"2022-12-01 09:21:55"</calibration_time>
<undistort>1</undistort>
<rotationMatrix type_id="opencv-matrix">
  <rows>3</rows>
  <cols>3</cols>
  <dt>d</dt>
  <data>
    9.9975179738680542e-01 -2.0352761021238175e-02
    -9.0613873476660580e-03 -9.1959070182099905e-03
    -6.5255671203976566e-03 -9.9993642411298800e-01
    2.0292336385061990e-02 9.9977156495499986e-01
    -6.7111095555009515e-03</data></rotationMatrix>
<offsetMatrix type_id="opencv-matrix">
  <rows>3</rows>
  <cols>1</cols>
  <dt>d</dt>
  <data>
    -1.7986159103354287e+03 1.4224531928464041e+03
    3.2017336879504605e+03</data></offsetMatrix>
<deltaXY>
  1810. -3160.</deltaXY>
<headLocation>
  1810. -3160.</headLocation>
<pointA>
  4.2331973335936789e+02 1.0224557633035698e+03</pointA>
<pointB>
  1.5245178874250332e+03 1.0026461531410296e+03</pointB>
<pointV>
  9.5391253662109375e+02 5.8117919921875000e+02</pointV>
<cameraLocation>
  1.7462795410156250e+03 -3.2283269042968750e+03 1.4275520019531250e+03</cameraLocation>
<extrinsicMatrix type_id="opencv-matrix">
  <rows>4</rows>
  <cols>4</cols>
  <dt>d</dt>
  <data>
    9.9975179738680542e-01 -2.0352761021238175e-02
    -9.0613873476660580e-03 -1.7986159103354287e+03
    -9.1959070182099905e-03 -6.5255671203976566e-03
    -9.9993642411298800e-01 1.4224531928464041e+03
    2.0292336385061990e-02 9.9977156495499986e-01
    -6.7111095555009515e-03 3.2017336879504605e+03 0. 0. 0. 1.</data></extrinsicMatrix>
 <!-- resumed -->

<yaw_z>1.1662327093865805e+00</yaw_z>
<pitch_x>9.0373887059644659e+01</pitch_x>
<roll_z>0.</roll_z>
</opencv_storage>
