<?xml version="1.0"?>
<opencv_storage>
<camera_name>RR</camera_name>
<calibration_time>"2022-02-25 12:47:08"</calibration_time>
<undistort>1</undistort>
<rotationMatrix type_id="opencv-matrix">
  <rows>3</rows>
  <cols>3</cols>
  <dt>d</dt>
  <data>
    6.9690533489675610e-01 -7.1525960771086949e-01
    5.2217312930996018e-02 4.9421452074317085e-02
    -2.4739868121448710e-02 -9.9847156143788074e-01
    7.1545822678008708e-01 6.9842081333722206e-01 1.8107822344697794e-02</data></rotationMatrix>
<offsetMatrix type_id="opencv-matrix">
  <rows>3</rows>
  <cols>1</cols>
  <dt>d</dt>
  <data>
    -7.7432908363357055e+03 9.9512916802831865e+02
    5.7191077859216384e+03</data></offsetMatrix>
<deltaXY>
  0. 0.</deltaXY>
<headLocation>
  0. 0.</headLocation>
<pointA>
  0. 0.</pointA>
<pointB>
  0. 0.</pointB>
<pointV>
  0. 0.</pointV>
<cameraLocation>
  1.2553771972656250e+03 -9.5081875000000000e+03 1.2943814697265625e+03</cameraLocation>
<extrinsicMatrix type_id="opencv-matrix">
  <rows>4</rows>
  <cols>4</cols>
  <dt>d</dt>
  <data>
    6.9690533489675610e-01 -7.1525960771086949e-01
    5.2217312930996018e-02 -7.7432908363357055e+03
    4.9421452074317085e-02 -2.4739868121448710e-02
    -9.9847156143788074e-01 9.9512916802831865e+02
    7.1545822678008708e-01 6.9842081333722206e-01 1.8107822344697794e-02
    5.7191077859216384e+03 0. 0. 0. 1.</data></extrinsicMatrix>
 <!-- resumed -->

<bsd_deltaXY>
  2370. -6610.</bsd_deltaXY>
<yaw>-4.5680766201530524e+01</yaw>
<pitch>8.8514836039995373e+01</pitch>
<roll>4.0563731663093190e+00</roll>
<avg_reprojection_error>5.2062636613845825e-01</avg_reprojection_error>
</opencv_storage>
