<?xml version="1.0"?>
<opencv_storage>
<camera_name>RR</camera_name>
<camera_model>FISHEYE</camera_model>
<calibration_time>"2022-02-23 11:52:58"</calibration_time>
<camIntrinsicMat type_id="opencv-matrix">
  <rows>3</rows>
  <cols>3</cols>
  <dt>d</dt>
  <data>
    1.1510731090727675e+03 0. 9.6164132625753018e+02 0.
    1.1516289926860381e+03 6.0599520822974796e+02 0. 0. 1.</data></camIntrinsicMat>
<distortion_coefficients type_id="opencv-matrix">
  <rows>4</rows>
  <cols>1</cols>
  <dt>d</dt>
  <data>
    -3.6729559975412225e-02 -6.5699088528436561e-03
    -3.8629011947725720e-03 6.6662615426029694e-04</data></distortion_coefficients>
<camIntriMatrix type_id="opencv-matrix">
  <rows>3</rows>
  <cols>4</cols>
  <dt>d</dt>
  <data>
    1.1510731090727675e+03 0. 9.6164132625753018e+02 0. 0.
    1.1516289926860381e+03 6.0599520822974796e+02 0. 0. 0. 1. 0.</data></camIntriMatrix>
<avg_reprojection_error>3.1521598823406488e-01</avg_reprojection_error>
</opencv_storage>
