<?xml version="1.0"?>
<opencv_storage>
<camera_name>RR</camera_name>
<camera_model>FISHEYE</camera_model>
<calibration_time>"2022-06-22 23:17:19"</calibration_time>
<camIntrinsicMat type_id="opencv-matrix">
  <rows>3</rows>
  <cols>3</cols>
  <dt>d</dt>
  <data>
    1.1586219238317196e+03 0. 9.6728651326171655e+02 0.
    1.1584628045431696e+03 6.0472510131470244e+02 0. 0. 1.</data></camIntrinsicMat>
<distortion_coefficients type_id="opencv-matrix">
  <rows>4</rows>
  <cols>1</cols>
  <dt>d</dt>
  <data>
    -3.1251661148735961e-02 -2.5901876633015138e-02
    2.2665958785908977e-02 -1.3852043374707513e-02</data></distortion_coefficients>
<camIntriMatrix type_id="opencv-matrix">
  <rows>3</rows>
  <cols>4</cols>
  <dt>d</dt>
  <data>
    1.1586219238317196e+03 0. 9.6728651326171655e+02 0. 0.
    1.1584628045431696e+03 6.0472510131470244e+02 0. 0. 0. 1. 0.</data></camIntriMatrix>
<avg_reprojection_error>4.3323061108772121e-01</avg_reprojection_error>
</opencv_storage>
