<?xml version="1.0"?>
<opencv_storage>
<camera_name>cam_bcb</camera_name>
<camera_model>FISHEYE</camera_model>
<calibration_time>""</calibration_time>
<camIntrinsicMat type_id="opencv-matrix">
  <rows>3</rows>
  <cols>3</cols>
  <dt>d</dt>
  <data>
    9.8228924560546875e+02 0. 9.7268811035156250e+02 0.
    9.8054437255859375e+02 5.9262030029296875e+02 0. 0. 1.</data></camIntrinsicMat>
<distortion_coefficients type_id="opencv-matrix">
  <rows>4</rows>
  <cols>1</cols>
  <dt>d</dt>
  <data>
    -4.4857706874608994e-02 8.5954647511243820e-03
    -3.7909723818302155e-02 2.3801049217581749e-02</data></distortion_coefficients>
<camIntriMatrix type_id="opencv-matrix">
  <rows>3</rows>
  <cols>4</cols>
  <dt>d</dt>
  <data>
    9.8228924560546875e+02 0. 9.7268811035156250e+02 0. 0.
    9.8054437255859375e+02 5.9262030029296875e+02 0. 0. 0. 1. 0.</data></camIntriMatrix>
<avg_reprojection_error>0</avg_reprojection_error>
</opencv_storage>
