<?xml version="1.0"?>
<opencv_storage>
<camera_name>cam_bcb</camera_name>
<calibration_time>""</calibration_time>
<undistort>1</undistort>
<rotationMatrix type_id="opencv-matrix">
  <rows>3</rows>
  <cols>3</cols>
  <dt>d</dt>
  <data>
    9.9972551717865987e-01 -2.1770536969259933e-02
    8.6564439541343616e-03 8.2890571620330596e-03
    -1.6909409008125757e-02 -9.9982266598550384e-01
    2.1913051663917812e-02 9.9961998559806009e-01
    -1.6724310440447660e-02</data></rotationMatrix>
<offsetMatrix type_id="opencv-matrix">
  <rows>3</rows>
  <cols>1</cols>
  <dt>d</dt>
  <data>
    -1.8813827903523675e+03 1.3277593264020227e+03
    5.1650797476819707e+03</data></offsetMatrix>
<deltaXY>
  1820. -5225.</deltaXY>
<headLocation>
  1820. -5225.</headLocation>
<pointV>
  9.5129501633177267e+02 5.7603357125084233e+02</pointV>
<extrinsicMatrix type_id="opencv-matrix">
  <rows>4</rows>
  <cols>4</cols>
  <dt>d</dt>
  <data>
    9.9972551717865987e-01 -2.1770536969259933e-02
    8.6564439541343616e-03 -1.8813827903523675e+03
    8.2890571620330596e-03 -1.6909409008125757e-02
    -9.9982266598550384e-01 1.3277593264020227e+03
    2.1913051663917812e-02 9.9961998559806009e-01
    -1.6724310440447660e-02 5.1650797476819707e+03 0. 0. 0. 1.</data></extrinsicMatrix>
</opencv_storage>
