<?xml version="1.0"?>
<opencv_storage>
<camera_name>FC60</camera_name>
<camera_model>PINHOLE</camera_model>
<calibration_time>"2022-03-24 19:44:54"</calibration_time>
<camIntrinsicMat type_id="opencv-matrix">
  <rows>3</rows>
  <cols>3</cols>
  <dt>d</dt>
  <data>
    1.9516287318352374e+03 0. 9.4209827703570716e+02 0.
    1.9546436284733195e+03 5.9695207019401573e+02 0. 0. 1.</data></camIntrinsicMat>
<distortion_coefficients type_id="opencv-matrix">
  <rows>1</rows>
  <cols>5</cols>
  <dt>d</dt>
  <data>
    -5.0620341134946412e-01 3.1079441808418690e-01
    5.5210657125721375e-04 -4.0345624222161875e-04
    -1.5905840368237026e-01</data></distortion_coefficients>
<camIntriMatrix type_id="opencv-matrix">
  <rows>3</rows>
  <cols>4</cols>
  <dt>d</dt>
  <data>
    1.9516287318352374e+03 0. 9.4209827703570716e+02 0. 0.
    1.9546436284733195e+03 5.9695207019401573e+02 0. 0. 0. 1. 0.</data></camIntriMatrix>
<avg_reprojection_error>2.4173594056125067e-01</avg_reprojection_error>
</opencv_storage>
