<?xml version="1.0"?>
<opencv_storage>
<camera_name>FC60</camera_name>
<calibration_time>"2022-03-24 19:46:54"</calibration_time>
<undistort>1</undistort>
<rotationMatrix type_id="opencv-matrix">
  <rows>3</rows>
  <cols>3</cols>
  <dt>d</dt>
  <data>
    9.9997250544030492e-01 6.3392236459680826e-03 3.8474156268480525e-03
    3.8461428044275396e-03 2.1296393581038956e-04
    -9.9999258088842335e-01 -6.3399959753351366e-03
    9.9997988424264250e-01 1.8857652104914646e-04</data></rotationMatrix>
<offsetMatrix type_id="opencv-matrix">
  <rows>3</rows>
  <cols>1</cols>
  <dt>d</dt>
  <data>
    -1.8265066122649200e+03 1.4336553414265995e+03
    5.4438608197915873e+03</data></offsetMatrix>
<deltaXY>
  1815. -5360.</deltaXY>
<headLocation>
  1815. -5360.</headLocation>
<pointA>
  2.8729410378725674e+02 1.1117127099881695e+03</pointA>
<pointB>
  1.5949689652828824e+03 1.1189523215240556e+03</pointB>
<pointV>
  9.5447033691406250e+02 5.9736834716796875e+02</pointV>
<cameraLocation>
  1.8554564208984375e+03 -5.4324780273437500e+03 1.4396455078125000e+03</cameraLocation>
<extrinsicMatrix type_id="opencv-matrix">
  <rows>4</rows>
  <cols>4</cols>
  <dt>d</dt>
  <data>
    9.9997250544030492e-01 6.3392236459680826e-03 3.8474156268480525e-03
    -1.8265066122649200e+03 3.8461428044275396e-03
    2.1296393581038956e-04 -9.9999258088842335e-01
    1.4336553414265995e+03 -6.3399959753351366e-03
    9.9997988424264250e-01 1.8857652104914646e-04 5.4438608197915873e+03
    0. 0. 0. 1.</data></extrinsicMatrix>
 <!-- resumed -->

<yaw_z>-3.6321321168157289e-01</yaw_z>
<pitch_x>8.9987796956431353e+01</pitch_x>
<roll_z>0.</roll_z>
</opencv_storage>
