<?xml version="1.0"?>
<opencv_storage>
<camera_name>RC</camera_name>
<camera_model>PINHOLE</camera_model>
<calibration_time>"2022-06-17 15:00:01"</calibration_time>
<camIntrinsicMat type_id="opencv-matrix">
  <rows>3</rows>
  <cols>3</cols>
  <dt>d</dt>
  <data>
    2.6525435640274513e+03 0. 1.4417224755929983e+03 0.
    2.6553543160244467e+03 8.8233810546561449e+02 0. 0. 1.</data></camIntrinsicMat>
<distortion_coefficients type_id="opencv-matrix">
  <rows>1</rows>
  <cols>5</cols>
  <dt>d</dt>
  <data>
    -3.4362420541558469e-01 -2.2209727299146398e-01
    4.8225169862074578e-04 2.8190113223439990e-04 5.1663590739796816e-01</data></distortion_coefficients>
<camIntriMatrix type_id="opencv-matrix">
  <rows>3</rows>
  <cols>4</cols>
  <dt>d</dt>
  <data>
    2.6525435640274513e+03 0. 1.4417224755929983e+03 0. 0.
    2.6553543160244467e+03 8.8233810546561449e+02 0. 0. 0. 1. 0.</data></camIntriMatrix>
<avg_reprojection_error>3.8543965467477109e-01</avg_reprojection_error>
</opencv_storage>
