<?xml version="1.0"?>
<opencv_storage>
<camera_name>FR</camera_name>
<calibration_time>"2022-08-06 16:04:22"</calibration_time>
<undistort>1</undistort>
<rotationMatrix type_id="opencv-matrix">
  <rows>3</rows>
  <cols>3</cols>
  <dt>d</dt>
  <data>
    -6.7009711197205601e-01 -7.4204231148379896e-01
    -1.8522108262574166e-02 -3.9625416743184205e-03
    2.8528981515558272e-02 -9.9958511167241992e-01
    7.4226286367444594e-01 -6.6974570187606686e-01
    -2.2057561704442175e-02</data></rotationMatrix>
<offsetMatrix type_id="opencv-matrix">
  <rows>3</rows>
  <cols>1</cols>
  <dt>d</dt>
  <data>
    -2.8014149268576807e+03 1.4297925718101133e+03
    -4.4179917878650285e+03</data></offsetMatrix>
<deltaXY>
  0. 0.</deltaXY>
<headLocation>
  0. 0.</headLocation>
<pointA>
  0. 0.</pointA>
<pointB>
  0. 0.</pointB>
<pointV>
  0. 0.</pointV>
<cameraLocation>
  1.4077568359375000e+03 -5.0784897460937500e+03 1.2798610839843750e+03</cameraLocation>
<extrinsicMatrix type_id="opencv-matrix">
  <rows>4</rows>
  <cols>4</cols>
  <dt>d</dt>
  <data>
    -6.7009711197205601e-01 -7.4204231148379896e-01
    -1.8522108262574166e-02 -2.8014149268576807e+03
    -3.9625416743184205e-03 2.8528981515558272e-02
    -9.9958511167241992e-01 1.4297925718101133e+03
    7.4226286367444594e-01 -6.6974570187606686e-01
    -2.2057561704442175e-02 -4.4179917878650285e+03 0. 0. 0. 1.</data></extrinsicMatrix>
 <!-- resumed -->

<bsd_deltaXY>
  2300. -8520.</bsd_deltaXY>
<yaw>-4.7924534110864677e+01</yaw>
<pitch>-9.1886310805799624e+01</pitch>
<roll>-1.7966119199182981e+02</roll>
<avg_reprojection_error>1.1058029937744141e+02</avg_reprojection_error>
</opencv_storage>
