<?xml version="1.0"?>
<opencv_storage>
<camera_name>FR</camera_name>
<camera_model>PINHOLE</camera_model>
<calibration_time>"2022-08-06 16:02:38"</calibration_time>
<camIntrinsicMat type_id="opencv-matrix">
  <rows>3</rows>
  <cols>3</cols>
  <dt>d</dt>
  <data>
    1.1498287828979517e+03 0. 9.5838546088738144e+02 0.
    1.1485277056437997e+03 6.0451031077365963e+02 0. 0. 1.</data></camIntrinsicMat>
<distortion_coefficients type_id="opencv-matrix">
  <rows>1</rows>
  <cols>5</cols>
  <dt>d</dt>
  <data>
    -3.6221717771639883e-01 1.8166107060020908e-01
    -5.5173072511112615e-04 2.8438672955271259e-04
    -5.4965099222547456e-02</data></distortion_coefficients>
<camIntriMatrix type_id="opencv-matrix">
  <rows>3</rows>
  <cols>4</cols>
  <dt>d</dt>
  <data>
    1.1498287828979517e+03 0. 9.5838546088738144e+02 0. 0.
    1.1485277056437997e+03 6.0451031077365963e+02 0. 0. 0. 1. 0.</data></camIntriMatrix>
<avg_reprojection_error>2.2218011796572631e-01</avg_reprojection_error>
</opencv_storage>
