<?xml version="1.0"?>
<opencv_storage>
<camera_name>FR</camera_name>
<calibration_time>"2023-01-07 13:27:41"</calibration_time>
<undistort>1</undistort>
<rotationMatrix type_id="opencv-matrix">
  <rows>3</rows>
  <cols>3</cols>
  <dt>d</dt>
  <data>
    -7.1334466977975208e-01 -7.0073605569470221e-01
    -1.0409723639344948e-02 3.7871022592450287e-02
    -2.3711873906358649e-02 -9.9900126760863062e-01
    6.9978937384374351e-01 -7.1302645623095917e-01
    4.3452329858148842e-02</data></rotationMatrix>
<offsetMatrix type_id="opencv-matrix">
  <rows>3</rows>
  <cols>1</cols>
  <dt>d</dt>
  <data>
    -2.5451836002237392e+03 1.0981778973071230e+03
    -4.5378131896837867e+03</data></offsetMatrix>
<deltaXY>
  0. 0.</deltaXY>
<headLocation>
  0. 0.</headLocation>
<pointA>
  0. 0.</pointA>
<pointB>
  0. 0.</pointB>
<pointV>
  0. 0.</pointV>
<cameraLocation>
  1.3183311767578125e+03 -4.9930429687500000e+03 1.2677650146484375e+03</cameraLocation>
<extrinsicMatrix type_id="opencv-matrix">
  <rows>4</rows>
  <cols>4</cols>
  <dt>d</dt>
  <data>
    -7.1334466977975208e-01 -7.0073605569470221e-01
    -1.0409723639344948e-02 -2.5451836002237392e+03
    3.7871022592450287e-02 -2.3711873906358649e-02
    -9.9900126760863062e-01 1.0981778973071230e+03
    6.9978937384374351e-01 -7.1302645623095917e-01
    4.3452329858148842e-02 -4.5378131896837867e+03 0. 0. 0. 1.</data></extrinsicMatrix>
 <!-- resumed -->

<bsd_deltaXY>
  2330. -8550.</bsd_deltaXY>
<yaw>-4.4410108944634224e+01</yaw>
<pitch>-8.6512667991273901e+01</pitch>
<roll>1.7696105580926013e+02</roll>
<avg_reprojection_error>2.4483089148998260e-01</avg_reprojection_error>
</opencv_storage>
