<?xml version="1.0"?>
<opencv_storage>
<camera_name>RR</camera_name>
<calibration_time>"2022-12-21 14:12:38"</calibration_time>
<undistort>1</undistort>
<rotationMatrix type_id="opencv-matrix">
  <rows>3</rows>
  <cols>3</cols>
  <dt>d</dt>
  <data>
    6.7168707475369405e-01 -7.4077157301018071e-01
    9.6927926238068451e-03 5.1741579416633710e-03
    -8.3924744552296149e-03 -9.9995139604988459e-01
    7.4081691510009429e-01 6.7170458014855072e-01
    -1.8042474993291979e-03</data></rotationMatrix>
<offsetMatrix type_id="opencv-matrix">
  <rows>3</rows>
  <cols>1</cols>
  <dt>d</dt>
  <data>
    -7.9453356261425843e+03 1.1874591020297389e+03
    5.4082069318805370e+03</data></offsetMatrix>
<deltaXY>
  0. 0.</deltaXY>
<headLocation>
  0. 0.</headLocation>
<pointA>
  0. 0.</pointA>
<pointB>
  0. 0.</pointB>
<pointV>
  0. 0.</pointV>
<cameraLocation>
  1.3241439208984375e+03 -9.5084306640625000e+03 1.2741716308593750e+03</cameraLocation>
<extrinsicMatrix type_id="opencv-matrix">
  <rows>4</rows>
  <cols>4</cols>
  <dt>d</dt>
  <data>
    6.7168707475369405e-01 -7.4077157301018071e-01
    9.6927926238068451e-03 -7.9453356261425843e+03
    5.1741579416633710e-03 -8.3924744552296149e-03
    -9.9995139604988459e-01 1.1874591020297389e+03
    7.4081691510009429e-01 6.7170458014855072e-01
    -1.8042474993291979e-03 5.4082069318805370e+03 0. 0. 0. 1.</data></extrinsicMatrix>
 <!-- resumed -->

<bsd_deltaXY>
  2335. -6705.</bsd_deltaXY>
<yaw>-4.7801051991744167e+01</yaw>
<pitch>9.0153900273046389e+01</pitch>
<roll>4.4135366012581062e-01</roll>
<avg_reprojection_error>3.1189835071563721e-01</avg_reprojection_error>
</opencv_storage>
