<?xml version="1.0"?>
<opencv_storage>
<camera_name>FL</camera_name>
<calibration_time>"2021-12-04 15:27:17"</calibration_time>
<undistort>1</undistort>
<rotationMatrix type_id="opencv-matrix">
  <rows>3</rows>
  <cols>3</cols>
  <dt>d</dt>
  <data>
    -7.0821730843231445e-01 7.0539683173052226e-01
    2.9043998027635853e-02 -2.0792276170814139e-02
    2.0281199899741753e-02 -9.9957808808630033e-01
    -7.0568826353321512e-01 -7.0852239394049366e-01
    3.0330893058561070e-04</data></rotationMatrix>
<offsetMatrix type_id="opencv-matrix">
  <rows>3</rows>
  <cols>1</cols>
  <dt>d</dt>
  <data>
    2.5558316273949958e+03 1.3751545340298323e+03
    -4.4151196227633936e+03</data></offsetMatrix>
<deltaXY>
  0. 0.</deltaXY>
<headLocation>
  0. 0.</headLocation>
<pointA>
  0. 0.</pointA>
<pointB>
  0. 0.</pointB>
<pointV>
  0. 0.</pointV>
<cameraLocation>
  -1.2770213623046875e+03 -4.9589765625000000e+03 1.3016818847656250e+03</cameraLocation>
<extrinsicMatrix type_id="opencv-matrix">
  <rows>4</rows>
  <cols>4</cols>
  <dt>d</dt>
  <data>
    -7.0821730843231445e-01 7.0539683173052226e-01
    2.9043998027635853e-02 2.5558316273949958e+03
    -2.0792276170814139e-02 2.0281199899741753e-02
    -9.9957808808630033e-01 1.3751545340298323e+03
    -7.0568826353321512e-01 -7.0852239394049366e-01
    3.0330893058561070e-04 -4.4151196227633936e+03 0. 0. 0. 1.</data></extrinsicMatrix>
 <!-- resumed -->

<bsd_deltaXY>
  -3445. -9100.</bsd_deltaXY>
<image_points type_id="opencv-matrix">
  <rows>56</rows>
  <cols>2</cols>
  <dt>f</dt>
  <data>
    6.17136780e+02 9.22945312e+02 5.74567627e+02 9.27408508e+02
    5.29760681e+02 9.33940247e+02 4.84027832e+02 9.38574280e+02
    4.37474548e+02 9.43953857e+02 3.89793457e+02 9.48298340e+02
    3.40405853e+02 9.52495667e+02 6.39978882e+02 9.33879700e+02
    5.96818176e+02 9.39726013e+02 5.50593323e+02 9.46690247e+02
    5.03029236e+02 9.51227234e+02 4.54992615e+02 9.57836853e+02
    4.04497589e+02 9.61376160e+02 3.54202881e+02 9.68363647e+02
    6.65209290e+02 9.47117249e+02 6.20707581e+02 9.53951599e+02
    5.73026550e+02 9.60581360e+02 5.23396912e+02 9.66891296e+02
    4.74179779e+02 9.73550110e+02 4.22254974e+02 9.79068237e+02
    3.69061401e+02 9.85602600e+02 6.92477112e+02 9.60826416e+02
    6.46538696e+02 9.67791199e+02 5.97663757e+02 9.75030090e+02
    5.46448425e+02 9.82084778e+02 4.95313080e+02 9.90548462e+02
    4.41341675e+02 9.97463501e+02 3.86001495e+02 1.00426123e+03
    7.21679932e+02 9.73822021e+02 6.74585144e+02 9.82978638e+02
    6.24490479e+02 9.92308472e+02 5.71482239e+02 1.00026495e+03
    5.18254272e+02 1.00855151e+03 4.61931732e+02 1.01618597e+03
    4.04334564e+02 1.02473547e+03 7.53822632e+02 9.89856812e+02
    7.05815674e+02 9.99397705e+02 6.54050293e+02 1.00959949e+03
    5.99430542e+02 1.01855481e+03 5.43754333e+02 1.02861914e+03
    4.85069427e+02 1.03697681e+03 4.24803986e+02 1.04662891e+03
    7.88722290e+02 1.00433197e+03 7.39434570e+02 1.01670300e+03
    6.86063293e+02 1.02838428e+03 6.29758911e+02 1.03907727e+03
    5.72216919e+02 1.05001440e+03 5.10986633e+02 1.06042029e+03
    4.47306824e+02 1.07002661e+03 8.26666931e+02 1.02242401e+03
    7.75800415e+02 1.03515674e+03 7.21404968e+02 1.04737793e+03
    6.63758301e+02 1.06062048e+03 6.03552185e+02 1.07313086e+03
    5.39890259e+02 1.08578772e+03 4.73669006e+02 1.09721155e+03</data></image_points>
</opencv_storage>
