<?xml version="1.0"?>
<opencv_storage>
<camera_name>FC120</camera_name>
<calibration_time>"2023-01-07 13:30:29"</calibration_time>
<undistort>1</undistort>
<rotationMatrix type_id="opencv-matrix">
  <rows>3</rows>
  <cols>3</cols>
  <dt>d</dt>
  <data>
    9.9982903508361898e-01 -1.7193725909419508e-02
    6.8026754377311718e-03 6.7372861145544114e-03
    -3.8581596294636040e-03 -9.9996986133587251e-01
    1.7219453521235425e-02 9.9984473314291422e-01
    -3.7416609686981820e-03</data></rotationMatrix>
<offsetMatrix type_id="opencv-matrix">
  <rows>3</rows>
  <cols>1</cols>
  <dt>d</dt>
  <data>
    -1.8570000635515717e+03 1.4191144197094977e+03
    3.4331479886853781e+03</data></offsetMatrix>
<deltaXY>
  1810. -3240.</deltaXY>
<headLocation>
  1810. -3240.</headLocation>
<pointA>
  4.3447801297599267e+02 1.0111974561732602e+03</pointA>
<pointB>
  1.4669850815650229e+03 1.0108078934916703e+03</pointB>
<pointV>
  9.5047863769531250e+02 5.9984167480468750e+02</pointV>
<cameraLocation>
  1.7880046386718750e+03 -3.4590686035156250e+03 1.4445499267578125e+03</cameraLocation>
<extrinsicMatrix type_id="opencv-matrix">
  <rows>4</rows>
  <cols>4</cols>
  <dt>d</dt>
  <data>
    9.9982903508361898e-01 -1.7193725909419508e-02
    6.8026754377311718e-03 -1.8570000635515717e+03
    6.7372861145544114e-03 -3.8581596294636040e-03
    -9.9996986133587251e-01 1.4191144197094977e+03
    1.7219453521235425e-02 9.9984473314291422e-01
    -3.7416609686981820e-03 3.4331479886853781e+03 0. 0. 0. 1.</data></extrinsicMatrix>
 <!-- resumed -->

<yaw_z>9.8518381783999465e-01</yaw_z>
<pitch_x>9.0221054746776460e+01</pitch_x>
<roll_z>0.</roll_z>
</opencv_storage>
