<?xml version="1.0"?>
<opencv_storage>
<camera_name>FC120</camera_name>
<camera_model>FISHEYE</camera_model>
<calibration_time>"2023-2-16 13:10:02"</calibration_time>
<camIntrinsicMat type_id="opencv-matrix">
  <rows>3</rows>
  <cols>3</cols>
  <dt>d</dt>
  <data>
     980.76848645011296 0. 976.50681243340216 0.
    980.17591446565905 600.59785704743149 0. 0. 1.</data></camIntrinsicMat>
<distortion_coefficients type_id="opencv-matrix">
  <rows>4</rows>
  <cols>1</cols>
  <dt>d</dt>
  <data>
   -0.029463276434490312 -0.029109775978793058
    0.018580402760492436 -0.0087427394175943196</data></distortion_coefficients>
<camIntriMatrix type_id="opencv-matrix">
  <rows>3</rows>
  <cols>4</cols>
  <dt>d</dt>
  <data>
     980.76848645011296 0. 976.50681243340216 0. 0.
    980.17591446565905 600.59785704743149 0. 0. 0. 1. 0.</data></camIntriMatrix>
<avg_reprojection_error>5.4697344214824939e-01</avg_reprojection_error>
</opencv_storage>
