<?xml version="1.0"?>
<opencv_storage>
<camera_name>RC</camera_name>
<camera_model>PINHOLE</camera_model>
<calibration_time>"2022-07-28 13:59:40"</calibration_time>
<camIntrinsicMat type_id="opencv-matrix">
  <rows>3</rows>
  <cols>3</cols>
  <dt>d</dt>
  <data>
    1.9248408323560066e+03 0. 9.2783303508000665e+02 0.
    1.9218502703893284e+03 6.5051546266648609e+02 0. 0. 1.</data></camIntrinsicMat>
<distortion_coefficients type_id="opencv-matrix">
  <rows>1</rows>
  <cols>5</cols>
  <dt>d</dt>
  <data>
    -4.9443444744991594e-01 2.8156988340774697e-01
    -8.2795309390917074e-03 4.6404168121789204e-04
    -1.4222580718513417e-01</data></distortion_coefficients>
<camIntriMatrix type_id="opencv-matrix">
  <rows>3</rows>
  <cols>4</cols>
  <dt>d</dt>
  <data>
    1.9248408323560066e+03 0. 9.2783303508000665e+02 0. 0.
    1.9218502703893284e+03 6.5051546266648609e+02 0. 0. 0. 1. 0.</data></camIntriMatrix>
<avg_reprojection_error>2.7003249292459536e-01</avg_reprojection_error>
</opencv_storage>
