<?xml version="1.0"?>
<opencv_storage>
<camera_name>RC</camera_name>
<calibration_time>"2022-07-28 15:00:10"</calibration_time>
<undistort>1</undistort>
<rotationMatrix type_id="opencv-matrix">
  <rows>3</rows>
  <cols>3</cols>
  <dt>d</dt>
  <data>
    9.9995344219471982e-01 -1.3458319844396472e-03
    -9.5552173811500139e-03 -9.5737181515659735e-03
    -1.4485897224576468e-02 -9.9984923998688602e-01
    1.2072131898501982e-03 9.9989416815874510e-01
    -1.4498107409092562e-02</data></rotationMatrix>
<offsetMatrix type_id="opencv-matrix">
  <rows>3</rows>
  <cols>1</cols>
  <dt>d</dt>
  <data>
    -1.7874363697266162e+03 1.3844375838494843e+03
    5.2939895662842337e+03</data></offsetMatrix>
<deltaXY>
  1740. -5275.</deltaXY>
<headLocation>
  1740. -5275.</headLocation>
<pointA>
  2.7793932701536608e+02 1.1531008402054467e+03</pointA>
<pointB>
  1.5971549648315799e+03 1.1400795362043912e+03</pointB>
<pointV>
  9.2524224853515625e+02 6.2267279052734375e+02</pointV>
<cameraLocation>
  1.7942164306640625e+03 -5.2757802734375000e+03 1.4439023437500000e+03</cameraLocation>
<extrinsicMatrix type_id="opencv-matrix">
  <rows>4</rows>
  <cols>4</cols>
  <dt>d</dt>
  <data>
    9.9995344219471982e-01 -1.3458319844396472e-03
    -9.5552173811500139e-03 -1.7874363697266162e+03
    -9.5737181515659735e-03 -1.4485897224576468e-02
    -9.9984923998688602e-01 1.3844375838494843e+03
    1.2072131898501982e-03 9.9989416815874510e-01
    -1.4498107409092562e-02 5.2939895662842337e+03 0. 0. 0. 1.</data></extrinsicMatrix>
 <!-- resumed -->

<yaw_z>7.7118605371662763e-02</yaw_z>
<pitch_x>9.0830007092418114e+01</pitch_x>
<roll_z>0.</roll_z>
</opencv_storage>
