<?xml version="1.0"?>
<opencv_storage>
<camera_name>FC60</camera_name>
<calibration_time>"2022-07-08 17:29:21"</calibration_time>
<undistort>1</undistort>
<rotationMatrix type_id="opencv-matrix">
  <rows>3</rows>
  <cols>3</cols>
  <dt>d</dt>
  <data>
    9.9974936027254280e-01 -1.2554277240915341e-02
    1.8536632854961748e-02 1.8486637115844879e-02
    -4.0867847615078130e-03 -9.9982075515487290e-01
    1.2627782180116932e-02 9.9991284035823413e-01
    -3.8536740832844996e-03</data></rotationMatrix>
<offsetMatrix type_id="opencv-matrix">
  <rows>3</rows>
  <cols>1</cols>
  <dt>d</dt>
  <data>
    -1.5936494248246499e+03 1.3896890325103745e+03
    5.2098254688380939e+03</data></offsetMatrix>
<deltaXY>
  1455. -5120.</deltaXY>
<headLocation>
  1455. -5120.</headLocation>
<pointA>
  3.5738092379158729e+02 1.1387385406231253e+03</pointA>
<pointB>
  1.4097406920156066e+03 1.1546042209892914e+03</pointB>
<pointV>
  9.3052545166015625e+02 6.0913189697265625e+02</pointV>
<cameraLocation>
  1.5017707519531250e+03 -5.2236992187500000e+03 1.4390578613281250e+03</cameraLocation>
<extrinsicMatrix type_id="opencv-matrix">
  <rows>4</rows>
  <cols>4</cols>
  <dt>d</dt>
  <data>
    9.9974936027254280e-01 -1.2554277240915341e-02
    1.8536632854961748e-02 -1.5936494248246499e+03
    1.8486637115844879e-02 -4.0867847615078130e-03
    -9.9982075515487290e-01 1.3896890325103745e+03
    1.2627782180116932e-02 9.9991284035823413e-01
    -3.8536740832844996e-03 5.2098254688380939e+03 0. 0. 0. 1.</data></extrinsicMatrix>
 <!-- resumed -->

<yaw_z>-7.2353786631619799e-01</yaw_z>
<pitch_x>9.0220817413761509e+01</pitch_x>
<roll_z>1.0593511005713658e+00</roll_z>
</opencv_storage>
