<?xml version="1.0"?>
<opencv_storage>
<camera_name>cam_flb</camera_name>
<calibration_time>"2022-06-21 15:46:45"</calibration_time>
<undistort>1</undistort>
<rotationMatrix type_id="opencv-matrix">
  <rows>3</rows>
  <cols>3</cols>
  <dt>d</dt>
  <data>
    -7.0293745574475364e-01 7.0953060654376277e-01
    4.9449486233257456e-02 -1.2639244917756896e-02
    5.7052348268769044e-02 -9.9829117948869439e-01
    -7.1113935540019280e-01 -7.0236126596977122e-01
    -3.1136301423560882e-02</data></rotationMatrix>
<offsetMatrix type_id="opencv-matrix">
  <rows>3</rows>
  <cols>1</cols>
  <dt>d</dt>
  <data>
    7.6205765611982642e+03 1.8557054134336468e+03
    -6.8635459218127571e+03</data></offsetMatrix>
<deltaXY>
  1820. -5225.</deltaXY>
<headLocation>
  1820. -5225.</headLocation>
<pointV>
  -1.9810219933283375e+02 4.9867975734576538e+02</pointV>
<extrinsicMatrix type_id="opencv-matrix">
  <rows>4</rows>
  <cols>4</cols>
  <dt>d</dt>
  <data>
    -7.0293745574475364e-01 7.0953060654376277e-01
    4.9449486233257456e-02 7.6205765611982642e+03
    -1.2639244917756896e-02 5.7052348268769044e-02
    -9.9829117948869439e-01 1.8557054134336468e+03
    -7.1113935540019280e-01 -7.0236126596977122e-01
    -3.1136301423560882e-02 -6.8635459218127571e+03 0. 0. 0. 1.</data></extrinsicMatrix>
</opencv_storage>
