<?xml version="1.0"?>
<opencv_storage>
<camera_name>cam_flb</camera_name>
<camera_model>FISHEYE</camera_model>
<calibration_time>"2022-06-21 15:46:45"</calibration_time>
<camIntrinsicMat type_id="opencv-matrix">
  <rows>3</rows>
  <cols>3</cols>
  <dt>d</dt>
  <data>
    1.1533432617187500e+03 0. 9.6701379394531250e+02 0.
    1.1540432128906250e+03 5.9242193603515625e+02 0. 0. 1.</data></camIntrinsicMat>
<distortion_coefficients type_id="opencv-matrix">
  <rows>4</rows>
  <cols>1</cols>
  <dt>d</dt>
  <data>
    -3.2821673899888992e-02 -2.6735143736004829e-02
    2.9088696464896202e-02 -1.8590211868286133e-02</data></distortion_coefficients>
<camIntriMatrix type_id="opencv-matrix">
  <rows>3</rows>
  <cols>4</cols>
  <dt>d</dt>
  <data>
    1.1533432617187500e+03 0. 9.6701379394531250e+02 0. 0.
    1.1540432128906250e+03 5.9242193603515625e+02 0. 0. 0. 1. 0.</data></camIntriMatrix>
<avg_reprojection_error>0</avg_reprojection_error>
</opencv_storage>
