<?xml version="1.0"?>
<opencv_storage>
<camera_name>RL</camera_name>
<camera_model>FISHEYE</camera_model>
<calibration_time>"2023-01-7 22:43:19"</calibration_time>
<camIntrinsicMat type_id="opencv-matrix">
  <rows>3</rows>
  <cols>3</cols>
  <dt>d</dt>
  <data>
    1134.8326652680114 0. 960.14412746293533 0.
    1136.1789299310235 593.71542688709883 0. 0. 1.</data></camIntrinsicMat>
<distortion_coefficients type_id="opencv-matrix">
  <rows>4</rows>
  <cols>1</cols>
  <dt>d</dt>
  <data>
    -0.014428742243018277 -0.042555745351784163
     0.02424771109236494 -0.0043461724777044443</data></distortion_coefficients>
<camIntriMatrix type_id="opencv-matrix">
  <rows>3</rows>
  <cols>4</cols>
  <dt>d</dt>
  <data>
    1134.8326652680114 0. 960.14412746293533 0. 0.
    1136.1789299310235 593.71542688709883 0. 0. 0. 1. 0.</data></camIntriMatrix>
<avg_reprojection_error>2.5577851203661700e-01</avg_reprojection_error>
</opencv_storage>
