<?xml version="1.0"?>
<opencv_storage>
<camera_name>RL</camera_name>
<calibration_time>"2023-01-07 11:58:14"</calibration_time>
<undistort>1</undistort>
<rotationMatrix type_id="opencv-matrix">
  <rows>3</rows>
  <cols>3</cols>
  <dt>d</dt>
  <data>
    7.0109960041756669e-01 7.1290925897285162e-01
    -1.4823588132013121e-02 -2.5740786748787270e-02
    4.5283897654838368e-03 -9.9965839444466487e-01
    -7.1259859822475202e-01 7.0124167172017882e-01
    2.1525697461571874e-02</data></rotationMatrix>
<offsetMatrix type_id="opencv-matrix">
  <rows>3</rows>
  <cols>1</cols>
  <dt>d</dt>
  <data>
    7.7975571439719606e+03 1.2423370961435828e+03 5.7299405711807885e+03</data></offsetMatrix>
<deltaXY>
  0. 0.</deltaXY>
<headLocation>
  0. 0.</headLocation>
<pointA>
  0. 0.</pointA>
<pointB>
  0. 0.</pointB>
<pointV>
  0. 0.</pointV>
<cameraLocation>
  -1.3517377929687500e+03 -9.5826494140625000e+03 1.2341595458984375e+03</cameraLocation>
<extrinsicMatrix type_id="opencv-matrix">
  <rows>4</rows>
  <cols>4</cols>
  <dt>d</dt>
  <data>
    7.0109960041756669e-01 7.1290925897285162e-01
    -1.4823588132013121e-02 7.7975571439719606e+03
    -2.5740786748787270e-02 4.5283897654838368e-03
    -9.9965839444466487e-01 1.2423370961435828e+03
    -7.1259859822475202e-01 7.0124167172017882e-01
    2.1525697461571874e-02 5.7299405711807885e+03 0. 0. 0. 1.</data></extrinsicMatrix>
 <!-- resumed -->

<bsd_deltaXY>
  -3140. -6760.</bsd_deltaXY>
<yaw>4.5446738662226515e+01</yaw>
<pitch>8.8241769558466657e+01</pitch>
<roll>-2.1026631469373340e+00</roll>
<avg_reprojection_error>4.6199893951416016e-01</avg_reprojection_error>
</opencv_storage>
