<?xml version="1.0"?>
<opencv_storage>
<camera_name>FC28</camera_name>
<camera_model>PINHOLE</camera_model>
<calibration_time>"2022-11-08 20:19:35"</calibration_time>
<camIntrinsicMat type_id="opencv-matrix">
  <rows>3</rows>
  <cols>3</cols>
  <dt>d</dt>
  <data>
    7.2821796779006772e+03 0. 1.8421873113077213e+03 0.
    7.2898391277553292e+03 1.1114653335484404e+03 0. 0. 1.</data></camIntrinsicMat>
<distortion_coefficients type_id="opencv-matrix">
  <rows>1</rows>
  <cols>5</cols>
  <dt>d</dt>
  <data>
    -2.2783205419326955e-01 -2.1261867725107686e-01
    -3.3955411529323952e-04 -2.0292353520069469e-03
    4.1008270225964987e+00</data></distortion_coefficients>
<camIntriMatrix type_id="opencv-matrix">
  <rows>3</rows>
  <cols>4</cols>
  <dt>d</dt>
  <data>
    7.2821796779006772e+03 0. 1.8421873113077213e+03 0. 0.
    7.2898391277553292e+03 1.1114653335484404e+03 0. 0. 0. 1. 0.</data></camIntriMatrix>
<avg_reprojection_error>1.5859641909100441e-01</avg_reprojection_error>
</opencv_storage>
