<?xml version="1.0"?>
<opencv_storage>
<camera_name>FC28</camera_name>
<calibration_time>"2022-11-08 20:27:28"</calibration_time>
<undistort>1</undistort>
<rotationMatrix type_id="opencv-matrix">
  <rows>3</rows>
  <cols>3</cols>
  <dt>d</dt>
  <data>
    9.9975350316263190e-01 2.0339566812643664e-02
    -8.9014007841070695e-03 -8.6223062732793850e-03
    -1.3768493593968771e-02 -9.9986803350176301e-01
    -2.0459441550909067e-02 9.9969831979754109e-01
    -1.3589725729318094e-02</data></rotationMatrix>
<offsetMatrix type_id="opencv-matrix">
  <rows>3</rows>
  <cols>1</cols>
  <dt>d</dt>
  <data>
    -1.1876314057718805e+03 2.1434357415154891e+03
    1.6863612132794093e+04</data></offsetMatrix>
<deltaXY>
  1565. -16725.</deltaXY>
<headLocation>
  1565. -16725.</headLocation>
<pointA>
  1.3293348322632069e+03 2.0380344228565891e+03</pointA>
<pointB>
  2.8011437554175868e+03 2.0291471280064968e+03</pointB>
<pointV>
  1.9903483886718750e+03 1.0110649414062500e+03</pointV>
<cameraLocation>
  1.5508400878906250e+03 -1.6804857421875000e+04 2.3617531738281250e+03</cameraLocation>
<extrinsicMatrix type_id="opencv-matrix">
  <rows>4</rows>
  <cols>4</cols>
  <dt>d</dt>
  <data>
    9.9975350316263190e-01 2.0339566812643664e-02
    -8.9014007841070695e-03 -1.1876314057718805e+03
    -8.6223062732793850e-03 -1.3768493593968771e-02
    -9.9986803350176301e-01 2.1434357415154891e+03
    -2.0459441550909067e-02 9.9969831979754109e-01
    -1.3589725729318094e-02 1.6863612132794093e+04 0. 0. 0. 1.</data></extrinsicMatrix>
 <!-- resumed -->

<yaw_z>1.1723214663800159e+00</yaw_z>
<pitch_x>9.0778820927396353e+01</pitch_x>
<roll_z>-4.9413131289769768e-01</roll_z>
</opencv_storage>
