<?xml version="1.0"?>
<opencv_storage>
<camera_name>FL</camera_name>
<camera_model>FISHEYE</camera_model>
<calibration_time>"2022-07-17 20:08:27"</calibration_time>
<camIntrinsicMat type_id="opencv-matrix">
  <rows>3</rows>
  <cols>3</cols>
  <dt>d</dt>
  <data>
    1.4135980428542855e+03 0. 1.4159856346972217e+03 0.
    1.4135779524452835e+03 9.0302170403757577e+02 0. 0. 1.</data></camIntrinsicMat>
<distortion_coefficients type_id="opencv-matrix">
  <rows>4</rows>
  <cols>1</cols>
  <dt>d</dt>
  <data>
    1.9635612568598932e-02 2.5350285752092660e-03 4.6541691619017634e-03
    -4.8103535080292713e-03</data></distortion_coefficients>
<camIntriMatrix type_id="opencv-matrix">
  <rows>3</rows>
  <cols>4</cols>
  <dt>d</dt>
  <data>
    1.4135980428542855e+03 0. 1.4159856346972217e+03 0. 0.
    1.4135779524452835e+03 9.0302170403757577e+02 0. 0. 0. 1. 0.</data></camIntriMatrix>
<avg_reprojection_error>1.8252704705343695e-01</avg_reprojection_error>
</opencv_storage>
