<?xml version="1.0"?>
<opencv_storage>
<camera_name>FL</camera_name>
<calibration_time>"2022-07-27 11:18:37"</calibration_time>
<undistort>1</undistort>
<rotationMatrix type_id="opencv-matrix">
  <rows>3</rows>
  <cols>3</cols>
  <dt>d</dt>
  <data>
    -7.0981337018879953e-01 7.0438972141905609e-01
    -3.1600696626621350e-04 -1.3457028716782227e-02
    -1.4009185461291263e-02 -9.9981130774803029e-01
    -7.0426123553645481e-01 -7.0967518139068064e-01
    1.9422899854821374e-02</data></rotationMatrix>
<offsetMatrix type_id="opencv-matrix">
  <rows>3</rows>
  <cols>1</cols>
  <dt>d</dt>
  <data>
    -1.5893060736649102e+03 1.7201027366044902e+03
    -2.7689425397936282e+02</data></offsetMatrix>
<deltaXY>
  0. 0.</deltaXY>
<headLocation>
  0. 0.</headLocation>
<pointA>
  0. 0.</pointA>
<pointB>
  0. 0.</pointB>
<pointV>
  0. 0.</pointV>
<cameraLocation>
  -1.2999691162109375e+03 9.4708312988281250e+02 1.7246540527343750e+03</cameraLocation>
<extrinsicMatrix type_id="opencv-matrix">
  <rows>4</rows>
  <cols>4</cols>
  <dt>d</dt>
  <data>
    -7.0981337018879953e-01 7.0438972141905609e-01
    -3.1600696626621350e-04 -1.5893060736649102e+03
    -1.3457028716782227e-02 -1.4009185461291263e-02
    -9.9981130774803029e-01 1.7201027366044902e+03
    -7.0426123553645481e-01 -7.0967518139068064e-01
    1.9422899854821374e-02 -2.7689425397936282e+02 0. 0. 0. 1.</data></extrinsicMatrix>
 <!-- resumed -->

<bsd_deltaXY>
  -3220. -2880.</bsd_deltaXY>
<yaw>4.4769891704281093e+01</yaw>
<pitch>-8.8432279326311942e+01</pitch>
<roll>-1.7891388549969255e+02</roll>
<avg_reprojection_error>6.8335394287109375e+02</avg_reprojection_error>
</opencv_storage>
