<?xml version="1.0"?>
<opencv_storage>
<camera_name>FR</camera_name>
<camera_model>FISHEYE</camera_model>
<calibration_time>"2022-01-20 15:46:28"</calibration_time>
<camIntrinsicMat type_id="opencv-matrix">
  <rows>3</rows>
  <cols>3</cols>
  <dt>d</dt>
  <data>
    1.4240517936076508e+03 0. 1.4177859081754298e+03 0.
    1.4242801985164697e+03 9.0098254722760441e+02 0. 0. 1.</data></camIntrinsicMat>
<distortion_coefficients type_id="opencv-matrix">
  <rows>4</rows>
  <cols>1</cols>
  <dt>d</dt>
  <data>
    1.8828129320197486e-02 1.0355282549065776e-02
    -6.7814980387614519e-03 1.0237985437232386e-03</data></distortion_coefficients>
<camIntriMatrix type_id="opencv-matrix">
  <rows>3</rows>
  <cols>4</cols>
  <dt>d</dt>
  <data>
    1.4240517936076508e+03 0. 1.4177859081754298e+03 0. 0.
    1.4242801985164697e+03 9.0098254722760441e+02 0. 0. 0. 1. 0.</data></camIntriMatrix>
<avg_reprojection_error>4.4635151192763894e-01</avg_reprojection_error>
</opencv_storage>
