<?xml version="1.0"?>
<opencv_storage>
<camera_name>FR</camera_name>
<calibration_time>"2022-01-24 10:34:34"</calibration_time>
<undistort>1</undistort>
<rotationMatrix type_id="opencv-matrix">
  <rows>3</rows>
  <cols>3</cols>
  <dt>d</dt>
  <data>
    -7.1723480127025852e-01 -6.9673990282794485e-01
    1.1302550779313247e-02 -1.6867620287813745e-03
    -1.4483948193186102e-02 -9.9989367938726148e-01
    6.9682953057449515e-01 -7.1717760914019291e-01
    9.2131572919217364e-03</data></rotationMatrix>
<offsetMatrix type_id="opencv-matrix">
  <rows>3</rows>
  <cols>1</cols>
  <dt>d</dt>
  <data>
    8.6285583249698198e+02 1.6623014988935852e+03
    -1.0843705098590640e+03</data></offsetMatrix>
<deltaXY>
  0. 0.</deltaXY>
<headLocation>
  0. 0.</headLocation>
<pointA>
  0. 0.</pointA>
<pointB>
  0. 0.</pointB>
<pointV>
  0. 0.</pointV>
<cameraLocation>
  1.3772955322265625e+03 -1.5242347717285156e+02 1.6623627929687500e+03</cameraLocation>
<extrinsicMatrix type_id="opencv-matrix">
  <rows>4</rows>
  <cols>4</cols>
  <dt>d</dt>
  <data>
    -7.1723480127025852e-01 -6.9673990282794485e-01
    1.1302550779313247e-02 8.6285583249698198e+02
    -1.6867620287813745e-03 -1.4483948193186102e-02
    -9.9989367938726148e-01 1.6623014988935852e+03
    6.9682953057449515e-01 -7.1717760914019291e-01
    9.2131572919217364e-03 -1.0843705098590640e+03 0. 0. 0. 1.</data></extrinsicMatrix>
 <!-- resumed -->

<bsd_deltaXY>
  2225. -4960.</bsd_deltaXY>
<yaw>-4.4173188125284447e+01</yaw>
<pitch>-8.9263995436391539e+01</pitch>
<roll>-1.7986525449274177e+02</roll>
<avg_reprojection_error>6.8833464384078979e-01</avg_reprojection_error>
</opencv_storage>
