<?xml version="1.0"?>
<opencv_storage>
<camera_name>RC</camera_name>
<camera_model>PINHOLE</camera_model>
<calibration_time>"2023-2-26 13:08:39"</calibration_time>
<camIntrinsicMat type_id="opencv-matrix">
  <rows>3</rows>
  <cols>3</cols>
  <dt>d</dt>
  <data>
    1924.228025183344 0. 973.97997236113258 0.
    1925.2692850226374 637.83898193985897 0. 0. 1.</data></camIntrinsicMat>
<distortion_coefficients type_id="opencv-matrix">
  <rows>1</rows>
  <cols>5</cols>
  <dt>d</dt>
  <data>
     -0.49256104725711147 0.22803016162725132
     -0.0027215734048031625 -0.0019160996580968549
    0</data></distortion_coefficients>
<camIntriMatrix type_id="opencv-matrix">
  <rows>3</rows>
  <cols>4</cols>
  <dt>d</dt>
  <data>
    1924.228025183344 0. 973.97997236113258 0. 0.
    1925.2692850226374 637.83898193985897 0. 0. 0. 1. 0.</data></camIntriMatrix>
<avg_reprojection_error>2.4702149572606177e-01</avg_reprojection_error>
</opencv_storage>
