<?xml version="1.0"?>
<opencv_storage>
<camera_name>RC</camera_name>
<calibration_time>"2023-02-16 15:33:02"</calibration_time>
<undistort>1</undistort>
<rotationMatrix type_id="opencv-matrix">
  <rows>3</rows>
  <cols>3</cols>
  <dt>d</dt>
  <data>
    9.9985771837145709e-01 -8.5326258323532838e-03
    -1.4551196151132272e-02 -1.4722457331692916e-02
    -2.0364352787497399e-02 -9.9968422133474866e-01
    8.2336057192551240e-03 9.9975621400016890e-01
    -2.0487076533962700e-02</data></rotationMatrix>
<offsetMatrix type_id="opencv-matrix">
  <rows>3</rows>
  <cols>1</cols>
  <dt>d</dt>
  <data>
    -1.9062767948244020e+03 1.3529302782477992e+03
    5.2572959828223447e+03</data></offsetMatrix>
<deltaXY>
  1815. -5240.</deltaXY>
<headLocation>
  1815. -5240.</headLocation>
<pointA>
  2.7626174528338061e+02 1.1332942726441256e+03</pointA>
<pointB>
  1.6011271809963387e+03 1.1110330074257286e+03</pointB>
<pointV>
  9.5755725097656250e+02 5.9862255859375000e+02</pointV>
<cameraLocation>
  1.8826375732421875e+03 -5.2447285156250000e+03 1.4324710693359375e+03</cameraLocation>
<extrinsicMatrix type_id="opencv-matrix">
  <rows>4</rows>
  <cols>4</cols>
  <dt>d</dt>
  <data>
    9.9985771837145709e-01 -8.5326258323532838e-03
    -1.4551196151132272e-02 -1.9062767948244020e+03
    -1.4722457331692916e-02 -2.0364352787497399e-02
    -9.9968422133474866e-01 1.3529302782477992e+03
    8.2336057192551240e-03 9.9975621400016890e-01
    -2.0487076533962700e-02 5.2572959828223447e+03 0. 0. 0. 1.</data></extrinsicMatrix>
 <!-- resumed -->

<yaw_z>4.8899079840181392e-01</yaw_z>
<pitch_x>9.1166872022283144e+01</pitch_x>
<roll_z>0.</roll_z>
</opencv_storage>
