<?xml version="1.0"?>
<opencv_storage>
<camera_name>FL</camera_name>
<camera_model>FISHEYE</camera_model>
<calibration_time>"2023-01-05 09:12:37"</calibration_time>
<camIntrinsicMat type_id="opencv-matrix">
  <rows>3</rows>
  <cols>3</cols>
  <dt>d</dt>
  <data>
    1144.7853573524092 0. 953.79062874047088 0.
    1145.2898726751237 592.7612715466463 0. 0. 1.</data></camIntrinsicMat>
<distortion_coefficients type_id="opencv-matrix">
  <rows>4</rows>
  <cols>1</cols>
  <dt>d</dt>
  <data>
    -0.034981431006894312 0.037210491511005722
    -0.12113236862083376 0.089073720155175423</data></distortion_coefficients>
<camIntriMatrix type_id="opencv-matrix">
  <rows>3</rows>
  <cols>4</cols>
  <dt>d</dt>
  <data>
    1144.7853573524092 0. 953.79062874047088 0. 0.
    1145.2898726751237 592.7612715466463 0. 0. 0. 1. 0.</data></camIntriMatrix>
<avg_reprojection_error>2.1517753691991673e-01</avg_reprojection_error>
</opencv_storage>
