<?xml version="1.0"?>
<opencv_storage>
<camera_name>FL</camera_name>
<calibration_time>"2023-01-05 09:37:48"</calibration_time>
<undistort>1</undistort>
<rotationMatrix type_id="opencv-matrix">
  <rows>3</rows>
  <cols>3</cols>
  <dt>d</dt>
  <data>
    -7.3200544049173299e-01 6.8076113053692222e-01
    2.7061379133287544e-02 -2.1985505236232550e-02
    1.6096427029773985e-02 -9.9962870236722545e-01
    -6.8094395705521293e-01 -7.3232860669713484e-01
    3.1842052417704325e-03</data></rotationMatrix>
<offsetMatrix type_id="opencv-matrix">
  <rows>3</rows>
  <cols>1</cols>
  <dt>d</dt>
  <data>
    2.4992100068413679e+03 1.3163242764185343e+03
    -4.6553224851321966e+03</data></offsetMatrix>
<deltaXY>
  0. 0.</deltaXY>
<headLocation>
  0. 0.</headLocation>
<pointA>
  0. 0.</pointA>
<pointB>
  0. 0.</pointB>
<pointV>
  0. 0.</pointV>
<cameraLocation>
  -1.3116383056640625e+03 -5.1317788085937500e+03 1.2630269775390625e+03</cameraLocation>
<extrinsicMatrix type_id="opencv-matrix">
  <rows>4</rows>
  <cols>4</cols>
  <dt>d</dt>
  <data>
    -7.3200544049173299e-01 6.8076113053692222e-01
    2.7061379133287544e-02 2.4992100068413679e+03
    -2.1985505236232550e-02 1.6096427029773985e-02
    -9.9962870236722545e-01 1.3163242764185343e+03
    -6.8094395705521293e-01 -7.3232860669713484e-01
    3.1842052417704325e-03 -4.6553224851321966e+03 0. 0. 0. 1.</data></extrinsicMatrix>
 <!-- resumed -->

<bsd_deltaXY>
  -3135. -8625.</bsd_deltaXY>
<yaw>4.2917452118879623e+01</yaw>
<pitch>-8.9750876355122131e+01</pitch>
<roll>-1.7827966020466886e+02</roll>
<avg_reprojection_error>4.6778908371925354e-01</avg_reprojection_error>
</opencv_storage>
