<?xml version="1.0"?>
<opencv_storage>
<camera_name>FR</camera_name>
<calibration_time>"2022-08-06 15:00:38"</calibration_time>
<undistort>1</undistort>
<rotationMatrix type_id="opencv-matrix">
  <rows>3</rows>
  <cols>3</cols>
  <dt>d</dt>
  <data>
    -7.0690297151933834e-01 -7.0666244173780013e-01
    -3.0271806921619127e-02 3.9470580855664683e-02
    3.3200848031282870e-03 -9.9921521719988660e-01
    7.0620837017416183e-01 -7.0754305202868772e-01
    2.5545399231245991e-02</data></rotationMatrix>
<offsetMatrix type_id="opencv-matrix">
  <rows>3</rows>
  <cols>1</cols>
  <dt>d</dt>
  <data>
    -2.5769284537537628e+03 1.2341253573639392e+03
    -4.6321137279751265e+03</data></offsetMatrix>
<deltaXY>
  0. 0.</deltaXY>
<headLocation>
  0. 0.</headLocation>
<pointA>
  0. 0.</pointA>
<pointB>
  0. 0.</pointB>
<pointV>
  0. 0.</pointV>
<cameraLocation>
  1.4008874511718750e+03 -5.1025356445312500e+03 1.2734777832031250e+03</cameraLocation>
<extrinsicMatrix type_id="opencv-matrix">
  <rows>4</rows>
  <cols>4</cols>
  <dt>d</dt>
  <data>
    -7.0690297151933834e-01 -7.0666244173780013e-01
    -3.0271806921619127e-02 -2.5769284537537628e+03
    3.9470580855664683e-02 3.3200848031282870e-03
    -9.9921521719988660e-01 1.2341253573639392e+03
    7.0620837017416183e-01 -7.0754305202868772e-01
    2.5545399231245991e-02 -4.6321137279751265e+03 0. 0. 0. 1.</data></extrinsicMatrix>
 <!-- resumed -->

<bsd_deltaXY>
  2300. -8615.</bsd_deltaXY>
<yaw>-4.4927249087555658e+01</yaw>
<pitch>-8.7932269861275941e+01</pitch>
<roll>1.7680415560690795e+02</roll>
<avg_reprojection_error>3.8086184859275818e-01</avg_reprojection_error>
</opencv_storage>
