<?xml version="1.0"?>
<opencv_storage>
<camera_name>FC120</camera_name>
<camera_model>FISHEYE</camera_model>
<calibration_time>"2022-07-22 13:56:15"</calibration_time>
<camIntrinsicMat type_id="opencv-matrix">
  <rows>3</rows>
  <cols>3</cols>
  <dt>d</dt>
  <data>
    9.8352857951755686e+02 0. 9.6821289811369388e+02 0.
    9.7960699130292630e+02 5.9953367096698378e+02 0. 0. 1.</data></camIntrinsicMat>
<distortion_coefficients type_id="opencv-matrix">
  <rows>4</rows>
  <cols>1</cols>
  <dt>d</dt>
  <data>
    -4.3607011262861844e-02 -5.9738990767094936e-05
    -1.1508200151162709e-02 4.9479820781327183e-03</data></distortion_coefficients>
<camIntriMatrix type_id="opencv-matrix">
  <rows>3</rows>
  <cols>4</cols>
  <dt>d</dt>
  <data>
    9.8352857951755686e+02 0. 9.6821289811369388e+02 0. 0.
    9.7960699130292630e+02 5.9953367096698378e+02 0. 0. 0. 1. 0.</data></camIntriMatrix>
<avg_reprojection_error>2.1730301234787811e-01</avg_reprojection_error>
</opencv_storage>
