<?xml version="1.0"?>
<opencv_storage>
<camera_name>RC</camera_name>
<camera_model>PINHOLE</camera_model>
<calibration_time>"2022-06-24 16:15:02"</calibration_time>
<camIntrinsicMat type_id="opencv-matrix">
  <rows>3</rows>
  <cols>3</cols>
  <dt>d</dt>
  <data>
    1.9478272206985203e+03 0. 9.4040085986463919e+02 0.
    1.9487222476538866e+03 5.9991144834081467e+02 0. 0. 1.</data></camIntrinsicMat>
<distortion_coefficients type_id="opencv-matrix">
  <rows>1</rows>
  <cols>5</cols>
  <dt>d</dt>
  <data>
    -5.2243988972997590e-01 3.8569707879149867e-01
    3.8686148709667621e-04 -1.1057126209374662e-03
    -2.9281499556433804e-01</data></distortion_coefficients>
<camIntriMatrix type_id="opencv-matrix">
  <rows>3</rows>
  <cols>4</cols>
  <dt>d</dt>
  <data>
    1.9478272206985203e+03 0. 9.4040085986463919e+02 0. 0.
    1.9487222476538866e+03 5.9991144834081467e+02 0. 0. 0. 1. 0.</data></camIntriMatrix>
<avg_reprojection_error>2.6781758168462322e-01</avg_reprojection_error>
</opencv_storage>
