<?xml version="1.0"?>
<opencv_storage>
<camera_name>FR</camera_name>
<calibration_time>"2022-10-12 06:57:22"</calibration_time>
<undistort>1</undistort>
<rotationMatrix type_id="opencv-matrix">
  <rows>3</rows>
  <cols>3</cols>
  <dt>d</dt>
  <data>
    -7.1426729608781681e-01 -6.9954085147680267e-01
    -2.1559843564106840e-02 2.5107897254011136e-02
    5.1734051873851827e-03 -9.9967136068522477e-01
    6.9942249265725009e-01 -7.1457388211008444e-01
    1.3868805689102537e-02</data></rotationMatrix>
<offsetMatrix type_id="opencv-matrix">
  <rows>3</rows>
  <cols>1</cols>
  <dt>d</dt>
  <data>
    -2.5855158724580638e+03 1.2707996965840439e+03
    -4.5784238794144285e+03</data></offsetMatrix>
<deltaXY>
  0. 0.</deltaXY>
<headLocation>
  0. 0.</headLocation>
<pointA>
  0. 0.</pointA>
<pointB>
  0. 0.</pointB>
<pointV>
  0. 0.</pointV>
<cameraLocation>
  1.3235960693359375e+03 -5.0868706054687500e+03 1.2781359863281250e+03</cameraLocation>
<extrinsicMatrix type_id="opencv-matrix">
  <rows>4</rows>
  <cols>4</cols>
  <dt>d</dt>
  <data>
    -7.1426729608781681e-01 -6.9954085147680267e-01
    -2.1559843564106840e-02 -2.5855158724580638e+03
    2.5107897254011136e-02 5.1734051873851827e-03
    -9.9967136068522477e-01 1.2707996965840439e+03
    6.9942249265725009e-01 -7.1457388211008444e-01
    1.3868805689102537e-02 -4.5784238794144285e+03 0. 0. 0. 1.</data></extrinsicMatrix>
 <!-- resumed -->

<bsd_deltaXY>
  2295. -8590.</bsd_deltaXY>
<yaw>-4.4380689183765256e+01</yaw>
<pitch>-8.8888114581680256e+01</pitch>
<roll>1.7798676985329243e+02</roll>
<avg_reprojection_error>5.4897315979003906e+01</avg_reprojection_error>
</opencv_storage>
