<?xml version="1.0"?>
<opencv_storage>
<camera_name>FR</camera_name>
<camera_model>FISHEYE</camera_model>
<calibration_time>"2022-10-12 06:16:26"</calibration_time>
<camIntrinsicMat type_id="opencv-matrix">
  <rows>3</rows>
  <cols>3</cols>
  <dt>d</dt>
  <data>
    1.1532247926970206e+03 0. 9.6926515688803454e+02 0.
    1.1502759709622153e+03 6.0746734915828245e+02 0. 0. 1.</data></camIntrinsicMat>
<distortion_coefficients type_id="opencv-matrix">
  <rows>4</rows>
  <cols>1</cols>
  <dt>d</dt>
  <data>
    -2.9740335711015316e-02 -3.9194682720520777e-02
    5.6656683674966520e-02 -4.3097319790529040e-02</data></distortion_coefficients>
<camIntriMatrix type_id="opencv-matrix">
  <rows>3</rows>
  <cols>4</cols>
  <dt>d</dt>
  <data>
    1.1532247926970206e+03 0. 9.6926515688803454e+02 0. 0.
    1.1502759709622153e+03 6.0746734915828245e+02 0. 0. 0. 1. 0.</data></camIntriMatrix>
<avg_reprojection_error>2.8096055542106707e-01</avg_reprojection_error>
</opencv_storage>
