<?xml version="1.0"?>
<opencv_storage>
<camera_name>FR</camera_name>
<calibration_time>"2021-12-17 01:19:30"</calibration_time>
<undistort>1</undistort>
<rotationMatrix type_id="opencv-matrix">
  <rows>3</rows>
  <cols>3</cols>
  <dt>d</dt>
  <data>
    -6.9053444536767605e-01 -7.2263958763540337e-01
    3.0890227303955742e-02 -2.6818081179556530e-02
    -1.7098137377465572e-02 -9.9949409413966417e-01
    7.2280216538317221e-01 -6.9101351656849319e-01
    -7.5729543139990696e-03</data></rotationMatrix>
<offsetMatrix type_id="opencv-matrix">
  <rows>3</rows>
  <cols>1</cols>
  <dt>d</dt>
  <data>
    -2.7838787216170917e+03 1.2503266188983887e+03
    -4.4353750393801183e+03</data></offsetMatrix>
<deltaXY>
  0. 0.</deltaXY>
<headLocation>
  0. 0.</headLocation>
<pointA>
  0. 0.</pointA>
<pointB>
  0. 0.</pointB>
<pointV>
  0. 0.</pointV>
<cameraLocation>
  1.3170659179687500e+03 -5.0552666015625000e+03 1.3020998535156250e+03</cameraLocation>
<extrinsicMatrix type_id="opencv-matrix">
  <rows>4</rows>
  <cols>4</cols>
  <dt>d</dt>
  <data>
    -6.9053444536767605e-01 -7.2263958763540337e-01
    3.0890227303955742e-02 -2.7838787216170917e+03
    -2.6818081179556530e-02 -1.7098137377465572e-02
    -9.9949409413966417e-01 1.2503266188983887e+03
    7.2280216538317221e-01 -6.9101351656849319e-01
    -7.5729543139990696e-03 -4.4353750393801183e+03 0. 0. 0. 1.</data></extrinsicMatrix>
 <!-- resumed -->

<bsd_deltaXY>
  2060. -9655.</bsd_deltaXY>
<image_points type_id="opencv-matrix">
  <rows>56</rows>
  <cols>2</cols>
  <dt>f</dt>
  <data>
    1.65755396e+03 9.55749634e+02 1.61354089e+03 9.49901550e+02
    1.56958069e+03 9.43665283e+02 1.52597974e+03 9.36590576e+02
    1.48399719e+03 9.30815308e+02 1.44215259e+03 9.23373291e+02
    1.40163989e+03 9.16278931e+02 1.64801733e+03 9.68764221e+02
    1.60154199e+03 9.62004456e+02 1.55653931e+03 9.55813782e+02
    1.51097107e+03 9.47664734e+02 1.46800952e+03 9.41913818e+02
    1.42408643e+03 9.33782715e+02 1.38243103e+03 9.26580872e+02
    1.63702319e+03 9.82630188e+02 1.58943042e+03 9.75763184e+02
    1.54179431e+03 9.68097412e+02 1.49447559e+03 9.59552063e+02
    1.45016199e+03 9.52633423e+02 1.40612866e+03 9.44122742e+02
    1.36224451e+03 9.36582031e+02 1.62516174e+03 9.98102051e+02
    1.57529358e+03 9.90199585e+02 1.52602747e+03 9.82055786e+02
    1.47695605e+03 9.73590881e+02 1.43059937e+03 9.65611816e+02
    1.38460059e+03 9.57276611e+02 1.34026270e+03 9.47934143e+02
    1.61205640e+03 1.01431549e+03 1.56017065e+03 1.00666431e+03
    1.50858740e+03 9.97055237e+02 1.45858936e+03 9.87564514e+02
    1.40959692e+03 9.78716370e+02 1.36218823e+03 9.69162598e+02
    1.31677173e+03 9.58974792e+02 1.59744312e+03 1.03227612e+03
    1.54333179e+03 1.02349274e+03 1.48951245e+03 1.01344946e+03
    1.43765466e+03 1.00238843e+03 1.38679749e+03 9.92977417e+02
    1.33717993e+03 9.82006287e+02 1.29076770e+03 9.71222168e+02
    1.58188757e+03 1.05143164e+03 1.52467200e+03 1.04196460e+03
    1.46956970e+03 1.02978845e+03 1.41441443e+03 1.01926306e+03
    1.36160522e+03 1.00845312e+03 1.31062964e+03 9.95953796e+02
    1.26195886e+03 9.83721497e+02 1.56388379e+03 1.07302039e+03
    1.50437720e+03 1.06198779e+03 1.44529797e+03 1.05002783e+03
    1.38912402e+03 1.03742944e+03 1.33388965e+03 1.02437805e+03
    1.28176282e+03 1.01257013e+03 1.23144202e+03 9.97912109e+02</data></image_points>
</opencv_storage>
