<?xml version="1.0"?>
<opencv_storage>
<camera_name>FL</camera_name>
<camera_model>FISHEYE</camera_model>
<calibration_time>"2023-02-16 13:03:47"</calibration_time>
<camIntrinsicMat type_id="opencv-matrix">
  <rows>3</rows>
  <cols>3</cols>
  <dt>d</dt>
  <data>
    1136.2675769635641 0. 963.41691912244846 0.
    1139.4398666310426 599.31450246953307 0. 0. 1.</data></camIntrinsicMat>
<distortion_coefficients type_id="opencv-matrix">
  <rows>4</rows>
  <cols>1</cols>
  <dt>d</dt>
  <data>
    -0.042452421962870038 0.076397878773640224
    -0.15904523256912811 0.094724617566467689</data></distortion_coefficients>
<camIntriMatrix type_id="opencv-matrix">
  <rows>3</rows>
  <cols>4</cols>
  <dt>d</dt>
  <data>
    1136.2675769635641 0. 963.41691912244846 0. 0.
    1139.4398666310426 599.31450246953307 0. 0. 0. 1. 0.</data></camIntriMatrix>
<avg_reprojection_error>3.3586095551351586e-01</avg_reprojection_error>
</opencv_storage>
