<?xml version="1.0"?>
<opencv_storage>
<camera_name>FC120</camera_name>
<calibration_time>"2022-07-04 11:11:42"</calibration_time>
<undistort>1</undistort>
<rotationMatrix type_id="opencv-matrix">
  <rows>3</rows>
  <cols>3</cols>
  <dt>d</dt>
  <data>
    9.9996563337437161e-01 -3.0101755704232949e-03
    -7.7246950248489260e-03 -7.6630826673917849e-03
    1.9968479293710695e-02 -9.9977124233432990e-01
    3.1637373823404733e-03 9.9979607854688646e-01 1.9944725820218924e-02</data></rotationMatrix>
<offsetMatrix type_id="opencv-matrix">
  <rows>3</rows>
  <cols>1</cols>
  <dt>d</dt>
  <data>
    -1.8651714072107036e+03 1.5205132687748455e+03
    3.4140848122519110e+03</data></offsetMatrix>
<deltaXY>
  1920. -3410.</deltaXY>
<headLocation>
  1920. -3410.</headLocation>
<pointA>
  4.2778363543511819e+02 1.0283919629064158e+03</pointA>
<pointB>
  1.4626196453785758e+03 1.0190226080857599e+03</pointB>
<pointV>
  9.5745556640625000e+02 6.1380316162109375e+02</pointV>
<cameraLocation>
  1.8659578857421875e+03 -3.4493654785156250e+03 1.4376645507812500e+03</cameraLocation>
<extrinsicMatrix type_id="opencv-matrix">
  <rows>4</rows>
  <cols>4</cols>
  <dt>d</dt>
  <data>
    9.9996563337437161e-01 -3.0101755704232949e-03
    -7.7246950248489260e-03 -1.8651714072107036e+03
    -7.6630826673917849e-03 1.9968479293710695e-02
    -9.9977124233432990e-01 1.5205132687748455e+03
    3.1637373823404733e-03 9.9979607854688646e-01 1.9944725820218924e-02
    3.4140848122519110e+03 0. 0. 0. 1.</data></extrinsicMatrix>
 <!-- resumed -->

<yaw_z>-1.8126910228251925e-01</yaw_z>
<pitch_x>8.8857169890464434e+01</pitch_x>
<roll_z>-4.3906878959850448e-01</roll_z>
</opencv_storage>
