<?xml version="1.0"?>
<opencv_storage>
<camera_name>FC120</camera_name>
<calibration_time>"2023-02-12 11:04:31"</calibration_time>
<undistort>1</undistort>
<rotationMatrix type_id="opencv-matrix">
  <rows>3</rows>
  <cols>3</cols>
  <dt>d</dt>
  <data>
    9.9997589506303353e-01 -4.1503290424657006e-03
    5.5663328793989645e-03 5.5981564153190682e-03 7.6959345806452643e-03
    -9.9995471559250126e-01 4.1073029635801386e-03
    9.9996177294923116e-01 7.7189832617820635e-03</data></rotationMatrix>
<offsetMatrix type_id="opencv-matrix">
  <rows>3</rows>
  <cols>1</cols>
  <dt>d</dt>
  <data>
    -1.5084049765112279e+03 1.4670786203347773e+03
    3.2156733236443147e+03</data></offsetMatrix>
<deltaXY>
  1550. -3000.</deltaXY>
<headLocation>
  1550. -3000.</headLocation>
<pointA>
  5.1590343731183611e+02 1.0368942424054912e+03</pointA>
<pointB>
  1.4529180473841598e+03 1.0403720009824046e+03</pointB>
<pointV>
  9.6728143310546875e+02 6.0210205078125000e+02</pointV>
<cameraLocation>
  1.4869478759765625e+03 -3.2331013183593750e+03 1.4505867919921875e+03</cameraLocation>
<extrinsicMatrix type_id="opencv-matrix">
  <rows>4</rows>
  <cols>4</cols>
  <dt>d</dt>
  <data>
    9.9997589506303353e-01 -4.1503290424657006e-03
    5.5663328793989645e-03 -1.5084049765112279e+03
    5.5981564153190682e-03 7.6959345806452643e-03
    -9.9995471559250126e-01 1.4670786203347773e+03
    4.1073029635801386e-03 9.9996177294923116e-01 7.7189832617820635e-03
    3.2156733236443147e+03 0. 0. 0. 1.</data></extrinsicMatrix>
 <!-- resumed -->

<yaw_z>2.3780405497011586e-01</yaw_z>
<pitch_x>8.9559052321851311e+01</pitch_x>
<roll_z>0.</roll_z>
</opencv_storage>
