<?xml version="1.0"?>
<opencv_storage>
<camera_name>FC120</camera_name>
<camera_model>FISHEYE</camera_model>
<calibration_time>"2022-07-04 10:10:18"</calibration_time>
<camIntrinsicMat type_id="opencv-matrix">
  <rows>3</rows>
  <cols>3</cols>
  <dt>d</dt>
  <data>
    9.7085452647118120e+02 0. 9.7131095287934818e+02 0.
    9.6936872360539951e+02 5.9464156730757873e+02 0. 0. 1.</data></camIntrinsicMat>
<distortion_coefficients type_id="opencv-matrix">
  <rows>4</rows>
  <cols>1</cols>
  <dt>d</dt>
  <data>
    -4.3411229512982735e-02 3.1932841875155278e-02
    -6.8555273695942262e-02 3.5135156134727799e-02</data></distortion_coefficients>
<camIntriMatrix type_id="opencv-matrix">
  <rows>3</rows>
  <cols>4</cols>
  <dt>d</dt>
  <data>
    9.7085452647118120e+02 0. 9.7131095287934818e+02 0. 0.
    9.6936872360539951e+02 5.9464156730757873e+02 0. 0. 0. 1. 0.</data></camIntriMatrix>
<avg_reprojection_error>3.4274491131893581e-01</avg_reprojection_error>
</opencv_storage>
