<?xml version="1.0"?>
<opencv_storage>
<camera_name>RR</camera_name>
<calibration_time>"2022-07-04 11:27:59"</calibration_time>
<undistort>1</undistort>
<rotationMatrix type_id="opencv-matrix">
  <rows>3</rows>
  <cols>3</cols>
  <dt>d</dt>
  <data>
    7.1457084947142535e-01 -6.9922819095525901e-01
    2.1643429929686875e-02 1.8862286025898900e-02
    -1.1669531834796187e-02 -9.9975398783532432e-01
    6.9930874100897844e-01 7.1480330091584809e-01 4.8503348590457906e-03</data></rotationMatrix>
<offsetMatrix type_id="opencv-matrix">
  <rows>3</rows>
  <cols>1</cols>
  <dt>d</dt>
  <data>
    -7.5791625324003871e+03 1.1137966916925882e+03
    5.8202188817142296e+03</data></offsetMatrix>
<deltaXY>
  0. 0.</deltaXY>
<headLocation>
  0. 0.</headLocation>
<pointA>
  0. 0.</pointA>
<pointB>
  0. 0.</pointB>
<pointV>
  0. 0.</pointV>
<cameraLocation>
  1.3247099609375000e+03 -9.4468779296875000e+03 1.2493317871093750e+03</cameraLocation>
<extrinsicMatrix type_id="opencv-matrix">
  <rows>4</rows>
  <cols>4</cols>
  <dt>d</dt>
  <data>
    7.1457084947142535e-01 -6.9922819095525901e-01
    2.1643429929686875e-02 -7.5791625324003871e+03
    1.8862286025898900e-02 -1.1669531834796187e-02
    -9.9975398783532432e-01 1.1137966916925882e+03
    6.9930874100897844e-01 7.1480330091584809e-01 4.8503348590457906e-03
    5.8202188817142296e+03 0. 0. 0. 1.</data></extrinsicMatrix>
 <!-- resumed -->

<bsd_deltaXY>
  2410. -6820.</bsd_deltaXY>
<yaw>-4.4371571573855540e+01</yaw>
<pitch>8.9611222484324671e+01</pitch>
<roll>1.5120662637659028e+00</roll>
<avg_reprojection_error>2.7370682358741760e-01</avg_reprojection_error>
</opencv_storage>
