<?xml version="1.0"?>
<opencv_storage>
<camera_name>RR</camera_name>
<camera_model>FISHEYE</camera_model>
<calibration_time>"2022-07-04 10:27:01"</calibration_time>
<camIntrinsicMat type_id="opencv-matrix">
  <rows>3</rows>
  <cols>3</cols>
  <dt>d</dt>
  <data>
    1.1374746947788992e+03 0. 9.5942821871281012e+02 0.
    1.1386854490302053e+03 5.8848880608880540e+02 0. 0. 1.</data></camIntrinsicMat>
<distortion_coefficients type_id="opencv-matrix">
  <rows>4</rows>
  <cols>1</cols>
  <dt>d</dt>
  <data>
    -3.8760928349334159e-02 -1.1941664449224241e-02
    4.3862594346904545e-02 -6.0664464291881499e-02</data></distortion_coefficients>
<camIntriMatrix type_id="opencv-matrix">
  <rows>3</rows>
  <cols>4</cols>
  <dt>d</dt>
  <data>
    1.1374746947788992e+03 0. 9.5942821871281012e+02 0. 0.
    1.1386854490302053e+03 5.8848880608880540e+02 0. 0. 0. 1. 0.</data></camIntriMatrix>
<avg_reprojection_error>4.6497736491512470e-01</avg_reprojection_error>
</opencv_storage>
