<?xml version="1.0"?>
<opencv_storage>
<camera_name>FC60</camera_name>
<camera_model>PINHOLE</camera_model>
<calibration_time>"2022-12-11 13:16:30"</calibration_time>
<camIntrinsicMat type_id="opencv-matrix">
  <rows>3</rows>
  <cols>3</cols>
  <dt>d</dt>
  <data>
    1.9519507314823666e+03 0. 1.0086929011127174e+03 0.
    1.9489843738922996e+03 6.1622514530578349e+02 0. 0. 1.</data></camIntrinsicMat>
<distortion_coefficients type_id="opencv-matrix">
  <rows>1</rows>
  <cols>5</cols>
  <dt>d</dt>
  <data>
    -5.2148410045460392e-01 4.2200356148143653e-01
    -3.6271582049732160e-03 -7.8671353532678064e-03
    -3.7390910680155492e-01</data></distortion_coefficients>
<camIntriMatrix type_id="opencv-matrix">
  <rows>3</rows>
  <cols>4</cols>
  <dt>d</dt>
  <data>
    1.9519507314823666e+03 0. 1.0086929011127174e+03 0. 0.
    1.9489843738922996e+03 6.1622514530578349e+02 0. 0. 0. 1. 0.</data></camIntriMatrix>
<avg_reprojection_error>3.1407559028614107e-01</avg_reprojection_error>
</opencv_storage>
