<?xml version="1.0"?>
<opencv_storage>
<camera_name>RR</camera_name>
<calibration_time>"2022-06-21 12:17:15"</calibration_time>
<undistort>1</undistort>
<rotationMatrix type_id="opencv-matrix">
  <rows>3</rows>
  <cols>3</cols>
  <dt>d</dt>
  <data>
    7.2036659812743808e-01 -6.9128111159675543e-01
    5.6589654989731564e-02 3.0632777766512909e-02
    -4.9800316496413977e-02 -9.9828931748424754e-01
    6.9291673181458824e-01 7.2086777790827328e-01
    -1.4698623914460002e-02</data></rotationMatrix>
<offsetMatrix type_id="opencv-matrix">
  <rows>3</rows>
  <cols>1</cols>
  <dt>d</dt>
  <data>
    -7.5692108540668833e+03 7.5973579712621518e+02
    5.9425284528826824e+03</data></offsetMatrix>
<deltaXY>
  0. 0.</deltaXY>
<headLocation>
  0. 0.</headLocation>
<pointA>
  0. 0.</pointA>
<pointB>
  0. 0.</pointB>
<pointV>
  0. 0.</pointV>
<cameraLocation>
  1.3116564941406250e+03 -9.4783945312500000e+03 1.2741221923828125e+03</cameraLocation>
<extrinsicMatrix type_id="opencv-matrix">
  <rows>4</rows>
  <cols>4</cols>
  <dt>d</dt>
  <data>
    7.2036659812743808e-01 -6.9128111159675543e-01
    5.6589654989731564e-02 -7.5692108540668833e+03
    3.0632777766512909e-02 -4.9800316496413977e-02
    -9.9828931748424754e-01 7.5973579712621518e+02
    6.9291673181458824e-01 7.2086777790827328e-01
    -1.4698623914460002e-02 5.9425284528826824e+03 0. 0. 0. 1.</data></extrinsicMatrix>
 <!-- resumed -->

<bsd_deltaXY>
  2280. -6685.</bsd_deltaXY>
<yaw>-4.3861439935392355e+01</yaw>
<pitch>9.1168109404532061e+01</pitch>
<roll>2.4349714580303323e+00</roll>
<avg_reprojection_error>3.8040176391601562e+01</avg_reprojection_error>
</opencv_storage>
