<?xml version="1.0"?>
<opencv_storage>
<camera_name>RR</camera_name>
<camera_model>FISHEYE</camera_model>
<calibration_time>"2022-08-06 16:29:04"</calibration_time>
<camIntrinsicMat type_id="opencv-matrix">
  <rows>3</rows>
  <cols>3</cols>
  <dt>d</dt>
  <data>
    1.1402520992439238e+03 0. 9.6117260552660412e+02 0.
    1.1442938675648161e+03 5.9577898002170627e+02 0. 0. 1.</data></camIntrinsicMat>
<distortion_coefficients type_id="opencv-matrix">
  <rows>4</rows>
  <cols>1</cols>
  <dt>d</dt>
  <data>
    -5.6926141967926593e-02 1.4853908987228717e-01
    -3.4260711766687074e-01 2.4276147048021629e-01</data></distortion_coefficients>
<camIntriMatrix type_id="opencv-matrix">
  <rows>3</rows>
  <cols>4</cols>
  <dt>d</dt>
  <data>
    1.1402520992439238e+03 0. 9.6117260552660412e+02 0. 0.
    1.1442938675648161e+03 5.9577898002170627e+02 0. 0. 0. 1. 0.</data></camIntriMatrix>
<avg_reprojection_error>2.2822991478513713e-01</avg_reprojection_error>
</opencv_storage>
