<?xml version="1.0"?>
<opencv_storage>
<camera_name>FR</camera_name>
<calibration_time>"2021-12-04 15:41:57"</calibration_time>
<undistort>1</undistort>
<rotationMatrix type_id="opencv-matrix">
  <rows>3</rows>
  <cols>3</cols>
  <dt>d</dt>
  <data>
    -7.0049102325871848e-01 -7.1362984224124992e-01
    -6.6913822699121162e-03 5.8759543089603739e-04
    8.7994032174119052e-03 -9.9996111186116965e-01
    7.1366097067554635e-01 -7.0046771429220478e-01
    -5.7445773291791014e-03</data></rotationMatrix>
<offsetMatrix type_id="opencv-matrix">
  <rows>3</rows>
  <cols>1</cols>
  <dt>d</dt>
  <data>
    -2.6240038175064374e+03 1.3385152996373763e+03
    -4.4514433314181651e+03</data></offsetMatrix>
<deltaXY>
  0. 0.</deltaXY>
<headLocation>
  0. 0.</headLocation>
<pointA>
  0. 0.</pointA>
<pointB>
  0. 0.</pointB>
<pointV>
  0. 0.</pointV>
<cameraLocation>
  1.3379437255859375e+03 -5.0024379882812500e+03 1.2953333740234375e+03</cameraLocation>
<extrinsicMatrix type_id="opencv-matrix">
  <rows>4</rows>
  <cols>4</cols>
  <dt>d</dt>
  <data>
    -7.0049102325871848e-01 -7.1362984224124992e-01
    -6.6913822699121162e-03 -2.6240038175064374e+03
    5.8759543089603739e-04 8.7994032174119052e-03
    -9.9996111186116965e-01 1.3385152996373763e+03
    7.1366097067554635e-01 -7.0046771429220478e-01
    -5.7445773291791014e-03 -4.4514433314181651e+03 0. 0. 0. 1.</data></extrinsicMatrix>
 <!-- resumed -->

<bsd_deltaXY>
  2245. -9100.</bsd_deltaXY>
<image_points type_id="opencv-matrix">
  <rows>56</rows>
  <cols>2</cols>
  <dt>f</dt>
  <data>
    1.60491541e+03 9.63738525e+02 1.55601660e+03 9.57464355e+02
    1.50779993e+03 9.52834778e+02 1.46088770e+03 9.45730835e+02
    1.41532251e+03 9.40066284e+02 1.36942078e+03 9.32635864e+02
    1.32723230e+03 9.26384644e+02 1.59191992e+03 9.79318054e+02
    1.53997083e+03 9.72127014e+02 1.49110522e+03 9.67484131e+02
    1.44116235e+03 9.58825684e+02 1.39413416e+03 9.53462646e+02
    1.34703540e+03 9.44765686e+02 1.30353247e+03 9.38096375e+02
    1.57663196e+03 9.96730408e+02 1.52374915e+03 9.89876526e+02
    1.47133862e+03 9.82794495e+02 1.41995874e+03 9.73621704e+02
    1.37103162e+03 9.66363159e+02 1.32334009e+03 9.58451416e+02
    1.27768091e+03 9.49706360e+02 1.56009460e+03 1.01571295e+03
    1.50508313e+03 1.00708496e+03 1.45003687e+03 9.99611755e+02
    1.39696069e+03 9.90040039e+02 1.34629395e+03 9.81682861e+02
    1.29707324e+03 9.72272827e+02 1.25009460e+03 9.63328674e+02
    1.54145422e+03 1.03585754e+03 1.48386780e+03 1.02607117e+03
    1.42640637e+03 1.01770868e+03 1.37179163e+03 1.00739069e+03
    1.31890479e+03 9.97698792e+02 1.26820007e+03 9.87819275e+02
    1.22017932e+03 9.77468567e+02 1.52105688e+03 1.05849109e+03
    1.46008667e+03 1.04779431e+03 1.40071350e+03 1.03751721e+03
    1.34418103e+03 1.02536462e+03 1.28924646e+03 1.01512067e+03
    1.23659448e+03 1.00360175e+03 1.18753760e+03 9.92050842e+02
    1.49806763e+03 1.08243127e+03 1.43381519e+03 1.07023584e+03
    1.37184729e+03 1.05926355e+03 1.31277954e+03 1.04600500e+03
    1.25678149e+03 1.03330383e+03 1.20242261e+03 1.02006659e+03
    1.15149670e+03 1.00798755e+03 1.47136646e+03 1.10884558e+03
    1.40486414e+03 1.09630505e+03 1.33994641e+03 1.08266370e+03
    1.27818604e+03 1.06753503e+03 1.22051233e+03 1.05325830e+03
    1.16556616e+03 1.03908752e+03 1.11347766e+03 1.02441284e+03</data></image_points>
</opencv_storage>
