<?xml version="1.0"?>
<opencv_storage>
<camera_name>FC120</camera_name>
<calibration_time>"2022-08-12 02:03:53"</calibration_time>
<undistort>1</undistort>
<rotationMatrix type_id="opencv-matrix">
  <rows>3</rows>
  <cols>3</cols>
  <dt>d</dt>
  <data>
    9.9953256714095873e-01 2.8134212723516013e-02
    -1.1962997075686052e-02 -1.1805131260841536e-02
    -5.7705935243098387e-03 -9.9991366583635188e-01
    -2.8200817373246919e-02 9.9958749808348701e-01
    -5.4357680851588605e-03</data></rotationMatrix>
<offsetMatrix type_id="opencv-matrix">
  <rows>3</rows>
  <cols>1</cols>
  <dt>d</dt>
  <data>
    -1.7933510508353236e+03 1.4550890193897226e+03
    3.4209674399763480e+03</data></offsetMatrix>
<deltaXY>
  1850. -3195.</deltaXY>
<headLocation>
  1850. -3195.</headLocation>
<pointA>
  4.6373288773076939e+02 1.0107485599080323e+03</pointA>
<pointB>
  1.5098379052514688e+03 1.0109505215960542e+03</pointB>
<pointV>
  9.9866119384765625e+02 5.9282501220703125e+02</pointV>
<cameraLocation>
  1.9061644287109375e+03 -3.3607050781250000e+03 1.4521051025390625e+03</cameraLocation>
<extrinsicMatrix type_id="opencv-matrix">
  <rows>4</rows>
  <cols>4</cols>
  <dt>d</dt>
  <data>
    9.9953256714095873e-01 2.8134212723516013e-02
    -1.1962997075686052e-02 -1.7933510508353236e+03
    -1.1805131260841536e-02 -5.7705935243098387e-03
    -9.9991366583635188e-01 1.4550890193897226e+03
    -2.8200817373246919e-02 9.9958749808348701e-01
    -5.4357680851588605e-03 3.4209674399763480e+03 0. 0. 0. 1.</data></extrinsicMatrix>
 <!-- resumed -->

<yaw_z>-1.6122111919030324e+00</yaw_z>
<pitch_x>9.0330631471630980e+01</pitch_x>
<roll_z>0.</roll_z>
</opencv_storage>
