<?xml version="1.0"?>
<opencv_storage>
<camera_name>FC120</camera_name>
<camera_model>FISHEYE</camera_model>
<calibration_time>"2022-08-12 02:20:19"</calibration_time>
<camIntrinsicMat type_id="opencv-matrix">
  <rows>3</rows>
  <cols>3</cols>
  <dt>d</dt>
  <data>
    9.8039782478860002e+02 0. 9.6852601876202607e+02 0.
    9.8035929522840001e+02 6.1445678677522858e+02 0. 0. 1.</data></camIntrinsicMat>
<distortion_coefficients type_id="opencv-matrix">
  <rows>4</rows>
  <cols>1</cols>
  <dt>d</dt>
  <data>
    -3.5021860929757065e-02 -2.1608234523014681e-02
    1.8929440065360414e-02 -1.0674851866590141e-02</data></distortion_coefficients>
<camIntriMatrix type_id="opencv-matrix">
  <rows>3</rows>
  <cols>4</cols>
  <dt>d</dt>
  <data>
    9.8039782478860002e+02 0. 9.6852601876202607e+02 0. 0.
    9.8035929522840001e+02 6.1445678677522858e+02 0. 0. 0. 1. 0.</data></camIntriMatrix>
<avg_reprojection_error>2.3017453022839116e-01</avg_reprojection_error>
</opencv_storage>
