<?xml version="1.0"?>
<opencv_storage>
<camera_name>RC</camera_name>
<calibration_time>"2022-08-12 11:21:12"</calibration_time>
<undistort>1</undistort>
<rotationMatrix type_id="opencv-matrix">
  <rows>3</rows>
  <cols>3</cols>
  <dt>d</dt>
  <data>
    9.9972349166357743e-01 -1.1094102362333392e-02
    -2.0733092117655255e-02 -2.1039469619425256e-02
    -2.8251666614648393e-02 -9.9937939945329479e-01
    1.0501472949943332e-02 9.9953927597982306e-01
    -2.8477268822918716e-02</data></rotationMatrix>
<offsetMatrix type_id="opencv-matrix">
  <rows>3</rows>
  <cols>1</cols>
  <dt>d</dt>
  <data>
    -1.8662478492266898e+03 1.3169429718225008e+03
    5.4946420795721942e+03</data></offsetMatrix>
<deltaXY>
  1780. -5340.</deltaXY>
<headLocation>
  1780. -5340.</headLocation>
<pointA>
  2.8771876482991888e+02 1.1276238675567652e+03</pointA>
<pointB>
  1.5790053499861597e+03 1.0974326906739989e+03</pointB>
<pointV>
  9.3223248291015625e+02 6.0420764160156250e+02</pointV>
<cameraLocation>
  1.8357377929687500e+03 -5.4756088867187500e+03 1.4339050292968750e+03</cameraLocation>
<extrinsicMatrix type_id="opencv-matrix">
  <rows>4</rows>
  <cols>4</cols>
  <dt>d</dt>
  <data>
    9.9972349166357743e-01 -1.1094102362333392e-02
    -2.0733092117655255e-02 -1.8662478492266898e+03
    -2.1039469619425256e-02 -2.8251666614648393e-02
    -9.9937939945329479e-01 1.3169429718225008e+03
    1.0501472949943332e-02 9.9953927597982306e-01
    -2.8477268822918716e-02 5.4946420795721942e+03 0. 0. 0. 1.</data></extrinsicMatrix>
 <!-- resumed -->

<yaw_z>6.3591211615190213e-01</yaw_z>
<pitch_x>9.1618914432122097e+01</pitch_x>
<roll_z>0.</roll_z>
</opencv_storage>
