<?xml version="1.0"?>
<opencv_storage>
<camera_name>RR</camera_name>
<camera_model>FISHEYE</camera_model>
<calibration_time>"2023-01-7 13:16:28"</calibration_time>
<camIntrinsicMat type_id="opencv-matrix">
  <rows>3</rows>
  <cols>3</cols>
  <dt>d</dt>
  <data>
    1136.4791918919886 0. 956.87240587946906 0.
    1136.6271117883371 599.27439721320422 0. 0. 1.</data></camIntrinsicMat>
<distortion_coefficients type_id="opencv-matrix">
  <rows>4</rows>
  <cols>1</cols>
  <dt>d</dt>
  <data>
    -0.0303113575520064 -0.0085197444083801206
     -0.040828687007671158 0.047523966728129204</data></distortion_coefficients>
<camIntriMatrix type_id="opencv-matrix">
  <rows>3</rows>
  <cols>4</cols>
  <dt>d</dt>
  <data>
    1136.4791918919886 0. 956.87240587946906 0. 0.
    1136.6271117883371 599.27439721320422 0. 0. 0. 1. 0.</data></camIntriMatrix>
<avg_reprojection_error>2.6457125923997610e-01</avg_reprojection_error>
</opencv_storage>
