<?xml version="1.0"?>
<opencv_storage>
<camera_name>RR</camera_name>
<camera_model>FISHEYE</camera_model>
<calibration_time>"2022-07-20 13:13:57"</calibration_time>
<camIntrinsicMat type_id="opencv-matrix">
  <rows>3</rows>
  <cols>3</cols>
  <dt>d</dt>
  <data>
    1.1506361280208905e+03 0. 9.6045306815251331e+02 0.
    1.1513365346878986e+03 5.9442952235713028e+02 0. 0. 1.</data></camIntrinsicMat>
<distortion_coefficients type_id="opencv-matrix">
  <rows>4</rows>
  <cols>1</cols>
  <dt>d</dt>
  <data>
    -4.2476710939573267e-02 2.2393293186145160e-02
    -6.8081047537639230e-02 4.9796321800928342e-02</data></distortion_coefficients>
<camIntriMatrix type_id="opencv-matrix">
  <rows>3</rows>
  <cols>4</cols>
  <dt>d</dt>
  <data>
    1.1506361280208905e+03 0. 9.6045306815251331e+02 0. 0.
    1.1513365346878986e+03 5.9442952235713028e+02 0. 0. 0. 1. 0.</data></camIntriMatrix>
<avg_reprojection_error>2.4614076964229131e-01</avg_reprojection_error>
</opencv_storage>
