<?xml version="1.0"?>
<opencv_storage>
<camera_name>RR</camera_name>
<calibration_time>"2022-07-29 13:23:36"</calibration_time>
<undistort>1</undistort>
<rotationMatrix type_id="opencv-matrix">
  <rows>3</rows>
  <cols>3</cols>
  <dt>d</dt>
  <data>
    6.8346474149456060e-01 -7.2878351631095628e-01
    4.1839377232595898e-02 2.6773623252359879e-02
    -3.2250700693407047e-02 -9.9912114650963368e-01
    7.2949237160625202e-01 6.8398426784409483e-01
    -2.5300415141983057e-03</data></rotationMatrix>
<offsetMatrix type_id="opencv-matrix">
  <rows>3</rows>
  <cols>1</cols>
  <dt>d</dt>
  <data>
    -7.8363644462190477e+03 9.2469394210042560e+02
    5.5313962416840359e+03</data></offsetMatrix>
<deltaXY>
  0. 0.</deltaXY>
<headLocation>
  0. 0.</headLocation>
<pointA>
  0. 0.</pointA>
<pointB>
  0. 0.</pointB>
<pointV>
  0. 0.</pointV>
<cameraLocation>
  1.2960100097656250e+03 -9.4645791015625000e+03 1.2657445068359375e+03</cameraLocation>
<extrinsicMatrix type_id="opencv-matrix">
  <rows>4</rows>
  <cols>4</cols>
  <dt>d</dt>
  <data>
    6.8346474149456060e-01 -7.2878351631095628e-01
    4.1839377232595898e-02 -7.8363644462190477e+03
    2.6773623252359879e-02 -3.2250700693407047e-02
    -9.9912114650963368e-01 9.2469394210042560e+02
    7.2949237160625202e-01 6.8398426784409483e-01
    -2.5300415141983057e-03 5.5313962416840359e+03 0. 0. 0. 1.</data></extrinsicMatrix>
 <!-- resumed -->

<bsd_deltaXY>
  2340. -6745.</bsd_deltaXY>
<yaw>-4.6843855408286871e+01</yaw>
<pitch>9.0211934757038819e+01</pitch>
<roll>2.2433222474160082e+00</roll>
<avg_reprojection_error>3.0197486281394958e-01</avg_reprojection_error>
</opencv_storage>
