<?xml version="1.0"?>
<opencv_storage>
<camera_name>FC120</camera_name>
<calibration_time>"2022-08-29 18:16:42"</calibration_time>
<undistort>1</undistort>
<rotationMatrix type_id="opencv-matrix">
  <rows>3</rows>
  <cols>3</cols>
  <dt>d</dt>
  <data>
    9.9996045744713458e-01 -8.2977435604865181e-03
    3.1985924907139396e-03 3.2286804321441875e-03 3.6151810295873736e-03
    -9.9998825297539884e-01 8.2860825957949708e-03
    9.9995903812002596e-01 3.6418288383650872e-03</data></rotationMatrix>
<offsetMatrix type_id="opencv-matrix">
  <rows>3</rows>
  <cols>1</cols>
  <dt>d</dt>
  <data>
    -1.8360574239737341e+03 2.3032723163973301e+03
    5.1316669079058274e+03</data></offsetMatrix>
<deltaXY>
  1750. -5000.</deltaXY>
<headLocation>
  1750. -5000.</headLocation>
<pointA>
  1.1920588633941147e+03 1.9889497336214285e+03</pointA>
<pointB>
  2.4886183459112854e+03 1.9883160236978085e+03</pointB>
<pointV>
  1.8777332763671875e+03 1.1158419189453125e+03</pointV>
<cameraLocation>
  1.7860268554687500e+03 -5.1550185546875000e+03 2.2904294433593750e+03</cameraLocation>
<extrinsicMatrix type_id="opencv-matrix">
  <rows>4</rows>
  <cols>4</cols>
  <dt>d</dt>
  <data>
    9.9996045744713458e-01 -8.2977435604865181e-03
    3.1985924907139396e-03 -1.8360574239737341e+03
    3.2286804321441875e-03 3.6151810295873736e-03
    -9.9998825297539884e-01 2.3032723163973301e+03
    8.2860825957949708e-03 9.9995903812002596e-01 3.6418288383650872e-03
    5.1316669079058274e+03 0. 0. 0. 1.</data></extrinsicMatrix>
 <!-- resumed -->

<yaw_z>-4.7476299534541438e-01</yaw_z>
<pitch_x>8.9791330952930821e+01</pitch_x>
<roll_z>1.8499643454178374e-01</roll_z>
</opencv_storage>
