<?xml version="1.0"?>
<opencv_storage>
<camera_name>FC60</camera_name>
<calibration_time>"2023-01-03 10:08:37"</calibration_time>
<undistort>1</undistort>
<rotationMatrix type_id="opencv-matrix">
  <rows>3</rows>
  <cols>3</cols>
  <dt>d</dt>
  <data>
    9.9999968367659331e-01 -5.3420146818412687e-04
    5.8930086090324958e-04 5.8578269470062534e-04
    -6.5622464705847455e-03 -9.9997829665442939e-01
    5.3805701171963339e-04 9.9997832554013433e-01
    -6.5619314688170408e-03</data></rotationMatrix>
<offsetMatrix type_id="opencv-matrix">
  <rows>3</rows>
  <cols>1</cols>
  <dt>d</dt>
  <data>
    -1.8689363967328134e+03 1.3937481178122428e+03
    5.3591750389916278e+03</data></offsetMatrix>
<deltaXY>
  1820. -5275.</deltaXY>
<headLocation>
  1820. -5275.</headLocation>
<pointA>
  2.6501296726024486e+02 1.1439512933065380e+03</pointA>
<pointB>
  1.5991792023637054e+03 1.1445440539785197e+03</pointB>
<pointV>
  9.4910516357421875e+02 6.2185150146484375e+02</pointV>
<cameraLocation>
  1.8652358398437500e+03 -5.3509111328125000e+03 1.4299857177734375e+03</cameraLocation>
<extrinsicMatrix type_id="opencv-matrix">
  <rows>4</rows>
  <cols>4</cols>
  <dt>d</dt>
  <data>
    9.9999968367659331e-01 -5.3420146818412687e-04
    5.8930086090324958e-04 -1.8689363967328134e+03
    5.8578269470062534e-04 -6.5622464705847455e-03
    -9.9997829665442939e-01 1.3937481178122428e+03
    5.3805701171963339e-04 9.9997832554013433e-01
    -6.5619314688170408e-03 5.3591750389916278e+03 0. 0. 0. 1.</data></extrinsicMatrix>
 <!-- resumed -->

<yaw_z>3.0608148738929957e-02</yaw_z>
<pitch_x>9.0375990757909022e+01</pitch_x>
<roll_z>0.</roll_z>
</opencv_storage>
