<?xml version="1.0"?>
<opencv_storage>
<camera_name>FC60</camera_name>
<camera_model>PINHOLE</camera_model>
<calibration_time>"2023-01-03 09:24:25"</calibration_time>
<camIntrinsicMat type_id="opencv-matrix">
  <rows>3</rows>
  <cols>3</cols>
  <dt>d</dt>
  <data>
    1.9646438954680123e+03 0. 9.5015470197581465e+02 0.
    1.9581430983543294e+03 6.3470159761981279e+02 0. 0. 1.</data></camIntrinsicMat>
<distortion_coefficients type_id="opencv-matrix">
  <rows>1</rows>
  <cols>5</cols>
  <dt>d</dt>
  <data>
    -4.9445097659305726e-01 2.2848023001877299e-01
    -4.5185126859250144e-03 -2.5194140273870826e-04
    -1.8783295459658133e-02</data></distortion_coefficients>
<camIntriMatrix type_id="opencv-matrix">
  <rows>3</rows>
  <cols>4</cols>
  <dt>d</dt>
  <data>
    1.9646438954680123e+03 0. 9.5015470197581465e+02 0. 0.
    1.9581430983543294e+03 6.3470159761981279e+02 0. 0. 0. 1. 0.</data></camIntriMatrix>
<avg_reprojection_error>2.7685692879299723e-01</avg_reprojection_error>
</opencv_storage>
