<?xml version="1.0"?>
<opencv_storage>
<camera_name>cam_bcb_far</camera_name>
<camera_model>PINHOLE</camera_model>
<calibration_time>"2022-06-21 15:53:38"</calibration_time>
<camIntrinsicMat type_id="opencv-matrix">
  <rows>3</rows>
  <cols>3</cols>
  <dt>d</dt>
  <data>
    1.9602237548828125e+03 0. 9.6290484619140625e+02 0.
    1.9629879150390625e+03 6.2140924072265625e+02 0. 0. 1.</data></camIntrinsicMat>
<distortion_coefficients type_id="opencv-matrix">
  <rows>1</rows>
  <cols>5</cols>
  <dt>d</dt>
  <data>
    -5.1677447557449341e-01 3.3793345093727112e-01
    1.6108967829495668e-03 -8.5935607785359025e-05
    -1.9667859375476837e-01</data></distortion_coefficients>
<camIntriMatrix type_id="opencv-matrix">
  <rows>3</rows>
  <cols>4</cols>
  <dt>d</dt>
  <data>
    1.9602237548828125e+03 0. 9.6290484619140625e+02 0. 0.
    1.9629879150390625e+03 6.2140924072265625e+02 0. 0. 0. 1. 0.</data></camIntriMatrix>
<avg_reprojection_error>0</avg_reprojection_error>
</opencv_storage>
