<?xml version="1.0"?>
<opencv_storage>
<camera_name>cam_bcb_far</camera_name>
<calibration_time>"2022-06-21 15:53:38"</calibration_time>
<undistort>1</undistort>
<rotationMatrix type_id="opencv-matrix">
  <rows>3</rows>
  <cols>3</cols>
  <dt>d</dt>
  <data>
    9.9969526337139414e-01 -1.7039222428848609e-02
    -1.7861838981991951e-02 -1.7860731311748118e-02
    2.1719454954816780e-04 -9.9984046082539435e-01
    1.7040383499438184e-02 9.9985479832101010e-01
    -8.7204611149390264e-05</data></rotationMatrix>
<offsetMatrix type_id="opencv-matrix">
  <rows>3</rows>
  <cols>1</cols>
  <dt>d</dt>
  <data>
    -1.9549624911122926e+03 1.4686947743995056e+03
    5.3142786786628430e+03</data></offsetMatrix>
<deltaXY>
  1820. -5225.</deltaXY>
<headLocation>
  1820. -5225.</headLocation>
<pointV>
  9.2949930708127886e+02 6.2183565291439788e+02</pointV>
<extrinsicMatrix type_id="opencv-matrix">
  <rows>4</rows>
  <cols>4</cols>
  <dt>d</dt>
  <data>
    9.9969526337139414e-01 -1.7039222428848609e-02
    -1.7861838981991951e-02 -1.9549624911122926e+03
    -1.7860731311748118e-02 2.1719454954816780e-04
    -9.9984046082539435e-01 1.4686947743995056e+03
    1.7040383499438184e-02 9.9985479832101010e-01
    -8.7204611149390264e-05 5.3142786786628430e+03 0. 0. 0. 1.</data></extrinsicMatrix>
</opencv_storage>
