<?xml version="1.0"?>
<opencv_storage>
<camera_name>RL</camera_name>
<camera_model>FISHEYE</camera_model>
<calibration_time>"2022-07-22 14:20:23"</calibration_time>
<camIntrinsicMat type_id="opencv-matrix">
  <rows>3</rows>
  <cols>3</cols>
  <dt>d</dt>
  <data>
    1.1495147617521673e+03 0. 9.6003202103147419e+02 0.
    1.1500298587464924e+03 5.9964832724834810e+02 0. 0. 1.</data></camIntrinsicMat>
<distortion_coefficients type_id="opencv-matrix">
  <rows>4</rows>
  <cols>1</cols>
  <dt>d</dt>
  <data>
    -2.5611334733597595e-02 -2.7963102865920738e-02
    8.7233591081075923e-03 5.6365319789563532e-04</data></distortion_coefficients>
<camIntriMatrix type_id="opencv-matrix">
  <rows>3</rows>
  <cols>4</cols>
  <dt>d</dt>
  <data>
    1.1495147617521673e+03 0. 9.6003202103147419e+02 0. 0.
    1.1500298587464924e+03 5.9964832724834810e+02 0. 0. 0. 1. 0.</data></camIntriMatrix>
<avg_reprojection_error>2.9745782636477758e-01</avg_reprojection_error>
</opencv_storage>
