<?xml version="1.0"?>
<opencv_storage>
<camera_name>RL</camera_name>
<calibration_time>"2022-12-07 17:33:38"</calibration_time>
<undistort>1</undistort>
<rotationMatrix type_id="opencv-matrix">
  <rows>3</rows>
  <cols>3</cols>
  <dt>d</dt>
  <data>
    7.3801449564967259e-01 6.7464941772561104e-01
    -1.3519148399711189e-02 -3.2806795587165982e-02
    1.5862640804150119e-02 -9.9933582483068251e-01
    -6.7398688293932052e-01 7.3796784468512766e-01
    3.3839944393071433e-02</data></rotationMatrix>
<offsetMatrix type_id="opencv-matrix">
  <rows>3</rows>
  <cols>1</cols>
  <dt>d</dt>
  <data>
    8.7442293277981007e+03 1.4388793862348302e+03 7.5501469206296024e+03</data></offsetMatrix>
<deltaXY>
  0. 0.</deltaXY>
<headLocation>
  0. 0.</headLocation>
<pointA>
  0. 0.</pointA>
<pointB>
  0. 0.</pointB>
<pointV>
  0. 0.</pointV>
<cameraLocation>
  -1.3174630126953125e+03 -1.1493878906250000e+04 1.3006417236328125e+03</cameraLocation>
<extrinsicMatrix type_id="opencv-matrix">
  <rows>4</rows>
  <cols>4</cols>
  <dt>d</dt>
  <data>
    7.3801449564967259e-01 6.7464941772561104e-01
    -1.3519148399711189e-02 8.7442293277981007e+03
    -3.2806795587165982e-02 1.5862640804150119e-02
    -9.9933582483068251e-01 1.4388793862348302e+03
    -6.7398688293932052e-01 7.3796784468512766e-01
    3.3839944393071433e-02 7.5501469206296024e+03 0. 0. 0. 1.</data></extrinsicMatrix>
 <!-- resumed -->

<bsd_deltaXY>
  -2835. -8775.</bsd_deltaXY>
<yaw>4.2375525459821432e+01</yaw>
<pitch>8.7374507939279482e+01</pitch>
<roll>-2.5452809973467749e+00</roll>
<avg_reprojection_error>1.2978502511978149e+00</avg_reprojection_error>
</opencv_storage>
