<?xml version="1.0"?>
<opencv_storage>
<camera_name>FR</camera_name>
<camera_model>FISHEYE</camera_model>
<calibration_time>"2022-07-26 15:06:19"</calibration_time>
<camIntrinsicMat type_id="opencv-matrix">
  <rows>3</rows>
  <cols>3</cols>
  <dt>d</dt>
  <data>
    1.1439148933344482e+03 0. 9.6088166488217848e+02 0.
    1.1456406821738740e+03 6.0425927793764129e+02 0. 0. 1.</data></camIntrinsicMat>
<distortion_coefficients type_id="opencv-matrix">
  <rows>4</rows>
  <cols>1</cols>
  <dt>d</dt>
  <data>
    -1.5413340007494811e-02 -8.7702914649739866e-02
    1.1836718180656630e-01 -6.3931929360894715e-02</data></distortion_coefficients>
<camIntriMatrix type_id="opencv-matrix">
  <rows>3</rows>
  <cols>4</cols>
  <dt>d</dt>
  <data>
    1.1439148933344482e+03 0. 9.6088166488217848e+02 0. 0.
    1.1456406821738740e+03 6.0425927793764129e+02 0. 0. 0. 1. 0.</data></camIntriMatrix>
<avg_reprojection_error>2.7961332122304550e-01</avg_reprojection_error>
</opencv_storage>
