<?xml version="1.0"?>
<opencv_storage>
<camera_name>RR</camera_name>
<calibration_time>"2023-01-05 09:47:02"</calibration_time>
<undistort>1</undistort>
<rotationMatrix type_id="opencv-matrix">
  <rows>3</rows>
  <cols>3</cols>
  <dt>d</dt>
  <data>
    7.0283153360828254e-01 -7.0990858582465854e-01
    4.5361163325717324e-02 2.4771046473872294e-02
    -3.9304088896042616e-02 -9.9892020895196676e-01
    7.1092491208454511e-01 7.0319626589486750e-01
    -1.0038974504218368e-02</data></rotationMatrix>
<offsetMatrix type_id="opencv-matrix">
  <rows>3</rows>
  <cols>1</cols>
  <dt>d</dt>
  <data>
    -7.7208756672839218e+03 8.5132130541026083e+02
    5.7673694992679730e+03</data></offsetMatrix>
<deltaXY>
  0. 0.</deltaXY>
<headLocation>
  0. 0.</headLocation>
<pointA>
  0. 0.</pointA>
<pointB>
  0. 0.</pointB>
<pointV>
  0. 0.</pointV>
<cameraLocation>
  1.3052200927734375e+03 -9.5032480468750000e+03 1.2585284423828125e+03</cameraLocation>
<extrinsicMatrix type_id="opencv-matrix">
  <rows>4</rows>
  <cols>4</cols>
  <dt>d</dt>
  <data>
    7.0283153360828254e-01 -7.0990858582465854e-01
    4.5361163325717324e-02 -7.7208756672839218e+03
    2.4771046473872294e-02 -3.9304088896042616e-02
    -9.9892020895196676e-01 8.5132130541026083e+02
    7.1092491208454511e-01 7.0319626589486750e-01
    -1.0038974504218368e-02 5.7673694992679730e+03 0. 0. 0. 1.</data></extrinsicMatrix>
 <!-- resumed -->

<bsd_deltaXY>
  2325. -6725.</bsd_deltaXY>
<yaw>-4.5310218200509844e+01</yaw>
<pitch>9.0817910768080523e+01</pitch>
<roll>2.0185337722500214e+00</roll>
<avg_reprojection_error>3.6234399676322937e-01</avg_reprojection_error>
</opencv_storage>
