<?xml version="1.0"?>
<opencv_storage>
<camera_name>RL</camera_name>
<calibration_time>"2021-12-04 15:37:09"</calibration_time>
<undistort>1</undistort>
<rotationMatrix type_id="opencv-matrix">
  <rows>3</rows>
  <cols>3</cols>
  <dt>d</dt>
  <data>
    6.9653948986052028e-01 7.1739279819186752e-01
    -1.3428036613304772e-02 -5.3451127680333999e-03
    -1.3526110456127810e-02 -9.9989423145922052e-01
    -7.1749854970887772e-01 6.9653759226503409e-01
    -5.5869246715977705e-03</data></rotationMatrix>
<offsetMatrix type_id="opencv-matrix">
  <rows>3</rows>
  <cols>1</cols>
  <dt>d</dt>
  <data>
    7.6582559294131570e+03 1.1741165129184089e+03 5.7155944194613958e+03</data></offsetMatrix>
<deltaXY>
  0. 0.</deltaXY>
<headLocation>
  0. 0.</headLocation>
<pointA>
  0. 0.</pointA>
<pointB>
  0. 0.</pointB>
<pointV>
  0. 0.</pointV>
<cameraLocation>
  -1.2270711669921875e+03 -9.4592226562500000e+03 1.3087602539062500e+03</cameraLocation>
<extrinsicMatrix type_id="opencv-matrix">
  <rows>4</rows>
  <cols>4</cols>
  <dt>d</dt>
  <data>
    6.9653948986052028e-01 7.1739279819186752e-01
    -1.3428036613304772e-02 7.6582559294131570e+03
    -5.3451127680333999e-03 -1.3526110456127810e-02
    -9.9989423145922052e-01 1.1741165129184089e+03
    -7.1749854970887772e-01 6.9653759226503409e-01
    -5.5869246715977705e-03 5.7155944194613958e+03 0. 0. 0. 1.</data></extrinsicMatrix>
 <!-- resumed -->

<bsd_deltaXY>
  -3445. -6710.</bsd_deltaXY>
<image_points type_id="opencv-matrix">
  <rows>56</rows>
  <cols>2</cols>
  <dt>f</dt>
  <data>
    1.10496863e+03 1.01579810e+03 1.15446716e+03 1.03015637e+03
    1.20736401e+03 1.04340308e+03 1.26470203e+03 1.05716833e+03
    1.32280945e+03 1.07072253e+03 1.38566467e+03 1.08458325e+03
    1.45035754e+03 1.09748950e+03 1.14355200e+03 9.96595276e+02
    1.19066797e+03 1.01159100e+03 1.24251233e+03 1.02347882e+03
    1.29828589e+03 1.03591260e+03 1.35586194e+03 1.04766785e+03
    1.41530530e+03 1.05974451e+03 1.47693115e+03 1.07081543e+03
    1.17829309e+03 9.83937622e+02 1.22580945e+03 9.95577087e+02
    1.27640540e+03 1.00690887e+03 1.33064062e+03 1.01717310e+03
    1.38437683e+03 1.02797876e+03 1.44223218e+03 1.03743201e+03
    1.50110278e+03 1.04804980e+03 1.21100049e+03 9.71272339e+02
    1.25758630e+03 9.79849915e+02 1.30676514e+03 9.88552185e+02
    1.35834131e+03 9.98952515e+02 1.41066479e+03 1.00891583e+03
    1.46611755e+03 1.01729791e+03 1.52291064e+03 1.02450061e+03
    1.24046729e+03 9.56950256e+02 1.28591028e+03 9.64992737e+02
    1.33377856e+03 9.74408813e+02 1.38431445e+03 9.82722839e+02
    1.43484070e+03 9.90707886e+02 1.48767761e+03 9.99156311e+02
    1.54158740e+03 1.00622430e+03 1.26834412e+03 9.44555176e+02
    1.31286462e+03 9.52028992e+02 1.35904468e+03 9.60011230e+02
    1.40720667e+03 9.66347717e+02 1.45610168e+03 9.74336487e+02
    1.50721716e+03 9.81610168e+02 1.55900366e+03 9.88777283e+02 -1. -1.
    1.33668567e+03 9.39366821e+02 1.38169775e+03 9.46049072e+02
    1.42894080e+03 9.52647949e+02 1.47645630e+03 9.58412231e+02
    1.52476172e+03 9.65733398e+02 1.57490796e+03 9.71455078e+02
    1.31747046e+03 9.21261414e+02 1.35931067e+03 9.27098267e+02
    1.40322290e+03 9.34092773e+02 1.44873694e+03 9.38997681e+02
    1.49426819e+03 9.45612610e+02 1.54077856e+03 9.50401428e+02
    1.58885010e+03 9.56687378e+02</data></image_points>
</opencv_storage>
