<?xml version="1.0"?>
<opencv_storage>
<camera_name>FR</camera_name>
<camera_model>FISHEYE</camera_model>
<calibration_time>"2022-07-12 01:52:45"</calibration_time>
<camIntrinsicMat type_id="opencv-matrix">
  <rows>3</rows>
  <cols>3</cols>
  <dt>d</dt>
  <data>
    1.4190043056985517e+03 0. 1.4456848363501290e+03 0.
    1.4201173080719973e+03 9.0032545082128183e+02 0. 0. 1.</data></camIntrinsicMat>
<distortion_coefficients type_id="opencv-matrix">
  <rows>4</rows>
  <cols>1</cols>
  <dt>d</dt>
  <data>
    2.1651165866179840e-02 9.4962044660467859e-05 7.1696115956115117e-03
    -5.2139962673181236e-03</data></distortion_coefficients>
<camIntriMatrix type_id="opencv-matrix">
  <rows>3</rows>
  <cols>4</cols>
  <dt>d</dt>
  <data>
    1.4190043056985517e+03 0. 1.4456848363501290e+03 0. 0.
    1.4201173080719973e+03 9.0032545082128183e+02 0. 0. 0. 1. 0.</data></camIntriMatrix>
<avg_reprojection_error>4.0494730109609656e-01</avg_reprojection_error>
</opencv_storage>
