<?xml version="1.0"?>
<opencv_storage>
<camera_name>FC60</camera_name>
<calibration_time>"2022-06-21 12:03:54"</calibration_time>
<undistort>1</undistort>
<rotationMatrix type_id="opencv-matrix">
  <rows>3</rows>
  <cols>3</cols>
  <dt>d</dt>
  <data>
    9.9999594274016124e-01 -2.8303325049836413e-03
    -3.2205764621495828e-04 -4.0753217719284791e-04
    -3.0250968294062066e-02 -9.9954225165062238e-01
    2.8192943693067865e-03 9.9953832749684135e-01
    -3.0251999009591257e-02</data></rotationMatrix>
<offsetMatrix type_id="opencv-matrix">
  <rows>3</rows>
  <cols>1</cols>
  <dt>d</dt>
  <data>
    -1.8695577755040822e+03 1.2608030728161452e+03
    5.3312809136883234e+03</data></offsetMatrix>
<deltaXY>
  1810. -5215.</deltaXY>
<headLocation>
  1810. -5215.</headLocation>
<pointA>
  2.6725981233554251e+02 1.0617810873142744e+03</pointA>
<pointB>
  1.5954566985402830e+03 1.0603534601592778e+03</pointB>
<pointV>
  9.4456854248046875e+02 5.4156817626953125e+02</pointV>
<cameraLocation>
  1.8550335693359375e+03 -5.2959707031250000e+03 1.4209057617187500e+03</cameraLocation>
<extrinsicMatrix type_id="opencv-matrix">
  <rows>4</rows>
  <cols>4</cols>
  <dt>d</dt>
  <data>
    9.9999594274016124e-01 -2.8303325049836413e-03
    -3.2205764621495828e-04 -1.8695577755040822e+03
    -4.0753217719284791e-04 -3.0250968294062066e-02
    -9.9954225165062238e-01 1.2608030728161452e+03
    2.8192943693067865e-03 9.9953832749684135e-01
    -3.0251999009591257e-02 5.3312809136883234e+03 0. 0. 0. 1.</data></extrinsicMatrix>
 <!-- resumed -->

<yaw_z>-1.6153388567309332e-01</yaw_z>
<pitch_x>9.1733583248819542e+01</pitch_x>
<roll_z>-2.3349967213133382e-02</roll_z>
</opencv_storage>
