<?xml version="1.0"?>
<opencv_storage>
<camera_name>RC</camera_name>
<camera_model>PINHOLE</camera_model>
<calibration_time>"2022-09-22 10:13:00"</calibration_time>
<camIntrinsicMat type_id="opencv-matrix">
  <rows>3</rows>
  <cols>3</cols>
  <dt>d</dt>
  <data>
    1.9513975638141803e+03 0. 9.5821520135993421e+02 0.
    1.9468099641049071e+03 6.4042401620237104e+02 0. 0. 1.</data></camIntrinsicMat>
<distortion_coefficients type_id="opencv-matrix">
  <rows>1</rows>
  <cols>5</cols>
  <dt>d</dt>
  <data>
    -4.9019360341854440e-01 2.1645589862931752e-01
    -2.4878332927597089e-03 -2.6848808497251654e-04
    -3.0010714361965664e-03</data></distortion_coefficients>
<camIntriMatrix type_id="opencv-matrix">
  <rows>3</rows>
  <cols>4</cols>
  <dt>d</dt>
  <data>
    1.9513975638141803e+03 0. 9.5821520135993421e+02 0. 0.
    1.9468099641049071e+03 6.4042401620237104e+02 0. 0. 0. 1. 0.</data></camIntriMatrix>
<avg_reprojection_error>2.0235938994147445e-01</avg_reprojection_error>
</opencv_storage>
