<?xml version="1.0"?>
<opencv_storage>
<camera_name>FC120</camera_name>
<camera_model>FISHEYE</camera_model>
<calibration_time>"2022-12-01 09:10:02"</calibration_time>
<camIntrinsicMat type_id="opencv-matrix">
  <rows>3</rows>
  <cols>3</cols>
  <dt>d</dt>
  <data>
    9.8399476673052288e+02 0. 9.7946881248493241e+02 0.
    9.8263652542725833e+02 5.9750377890621553e+02 0. 0. 1.</data></camIntrinsicMat>
<distortion_coefficients type_id="opencv-matrix">
  <rows>4</rows>
  <cols>1</cols>
  <dt>d</dt>
  <data>
    -2.1391352315806751e-02 -5.2169368615508381e-02
    6.7684351483863398e-02 -4.1645615899954788e-02</data></distortion_coefficients>
<camIntriMatrix type_id="opencv-matrix">
  <rows>3</rows>
  <cols>4</cols>
  <dt>d</dt>
  <data>
    9.8399476673052288e+02 0. 9.7946881248493241e+02 0. 0.
    9.8263652542725833e+02 5.9750377890621553e+02 0. 0. 0. 1. 0.</data></camIntriMatrix>
<avg_reprojection_error>5.4697344214824939e-01</avg_reprojection_error>
</opencv_storage>
