<?xml version="1.0"?>
<opencv_storage>
<camera_name>FC120</camera_name>
<calibration_time>"2022-12-01 09:26:25"</calibration_time>
<undistort>1</undistort>
<rotationMatrix type_id="opencv-matrix">
  <rows>3</rows>
  <cols>3</cols>
  <dt>d</dt>
  <data>
    9.9963992414280378e-01 -1.9243645634816911e-02
    1.8700378671325932e-02 1.8897833382045596e-02 1.0130583805918181e-02
    -9.9977009515448878e-01 1.9049775674107896e-02
    9.9976349872078885e-01 1.0490599236140267e-02</data></rotationMatrix>
<offsetMatrix type_id="opencv-matrix">
  <rows>3</rows>
  <cols>1</cols>
  <dt>d</dt>
  <data>
    -1.8583957300219777e+03 1.4609278366974590e+03
    3.4280266216892978e+03</data></offsetMatrix>
<deltaXY>
  1815. -3360.</deltaXY>
<headLocation>
  1815. -3360.</headLocation>
<pointA>
  4.4602730964303385e+02 1.0162756298216912e+03</pointA>
<pointB>
  1.4775742906890550e+03 1.0272701124619766e+03</pointB>
<pointV>
  9.6052868652343750e+02 6.0746081542968750e+02</pointV>
<cameraLocation>
  1.7648150634765625e+03 -3.4777783203125000e+03 1.4593825683593750e+03</cameraLocation>
<extrinsicMatrix type_id="opencv-matrix">
  <rows>4</rows>
  <cols>4</cols>
  <dt>d</dt>
  <data>
    9.9963992414280378e-01 -1.9243645634816911e-02
    1.8700378671325932e-02 -1.8583957300219777e+03
    1.8897833382045596e-02 1.0130583805918181e-02
    -9.9977009515448878e-01 1.4609278366974590e+03
    1.9049775674107896e-02 9.9976349872078885e-01 1.0490599236140267e-02
    3.4280266216892978e+03 0. 0. 0. 1.</data></extrinsicMatrix>
 <!-- resumed -->

<yaw_z>1.1027043728643513e+00</yaw_z>
<pitch_x>8.9419552538242968e+01</pitch_x>
<roll_z>0.</roll_z>
</opencv_storage>
