<?xml version="1.0"?>
<opencv_storage>
<camera_name>FC60</camera_name>
<camera_model>PINHOLE</camera_model>
<calibration_time>"2022-11-01 16:52:53"</calibration_time>
<camIntrinsicMat type_id="opencv-matrix">
  <rows>3</rows>
  <cols>3</cols>
  <dt>d</dt>
  <data>
    1.9437706214075281e+03 0. 9.4888215905030415e+02 0.
    1.9403966899097743e+03 6.2414391876113837e+02 0. 0. 1.</data></camIntrinsicMat>
<distortion_coefficients type_id="opencv-matrix">
  <rows>1</rows>
  <cols>5</cols>
  <dt>d</dt>
  <data>
    -4.8918580103987835e-01 2.3454661030047547e-01
    -3.4188845128766223e-03 -1.8914737044997207e-04
    -5.3344168027869829e-02</data></distortion_coefficients>
<camIntriMatrix type_id="opencv-matrix">
  <rows>3</rows>
  <cols>4</cols>
  <dt>d</dt>
  <data>
    1.9437706214075281e+03 0. 9.4888215905030415e+02 0. 0.
    1.9403966899097743e+03 6.2414391876113837e+02 0. 0. 0. 1. 0.</data></camIntriMatrix>
<avg_reprojection_error>2.2044857726243539e-01</avg_reprojection_error>
</opencv_storage>
