<?xml version="1.0"?>
<opencv_storage>
<camera_name>FC60</camera_name>
<calibration_time>"2022-11-01 17:27:46"</calibration_time>
<undistort>1</undistort>
<rotationMatrix type_id="opencv-matrix">
  <rows>3</rows>
  <cols>3</cols>
  <dt>d</dt>
  <data>
    9.9975410861127245e-01 -8.1956285778514402e-03
    -2.0604707886642332e-02 -2.0681383533136925e-02
    -9.3836148329303291e-03 -9.9974208081275762e-01
    8.0001681254364063e-03 9.9992238671052913e-01
    -9.5508044207614599e-03</data></rotationMatrix>
<offsetMatrix type_id="opencv-matrix">
  <rows>3</rows>
  <cols>1</cols>
  <dt>d</dt>
  <data>
    -1.8432109601527609e+03 1.4099991830688120e+03
    5.2932737030425596e+03</data></offsetMatrix>
<deltaXY>
  1800. -5225.</deltaXY>
<headLocation>
  1800. -5225.</headLocation>
<pointA>
  2.7202705682086048e+02 1.1410183335546881e+03</pointA>
<pointB>
  1.6047535170153274e+03 1.1107452627138441e+03</pointB>
<pointV>
  9.3295050048828125e+02 6.0593457031250000e+02</pointV>
<cameraLocation>
  1.8295714111328125e+03 -5.2947382812500000e+03 1.4222116699218750e+03</cameraLocation>
<extrinsicMatrix type_id="opencv-matrix">
  <rows>4</rows>
  <cols>4</cols>
  <dt>d</dt>
  <data>
    9.9975410861127245e-01 -8.1956285778514402e-03
    -2.0604707886642332e-02 -1.8432109601527609e+03
    -2.0681383533136925e-02 -9.3836148329303291e-03
    -9.9974208081275762e-01 1.4099991830688120e+03
    8.0001681254364063e-03 9.9992238671052913e-01
    -9.5508044207614599e-03 5.2932737030425596e+03 0. 0. 0. 1.</data></extrinsicMatrix>
 <!-- resumed -->

<yaw_z>4.6960085184349970e-01</yaw_z>
<pitch_x>9.0537647675184886e+01</pitch_x>
<roll_z>0.</roll_z>
</opencv_storage>
