<?xml version="1.0"?>
<opencv_storage>
<camera_name>FC120</camera_name>
<camera_model>FISHEYE</camera_model>
<calibration_time>"2022-06-22 22:54:47"</calibration_time>
<camIntrinsicMat type_id="opencv-matrix">
  <rows>3</rows>
  <cols>3</cols>
  <dt>d</dt>
  <data>
    9.8246096156884039e+02 0. 9.6560288613801868e+02 0.
    9.8173260133374856e+02 5.9702633200126456e+02 0. 0. 1.</data></camIntrinsicMat>
<distortion_coefficients type_id="opencv-matrix">
  <rows>4</rows>
  <cols>1</cols>
  <dt>d</dt>
  <data>
    -2.8819135092624487e-02 -2.2668564753618323e-02
    4.6388598356817022e-03 7.3022541026122000e-04</data></distortion_coefficients>
<camIntriMatrix type_id="opencv-matrix">
  <rows>3</rows>
  <cols>4</cols>
  <dt>d</dt>
  <data>
    9.8246096156884039e+02 0. 9.6560288613801868e+02 0. 0.
    9.8173260133374856e+02 5.9702633200126456e+02 0. 0. 0. 1. 0.</data></camIntriMatrix>
<avg_reprojection_error>3.5877224954299664e-01</avg_reprojection_error>
</opencv_storage>
