<?xml version="1.0"?>
<opencv_storage>
<camera_name>FR</camera_name>
<camera_model>FISHEYE</camera_model>
<calibration_time>"2022-10-21 09:36:31"</calibration_time>
<camIntrinsicMat type_id="opencv-matrix">
  <rows>3</rows>
  <cols>3</cols>
  <dt>d</dt>
  <data>
    1.1534869775013356e+03 0. 9.7511863706746692e+02 0.
    1.1529506584518790e+03 5.9603294041893753e+02 0. 0. 1.</data></camIntrinsicMat>
<distortion_coefficients type_id="opencv-matrix">
  <rows>4</rows>
  <cols>1</cols>
  <dt>d</dt>
  <data>
    -3.2978503599578490e-02 -2.5094012360403529e-02
    2.9487876806052814e-02 -2.1368814493128961e-02</data></distortion_coefficients>
<camIntriMatrix type_id="opencv-matrix">
  <rows>3</rows>
  <cols>4</cols>
  <dt>d</dt>
  <data>
    1.1534869775013356e+03 0. 9.7511863706746692e+02 0. 0.
    1.1529506584518790e+03 5.9603294041893753e+02 0. 0. 0. 1. 0.</data></camIntriMatrix>
<avg_reprojection_error>1.2026719202094471e-01</avg_reprojection_error>
</opencv_storage>
