<?xml version="1.0"?>
<opencv_storage>
<camera_name>RL</camera_name>
<calibration_time>"2022-12-11 13:09:23"</calibration_time>
<undistort>1</undistort>
<rotationMatrix type_id="opencv-matrix">
  <rows>3</rows>
  <cols>3</cols>
  <dt>d</dt>
  <data>
    7.1031100436010364e-01 7.0370563617964588e-01 1.6020446121779663e-02
    -3.0024767747760528e-03 2.5788820006552832e-02
    -9.9966290413113090e-01 -7.0388156831824911e-01
    7.1002346043751929e-01 2.0430942469024882e-02</data></rotationMatrix>
<offsetMatrix type_id="opencv-matrix">
  <rows>3</rows>
  <cols>1</cols>
  <dt>d</dt>
  <data>
    8.9568964408757201e+03 1.5788722596100151e+03 7.0851419249124310e+03</data></offsetMatrix>
<deltaXY>
  0. 0.</deltaXY>
<headLocation>
  0. 0.</headLocation>
<pointA>
  0. 0.</pointA>
<pointB>
  0. 0.</pointB>
<pointV>
  0. 0.</pointV>
<cameraLocation>
  -1.3703408203125000e+03 -1.1374352539062500e+04 1.2900904541015625e+03</cameraLocation>
<extrinsicMatrix type_id="opencv-matrix">
  <rows>4</rows>
  <cols>4</cols>
  <dt>d</dt>
  <data>
    7.1031100436010364e-01 7.0370563617964588e-01 1.6020446121779663e-02
    8.9568964408757201e+03 -3.0024767747760528e-03
    2.5788820006552832e-02 -9.9966290413113090e-01
    1.5788722596100151e+03 -7.0388156831824911e-01
    7.1002346043751929e-01 2.0430942469024882e-02 7.0851419249124310e+03
    0. 0. 0. 1.</data></extrinsicMatrix>
 <!-- resumed -->

<bsd_deltaXY>
  -3150. -8700.</bsd_deltaXY>
<yaw>4.4739257394820648e+01</yaw>
<pitch>8.8351767353742872e+01</pitch>
<roll>-2.4218718513708040e-01</roll>
<avg_reprojection_error>5.4436576366424561e-01</avg_reprojection_error>
</opencv_storage>
