<?xml version="1.0"?>
<opencv_storage>
<camera_name>RL</camera_name>
<camera_model>FISHEYE</camera_model>
<calibration_time>"2022-12-09 14:58:07"</calibration_time>
<camIntrinsicMat type_id="opencv-matrix">
  <rows>3</rows>
  <cols>3</cols>
  <dt>d</dt>
  <data>
    1.1526760023198549e+03 0. 9.6245772173767352e+02 0.
    1.1510806842365400e+03 6.0334207116208063e+02 0. 0. 1.</data></camIntrinsicMat>
<distortion_coefficients type_id="opencv-matrix">
  <rows>4</rows>
  <cols>1</cols>
  <dt>d</dt>
  <data>
    -7.4202450242610310e-02 1.2851895083549317e-01
    -2.2654067895510085e-01 1.3340922422939655e-01</data></distortion_coefficients>
<camIntriMatrix type_id="opencv-matrix">
  <rows>3</rows>
  <cols>4</cols>
  <dt>d</dt>
  <data>
    1.1526760023198549e+03 0. 9.6245772173767352e+02 0. 0.
    1.1510806842365400e+03 6.0334207116208063e+02 0. 0. 0. 1. 0.</data></camIntriMatrix>
<avg_reprojection_error>2.5153104085057282e-01</avg_reprojection_error>
</opencv_storage>
