<?xml version="1.0"?>
<opencv_storage>
<camera_name>RL</camera_name>
<calibration_time>"2022-06-21 12:14:15"</calibration_time>
<undistort>1</undistort>
<rotationMatrix type_id="opencv-matrix">
  <rows>3</rows>
  <cols>3</cols>
  <dt>d</dt>
  <data>
    6.9012581438413656e-01 7.2368800948894463e-01 1.4231101719453521e-03
    -1.9236370976399686e-02 2.0309952965086919e-02
    -9.9960865734657101e-01 -7.2343370280371277e-01
    6.8982836324152785e-01 2.7937553851835772e-02</data></rotationMatrix>
<offsetMatrix type_id="opencv-matrix">
  <rows>3</rows>
  <cols>1</cols>
  <dt>d</dt>
  <data>
    7.7493923593757763e+03 1.4420529546843557e+03 5.5589976119666071e+03</data></offsetMatrix>
<deltaXY>
  0. 0.</deltaXY>
<headLocation>
  0. 0.</headLocation>
<pointA>
  0. 0.</pointA>
<pointB>
  0. 0.</pointB>
<pointV>
  0. 0.</pointV>
<cameraLocation>
  -1.2987496337890625e+03 -9.4721845703125000e+03 1.2751556396484375e+03</cameraLocation>
<extrinsicMatrix type_id="opencv-matrix">
  <rows>4</rows>
  <cols>4</cols>
  <dt>d</dt>
  <data>
    6.9012581438413656e-01 7.2368800948894463e-01 1.4231101719453521e-03
    7.7493923593757763e+03 -1.9236370976399686e-02
    2.0309952965086919e-02 -9.9960865734657101e-01
    1.4420529546843557e+03 -7.2343370280371277e-01
    6.8982836324152785e-01 2.7937553851835772e-02 5.5589976119666071e+03
    0. 0. 0. 1.</data></extrinsicMatrix>
 <!-- resumed -->

<bsd_deltaXY>
  -2860. -6485.</bsd_deltaXY>
<yaw>4.6338705515484214e+01</yaw>
<pitch>8.7680829439241009e+01</pitch>
<roll>-1.5966328754724168e+00</roll>
<avg_reprojection_error>3.7354049086570740e-01</avg_reprojection_error>
</opencv_storage>
