<?xml version="1.0"?>
<opencv_storage>
<camera_name>RL</camera_name>
<camera_model>FISHEYE</camera_model>
<calibration_time>"2022-06-17 23:27:04"</calibration_time>
<camIntrinsicMat type_id="opencv-matrix">
  <rows>3</rows>
  <cols>3</cols>
  <dt>d</dt>
  <data>
    1.1493569876070239e+03 0. 9.6372071553584885e+02 0.
    1.1502635248865836e+03 6.0858027069570232e+02 0. 0. 1.</data></camIntrinsicMat>
<distortion_coefficients type_id="opencv-matrix">
  <rows>4</rows>
  <cols>1</cols>
  <dt>d</dt>
  <data>
    -3.2896893768440752e-02 -2.3868796161407132e-02
    2.9305629153169331e-02 -2.0683503235782923e-02</data></distortion_coefficients>
<camIntriMatrix type_id="opencv-matrix">
  <rows>3</rows>
  <cols>4</cols>
  <dt>d</dt>
  <data>
    1.1493569876070239e+03 0. 9.6372071553584885e+02 0. 0.
    1.1502635248865836e+03 6.0858027069570232e+02 0. 0. 0. 1. 0.</data></camIntriMatrix>
<avg_reprojection_error>2.1750486089866158e-01</avg_reprojection_error>
</opencv_storage>
