<?xml version="1.0"?>
<opencv_storage>
<camera_name>RL</camera_name>
<calibration_time>"2022-06-24 17:32:42"</calibration_time>
<undistort>1</undistort>
<rotationMatrix type_id="opencv-matrix">
  <rows>3</rows>
  <cols>3</cols>
  <dt>d</dt>
  <data>
    6.9709790040270547e-01 7.1667600063783077e-01
    -2.0737101145139547e-02 -3.3282899425658097e-02
    3.4547702765531374e-03 -9.9943999978395792e-01
    -7.1620302000198333e-01 6.9739771627967084e-01
    2.6261368356170656e-02</data></rotationMatrix>
<offsetMatrix type_id="opencv-matrix">
  <rows>3</rows>
  <cols>1</cols>
  <dt>d</dt>
  <data>
    7.7411866354252588e+03 1.2533186461653956e+03 5.6590301110106439e+03</data></offsetMatrix>
<deltaXY>
  0. 0.</deltaXY>
<headLocation>
  0. 0.</headLocation>
<pointA>
  0. 0.</pointA>
<pointB>
  0. 0.</pointB>
<pointV>
  0. 0.</pointV>
<cameraLocation>
  -1.3016364746093750e+03 -9.4988476562500000e+03 1.2645327148437500e+03</cameraLocation>
<extrinsicMatrix type_id="opencv-matrix">
  <rows>4</rows>
  <cols>4</cols>
  <dt>d</dt>
  <data>
    6.9709790040270547e-01 7.1667600063783077e-01
    -2.0737101145139547e-02 7.7411866354252588e+03
    -3.3282899425658097e-02 3.4547702765531374e-03
    -9.9943999978395792e-01 1.2533186461653956e+03
    -7.1620302000198333e-01 6.9739771627967084e-01
    2.6261368356170656e-02 5.6590301110106439e+03 0. 0. 0. 1.</data></extrinsicMatrix>
 <!-- resumed -->

<bsd_deltaXY>
  -3130. -6830.</bsd_deltaXY>
<yaw>4.5741877260591487e+01</yaw>
<pitch>8.7843475911431781e+01</pitch>
<roll>-2.7335078974362261e+00</roll>
<avg_reprojection_error>2.9497841000556946e-01</avg_reprojection_error>
</opencv_storage>
