<?xml version="1.0"?>
<opencv_storage>
<camera_name>RL</camera_name>
<camera_model>FISHEYE</camera_model>
<calibration_time>"2022-06-24 16:32:31"</calibration_time>
<camIntrinsicMat type_id="opencv-matrix">
  <rows>3</rows>
  <cols>3</cols>
  <dt>d</dt>
  <data>
    1.1513506078262442e+03 0. 9.6855691177413053e+02 0.
    1.1528652834861591e+03 5.8447291864076908e+02 0. 0. 1.</data></camIntrinsicMat>
<distortion_coefficients type_id="opencv-matrix">
  <rows>4</rows>
  <cols>1</cols>
  <dt>d</dt>
  <data>
    -3.1441534195842252e-02 -4.0320480784176681e-02
    7.4211551689106217e-02 -5.9393907961496989e-02</data></distortion_coefficients>
<camIntriMatrix type_id="opencv-matrix">
  <rows>3</rows>
  <cols>4</cols>
  <dt>d</dt>
  <data>
    1.1513506078262442e+03 0. 9.6855691177413053e+02 0. 0.
    1.1528652834861591e+03 5.8447291864076908e+02 0. 0. 0. 1. 0.</data></camIntriMatrix>
<avg_reprojection_error>2.7307986176338911e-01</avg_reprojection_error>
</opencv_storage>
