<?xml version="1.0"?>
<opencv_storage>
<camera_name>FL</camera_name>
<camera_model>FISHEYE</camera_model>
<calibration_time>"2022-07-27 19:16:19"</calibration_time>
<camIntrinsicMat type_id="opencv-matrix">
  <rows>3</rows>
  <cols>3</cols>
  <dt>d</dt>
  <data>
    1.4162823748278133e+03 0. 1.4190454725037694e+03 0.
    1.4173185859210998e+03 9.2798145991111585e+02 0. 0. 1.</data></camIntrinsicMat>
<distortion_coefficients type_id="opencv-matrix">
  <rows>4</rows>
  <cols>1</cols>
  <dt>d</dt>
  <data>
    2.7750186957444654e-02 -1.2398120933497797e-02
    1.2033094334982810e-02 -3.4489147194578288e-03</data></distortion_coefficients>
<camIntriMatrix type_id="opencv-matrix">
  <rows>3</rows>
  <cols>4</cols>
  <dt>d</dt>
  <data>
    1.4162823748278133e+03 0. 1.4190454725037694e+03 0. 0.
    1.4173185859210998e+03 9.2798145991111585e+02 0. 0. 0. 1. 0.</data></camIntriMatrix>
<avg_reprojection_error>4.6665306929189265e-01</avg_reprojection_error>
</opencv_storage>
