<?xml version="1.0"?>
<opencv_storage>
<camera_name>FL</camera_name>
<calibration_time>"2022-08-06 13:00:27"</calibration_time>
<undistort>1</undistort>
<rotationMatrix type_id="opencv-matrix">
  <rows>3</rows>
  <cols>3</cols>
  <dt>d</dt>
  <data>
    -7.3335818726965041e-01 6.7983534036088678e-01
    3.1111349970061042e-03 -7.7262309229506054e-03
    -3.7583726374769144e-03 -9.9996308931422184e-01
    -6.7979855436761372e-01 -7.3335515586345645e-01
    8.0087981737143599e-03</data></rotationMatrix>
<offsetMatrix type_id="opencv-matrix">
  <rows>3</rows>
  <cols>1</cols>
  <dt>d</dt>
  <data>
    -7.8105237745229863e+02 1.7111028369034041e+03
    -1.1350211348765924e+03</data></offsetMatrix>
<deltaXY>
  0. 0.</deltaXY>
<headLocation>
  0. 0.</headLocation>
<pointA>
  0. 0.</pointA>
<pointB>
  0. 0.</pointB>
<pointV>
  0. 0.</pointV>
<cameraLocation>
  -1.3311564941406250e+03 -2.9495562744140625e+02 1.7225598144531250e+03</cameraLocation>
<extrinsicMatrix type_id="opencv-matrix">
  <rows>4</rows>
  <cols>4</cols>
  <dt>d</dt>
  <data>
    -7.3335818726965041e-01 6.7983534036088678e-01
    3.1111349970061042e-03 -7.8105237745229863e+02
    -7.7262309229506054e-03 -3.7583726374769144e-03
    -9.9996308931422184e-01 1.7111028369034041e+03
    -6.7979855436761372e-01 -7.3335515586345645e-01
    8.0087981737143599e-03 -1.1350211348765924e+03 0. 0. 0. 1.</data></extrinsicMatrix>
 <!-- resumed -->

<bsd_deltaXY>
  -3075. -3830.</bsd_deltaXY>
<yaw>4.2827902259280286e+01</yaw>
<pitch>-8.9374311218968174e+01</pitch>
<roll>-1.7939638766733879e+02</roll>
<avg_reprojection_error>3.9941385388374329e-01</avg_reprojection_error>
</opencv_storage>
