<?xml version="1.0"?>
<opencv_storage>
<camera_name>FR</camera_name>
<calibration_time>"2022-07-16 14:21:14"</calibration_time>
<undistort>1</undistort>
<rotationMatrix type_id="opencv-matrix">
  <rows>3</rows>
  <cols>3</cols>
  <dt>d</dt>
  <data>
    -7.1077920627545232e-01 -7.0341357794275861e-01
    -1.5027615261971605e-03 1.1737553122336819e-02
    -9.7243242960038945e-03 -9.9988382693375244e-01
    7.0331724689014852e-01 -7.1071427161887812e-01
    1.5168201742754572e-02</data></rotationMatrix>
<offsetMatrix type_id="opencv-matrix">
  <rows>3</rows>
  <cols>1</cols>
  <dt>d</dt>
  <data>
    1.0979881328096415e+03 1.7188262030800404e+03
    -8.2709072188291759e+02</data></offsetMatrix>
<deltaXY>
  0. 0.</deltaXY>
<headLocation>
  0. 0.</headLocation>
<pointA>
  0. 0.</pointA>
<pointB>
  0. 0.</pointB>
<pointV>
  0. 0.</pointV>
<cameraLocation>
  1.3419594726562500e+03 2.0122900390625000e+02 1.7328220214843750e+03</cameraLocation>
<extrinsicMatrix type_id="opencv-matrix">
  <rows>4</rows>
  <cols>4</cols>
  <dt>d</dt>
  <data>
    -7.1077920627545232e-01 -7.0341357794275861e-01
    -1.5027615261971605e-03 1.0979881328096415e+03
    1.1737553122336819e-02 -9.7243242960038945e-03
    -9.9988382693375244e-01 1.7188262030800404e+03
    7.0331724689014852e-01 -7.1071427161887812e-01
    1.5168201742754572e-02 -8.2709072188291759e+02 0. 0. 0. 1.</data></extrinsicMatrix>
 <!-- resumed -->

<bsd_deltaXY>
  2120. -4030.</bsd_deltaXY>
<yaw>-4.4693757102532821e+01</yaw>
<pitch>-8.8777367977348476e+01</pitch>
<roll>1.7905392401980984e+02</roll>
<avg_reprojection_error>3.6675637960433960e-01</avg_reprojection_error>
</opencv_storage>
