<?xml version="1.0"?>
<opencv_storage>
<camera_name>FR</camera_name>
<camera_model>FISHEYE</camera_model>
<calibration_time>"2022-06-08 20:20:07"</calibration_time>
<camIntrinsicMat type_id="opencv-matrix">
  <rows>3</rows>
  <cols>3</cols>
  <dt>d</dt>
  <data>
    1.4211360603051087e+03 0. 1.4133833519921325e+03 0.
    1.4201697569452415e+03 9.0649431753905435e+02 0. 0. 1.</data></camIntrinsicMat>
<distortion_coefficients type_id="opencv-matrix">
  <rows>4</rows>
  <cols>1</cols>
  <dt>d</dt>
  <data>
    2.1082682524088511e-02 -9.5928267771690928e-04
    6.7942046069930121e-03 -3.6913069765126204e-03</data></distortion_coefficients>
<camIntriMatrix type_id="opencv-matrix">
  <rows>3</rows>
  <cols>4</cols>
  <dt>d</dt>
  <data>
    1.4211360603051087e+03 0. 1.4133833519921325e+03 0. 0.
    1.4201697569452415e+03 9.0649431753905435e+02 0. 0. 0. 1. 0.</data></camIntriMatrix>
<avg_reprojection_error>3.6075757895692362e-01</avg_reprojection_error>
</opencv_storage>
