<?xml version="1.0"?>
<opencv_storage>
<camera_name>FL</camera_name>
<camera_model>FISHEYE</camera_model>
<calibration_time>"2022-09-08 21:11:09"</calibration_time>
<camIntrinsicMat type_id="opencv-matrix">
  <rows>3</rows>
  <cols>3</cols>
  <dt>d</dt>
  <data>
    1.1535373277487924e+03 0. 9.6694765462809630e+02 0.
    1.1515585950724549e+03 6.0568903578219476e+02 0. 0. 1.</data></camIntrinsicMat>
<distortion_coefficients type_id="opencv-matrix">
  <rows>4</rows>
  <cols>1</cols>
  <dt>d</dt>
  <data>
    -3.7265250048303215e-02 -5.7691419578609739e-03
    -4.9190246157952804e-03 3.5136098394522208e-03</data></distortion_coefficients>
<camIntriMatrix type_id="opencv-matrix">
  <rows>3</rows>
  <cols>4</cols>
  <dt>d</dt>
  <data>
    1.1535373277487924e+03 0. 9.6694765462809630e+02 0. 0.
    1.1515585950724549e+03 6.0568903578219476e+02 0. 0. 0. 1. 0.</data></camIntriMatrix>
<avg_reprojection_error>2.7232579004657725e-01</avg_reprojection_error>
</opencv_storage>
