<?xml version="1.0"?>
<opencv_storage>
<camera_name>FR</camera_name>
<calibration_time>"2023-02-12 11:11:59"</calibration_time>
<undistort>1</undistort>
<rotationMatrix type_id="opencv-matrix">
  <rows>3</rows>
  <cols>3</cols>
  <dt>d</dt>
  <data>
    -7.0454314747196478e-01 -7.0882055574399083e-01
    -3.4530755929711998e-02 5.4134504933194327e-02
    -5.1641190873528142e-03 -9.9852029886712357e-01
    7.0759339222885298e-01 -7.0536993955571403e-01
    4.2009994587396182e-02</data></rotationMatrix>
<offsetMatrix type_id="opencv-matrix">
  <rows>3</rows>
  <cols>1</cols>
  <dt>d</dt>
  <data>
    -2.7743397778091739e+03 1.1557771303602435e+03
    -4.6540194028808482e+03</data></offsetMatrix>
<deltaXY>
  0. 0.</deltaXY>
<headLocation>
  0. 0.</headLocation>
<pointA>
  0. 0.</pointA>
<pointB>
  0. 0.</pointB>
<pointV>
  0. 0.</pointV>
<cameraLocation>
  1.2759438476562500e+03 -5.2433457031250000e+03 1.2537822265625000e+03</cameraLocation>
<extrinsicMatrix type_id="opencv-matrix">
  <rows>4</rows>
  <cols>4</cols>
  <dt>d</dt>
  <data>
    -7.0454314747196478e-01 -7.0882055574399083e-01
    -3.4530755929711998e-02 -2.7743397778091739e+03
    5.4134504933194327e-02 -5.1641190873528142e-03
    -9.9852029886712357e-01 1.1557771303602435e+03
    7.0759339222885298e-01 -7.0536993955571403e-01
    4.2009994587396182e-02 -4.6540194028808482e+03 0. 0. 0. 1.</data></extrinsicMatrix>
 <!-- resumed -->

<bsd_deltaXY>
  2050. -8850.</bsd_deltaXY>
<yaw>-4.5039441966178586e+01</yaw>
<pitch>-8.6591638860035260e+01</pitch>
<roll>1.7560623606539991e+02</roll>
<avg_reprojection_error>5.5035185813903809e-01</avg_reprojection_error>
</opencv_storage>
