<?xml version="1.0"?>
<opencv_storage>
<camera_name>FR</camera_name>
<camera_model>FISHEYE</camera_model>
<calibration_time>"2022-07-04 10:01:12"</calibration_time>
<camIntrinsicMat type_id="opencv-matrix">
  <rows>3</rows>
  <cols>3</cols>
  <dt>d</dt>
  <data>
    1.1385313870706343e+03 0. 9.6698699701948078e+02 0.
    1.1371792886877645e+03 5.9340742684085433e+02 0. 0. 1.</data></camIntrinsicMat>
<distortion_coefficients type_id="opencv-matrix">
  <rows>4</rows>
  <cols>1</cols>
  <dt>d</dt>
  <data>
    -3.9168338820718636e-02 5.6889832342628316e-02
    -2.0376187239232910e-01 1.7953622156708460e-01</data></distortion_coefficients>
<camIntriMatrix type_id="opencv-matrix">
  <rows>3</rows>
  <cols>4</cols>
  <dt>d</dt>
  <data>
    1.1385313870706343e+03 0. 9.6698699701948078e+02 0. 0.
    1.1371792886877645e+03 5.9340742684085433e+02 0. 0. 0. 1. 0.</data></camIntriMatrix>
<avg_reprojection_error>4.1044937879699300e-01</avg_reprojection_error>
</opencv_storage>
