<?xml version="1.0"?>
<opencv_storage>
<camera_name>FC120</camera_name>
<calibration_time>"2022-10-21 10:52:14"</calibration_time>
<undistort>1</undistort>
<rotationMatrix type_id="opencv-matrix">
  <rows>3</rows>
  <cols>3</cols>
  <dt>d</dt>
  <data>
    9.9966084778387321e-01 -6.8599387151519050e-03
    -2.5122313763908732e-02 -2.5273977563871047e-02
    -2.2997828748836737e-02 -9.9941599243305090e-01
    6.2781737893165329e-03 9.9971197907880627e-01
    -2.3163406921426745e-02</data></rotationMatrix>
<offsetMatrix type_id="opencv-matrix">
  <rows>3</rows>
  <cols>1</cols>
  <dt>d</dt>
  <data>
    -1.7392919561848114e+03 1.3979952344848680e+03
    3.3471299887479163e+03</data></offsetMatrix>
<deltaXY>
  1830. -3295.</deltaXY>
<headLocation>
  1830. -3295.</headLocation>
<pointA>
  4.6392689908198327e+02 1.0038252984617939e+03</pointA>
<pointB>
  1.5222494067205912e+03 9.7442882502924124e+02</pointB>
<pointV>
  9.6488726806640625e+02 5.7389855957031250e+02</pointV>
<cameraLocation>
  1.7530211181640625e+03 -3.3259465332031250e+03 1.4310146484375000e+03</cameraLocation>
<extrinsicMatrix type_id="opencv-matrix">
  <rows>4</rows>
  <cols>4</cols>
  <dt>d</dt>
  <data>
    9.9966084778387321e-01 -6.8599387151519050e-03
    -2.5122313763908732e-02 -1.7392919561848114e+03
    -2.5273977563871047e-02 -2.2997828748836737e-02
    -9.9941599243305090e-01 1.3979952344848680e+03
    6.2781737893165329e-03 9.9971197907880627e-01
    -2.3163406921426745e-02 3.3471299887479163e+03 0. 0. 0. 1.</data></extrinsicMatrix>
 <!-- resumed -->

<yaw_z>3.9315259885638332e-01</yaw_z>
<pitch_x>9.1317791882183741e+01</pitch_x>
<roll_z>0.</roll_z>
</opencv_storage>
