<?xml version="1.0"?>
<opencv_storage>
<camera_name>FC120</camera_name>
<camera_model>FISHEYE</camera_model>
<calibration_time>"2022-06-08 19:49:20"</calibration_time>
<camIntrinsicMat type_id="opencv-matrix">
  <rows>3</rows>
  <cols>3</cols>
  <dt>d</dt>
  <data>
    1.9571059524546715e+03 0. 1.9591486753426284e+03 0.
    1.9568829944313754e+03 1.0447951541758898e+03 0. 0. 1.</data></camIntrinsicMat>
<distortion_coefficients type_id="opencv-matrix">
  <rows>4</rows>
  <cols>1</cols>
  <dt>d</dt>
  <data>
    -5.4804278809974738e-02 2.2998228193871211e-03
    3.1397189537373817e-03 -3.7553996100041084e-03</data></distortion_coefficients>
<camIntriMatrix type_id="opencv-matrix">
  <rows>3</rows>
  <cols>4</cols>
  <dt>d</dt>
  <data>
    1.9571059524546715e+03 0. 1.9591486753426284e+03 0. 0.
    1.9568829944313754e+03 1.0447951541758898e+03 0. 0. 0. 1. 0.</data></camIntriMatrix>
<avg_reprojection_error>3.3884958624877415e-01</avg_reprojection_error>
</opencv_storage>
