<?xml version="1.0"?>
<opencv_storage>
<camera_name>FC120</camera_name>
<calibration_time>"2022-09-22 21:59:12"</calibration_time>
<undistort>1</undistort>
<rotationMatrix type_id="opencv-matrix">
  <rows>3</rows>
  <cols>3</cols>
  <dt>d</dt>
  <data>
    9.9989218682431091e-01 1.4680688271377031e-02
    -3.0351206901392465e-04 8.8432792185063475e-05
    -2.6689974962720776e-02 -9.9964375525290539e-01
    -1.4683559082819486e-02 9.9953595364467407e-01
    -2.6688395686016018e-02</data></rotationMatrix>
<offsetMatrix type_id="opencv-matrix">
  <rows>3</rows>
  <cols>1</cols>
  <dt>d</dt>
  <data>
    -1.7402875853147639e+03 2.1704289010528510e+03
    5.0557727569830877e+03</data></offsetMatrix>
<deltaXY>
  1815. -4765.</deltaXY>
<headLocation>
  1815. -4765.</headLocation>
<pointA>
  1.2854777340412838e+03 1.8848794718949407e+03</pointA>
<pointB>
  2.8124738215655470e+03 1.8946896262284490e+03</pointB>
<pointV>
  1.9878936767578125e+03 9.9254174804687500e+02</pointV>
<cameraLocation>
  1.8141447753906250e+03 -4.9699492187500000e+03 2.3040578613281250e+03</cameraLocation>
<extrinsicMatrix type_id="opencv-matrix">
  <rows>4</rows>
  <cols>4</cols>
  <dt>d</dt>
  <data>
    9.9989218682431091e-01 1.4680688271377031e-02
    -3.0351206901392465e-04 -1.7402875853147639e+03
    8.8432792185063475e-05 -2.6689974962720776e-02
    -9.9964375525290539e-01 2.1704289010528510e+03
    -1.4683559082819486e-02 9.9953595364467407e-01
    -2.6688395686016018e-02 5.0557727569830877e+03 0. 0. 0. 1.</data></extrinsicMatrix>
 <!-- resumed -->

<yaw_z>8.4133621157790284e-01</yaw_z>
<pitch_x>9.1529478950143158e+01</pitch_x>
<roll_z>5.0673720790268845e-03</roll_z>
</opencv_storage>
