<?xml version="1.0"?>
<opencv_storage>
<camera_name>FC60</camera_name>
<camera_model>PINHOLE</camera_model>
<calibration_time>"2022-07-07 17:03:59"</calibration_time>
<camIntrinsicMat type_id="opencv-matrix">
  <rows>3</rows>
  <cols>3</cols>
  <dt>d</dt>
  <data>
    1.9406383486848049e+03 0. 9.4873915770086819e+02 0.
    1.9416805333810678e+03 6.1064880433710709e+02 0. 0. 1.</data></camIntrinsicMat>
<distortion_coefficients type_id="opencv-matrix">
  <rows>1</rows>
  <cols>5</cols>
  <dt>d</dt>
  <data>
    -5.0831255047828927e-01 3.1473939113802979e-01
    8.5532225283491874e-04 3.3634058530075195e-04
    -1.5780399831792405e-01</data></distortion_coefficients>
<camIntriMatrix type_id="opencv-matrix">
  <rows>3</rows>
  <cols>4</cols>
  <dt>d</dt>
  <data>
    1.9406383486848049e+03 0. 9.4873915770086819e+02 0. 0.
    1.9416805333810678e+03 6.1064880433710709e+02 0. 0. 0. 1. 0.</data></camIntriMatrix>
<avg_reprojection_error>1.5019536084640492e-01</avg_reprojection_error>
</opencv_storage>
