<?xml version="1.0"?>
<opencv_storage>
<camera_name>FC60</camera_name>
<calibration_time>"2022-07-07 17:41:06"</calibration_time>
<undistort>1</undistort>
<rotationMatrix type_id="opencv-matrix">
  <rows>3</rows>
  <cols>3</cols>
  <dt>d</dt>
  <data>
    9.9996814847180282e-01 -4.3768174735156406e-03
    6.6742423298684819e-03 6.6359187946659765e-03
    -8.7128608915279168e-03 -9.9994002351982869e-01
    4.4347067123857182e-03 9.9995246363209100e-01
    -8.6835391682602292e-03</data></rotationMatrix>
<offsetMatrix type_id="opencv-matrix">
  <rows>3</rows>
  <cols>1</cols>
  <dt>d</dt>
  <data>
    -1.8890515447243044e+03 1.3662675718943533e+03
    5.3577669782242774e+03</data></offsetMatrix>
<deltaXY>
  1825. -5300.</deltaXY>
<headLocation>
  1825. -5300.</headLocation>
<pointA>
  2.6450524360308418e+02 1.1057907465901312e+03</pointA>
<pointB>
  1.5810037765657191e+03 1.1130309229556192e+03</pointB>
<pointV>
  9.4024493408203125e+02 5.9373040771484375e+02</pointV>
<cameraLocation>
  1.8561647949218750e+03 -5.3538764648437500e+03 1.4253179931640625e+03</cameraLocation>
<extrinsicMatrix type_id="opencv-matrix">
  <rows>4</rows>
  <cols>4</cols>
  <dt>d</dt>
  <data>
    9.9996814847180282e-01 -4.3768174735156406e-03
    6.6742423298684819e-03 -1.8890515447243044e+03
    6.6359187946659765e-03 -8.7128608915279168e-03
    -9.9994002351982869e-01 1.3662675718943533e+03
    4.4347067123857182e-03 9.9995246363209100e-01
    -8.6835391682602292e-03 5.3577669782242774e+03 0. 0. 0. 1.</data></extrinsicMatrix>
 <!-- resumed -->

<yaw_z>-2.5409081121137822e-01</yaw_z>
<pitch_x>9.0497541291030672e+01</pitch_x>
<roll_z>3.8021666949562016e-01</roll_z>
</opencv_storage>
