<?xml version="1.0"?>
<opencv_storage>
<camera_name>RC</camera_name>
<camera_model>PINHOLE</camera_model>
<calibration_time>"2022-11-01 17:14:47"</calibration_time>
<camIntrinsicMat type_id="opencv-matrix">
  <rows>3</rows>
  <cols>3</cols>
  <dt>d</dt>
  <data>
    1.9562773263967658e+03 0. 9.7515394464319422e+02 0.
    1.9509942067669383e+03 6.2473233771639002e+02 0. 0. 1.</data></camIntrinsicMat>
<distortion_coefficients type_id="opencv-matrix">
  <rows>1</rows>
  <cols>5</cols>
  <dt>d</dt>
  <data>
    -4.9968305198943769e-01 2.6566133263151681e-01
    -3.0711824415638124e-03 -2.2564058434976532e-03
    -8.6401061627428277e-02</data></distortion_coefficients>
<camIntriMatrix type_id="opencv-matrix">
  <rows>3</rows>
  <cols>4</cols>
  <dt>d</dt>
  <data>
    1.9562773263967658e+03 0. 9.7515394464319422e+02 0. 0.
    1.9509942067669383e+03 6.2473233771639002e+02 0. 0. 0. 1. 0.</data></camIntriMatrix>
<avg_reprojection_error>2.1000310984028420e-01</avg_reprojection_error>
</opencv_storage>
