<?xml version="1.0"?>
<opencv_storage>
<camera_name>RC</camera_name>
<camera_model>PINHOLE</camera_model>
<calibration_time>"2022-06-22 16:32:24"</calibration_time>
<camIntrinsicMat type_id="opencv-matrix">
  <rows>3</rows>
  <cols>3</cols>
  <dt>d</dt>
  <data>
    1.9690476292542783e+03 0. 9.2478374141939912e+02 0.
    1.9527809715765788e+03 5.5411698450083736e+02 0. 0. 1.</data></camIntrinsicMat>
<distortion_coefficients type_id="opencv-matrix">
  <rows>1</rows>
  <cols>5</cols>
  <dt>d</dt>
  <data>
    -5.4164078636800739e-01 5.2916168250950713e-01
    7.8786155739542681e-03 4.8800718169860896e-03
    -5.2759740067383676e-01</data></distortion_coefficients>
<camIntriMatrix type_id="opencv-matrix">
  <rows>3</rows>
  <cols>4</cols>
  <dt>d</dt>
  <data>
    1.9690476292542783e+03 0. 9.2478374141939912e+02 0. 0.
    1.9527809715765788e+03 5.5411698450083736e+02 0. 0. 0. 1. 0.</data></camIntriMatrix>
<avg_reprojection_error>1.0136759543707379e+00</avg_reprojection_error>
</opencv_storage>
