<?xml version="1.0"?>
<opencv_storage>
<camera_name>RC</camera_name>
<calibration_time>"2022-11-30 08:58:13"</calibration_time>
<undistort>1</undistort>
<rotationMatrix type_id="opencv-matrix">
  <rows>3</rows>
  <cols>3</cols>
  <dt>d</dt>
  <data>
    9.9994570819637119e-01 6.0086268224117971e-03 8.5133461909321570e-03
    8.4548369306425616e-03 9.6966810725156224e-03
    -9.9991724162985318e-01 -6.0906807611225385e-03
    9.9993493327310401e-01 9.6453526622504050e-03</data></rotationMatrix>
<offsetMatrix type_id="opencv-matrix">
  <rows>3</rows>
  <cols>1</cols>
  <dt>d</dt>
  <data>
    -1.8312801174780925e+03 1.4885257391593530e+03
    5.5221775570576701e+03</data></offsetMatrix>
<deltaXY>
  1820. -5340.</deltaXY>
<headLocation>
  1820. -5340.</headLocation>
<pointA>
  2.7180260552451864e+02 1.0804971504948353e+03</pointA>
<pointB>
  1.5686624740965995e+03 1.0935098511266890e+03</pointB>
<pointV>
  9.3661578369140625e+02 5.7305371093750000e+02</pointV>
<cameraLocation>
  1.8522292480468750e+03 -5.5252485351562500e+03 1.4507294921875000e+03</cameraLocation>
<extrinsicMatrix type_id="opencv-matrix">
  <rows>4</rows>
  <cols>4</cols>
  <dt>d</dt>
  <data>
    9.9994570819637119e-01 6.0086268224117971e-03 8.5133461909321570e-03
    -1.8312801174780925e+03 8.4548369306425616e-03
    9.6966810725156224e-03 -9.9991724162985318e-01
    1.4885257391593530e+03 -6.0906807611225385e-03
    9.9993493327310401e-01 9.6453526622504050e-03 5.5221775570576701e+03
    0. 0. 0. 1.</data></extrinsicMatrix>
 <!-- resumed -->

<yaw_z>-3.4428721105871712e-01</yaw_z>
<pitch_x>8.9444414426821822e+01</pitch_x>
<roll_z>0.</roll_z>
</opencv_storage>
