<?xml version="1.0"?>
<opencv_storage>
<camera_name>FL</camera_name>
<calibration_time>"2021-10-12 10:21:30"</calibration_time>
<undistort>1</undistort>
<rotationMatrix type_id="opencv-matrix">
  <rows>3</rows>
  <cols>3</cols>
  <dt>d</dt>
  <data>
    -7.3669645870619049e-01 6.7604684753440625e-01
    1.5459226000981152e-02 -2.3358535913893919e-02
    -2.5933035669768456e-03 -9.9972378864192701e-01
    -6.7582002525059692e-01 -7.3685407966258842e-01
    1.7701942121748804e-02</data></rotationMatrix>
<offsetMatrix type_id="opencv-matrix">
  <rows>3</rows>
  <cols>1</cols>
  <dt>d</dt>
  <data>
    -8.4612617580132599e+02 1.6814773859044840e+03
    -1.1354086122433052e+03</data></offsetMatrix>
<deltaXY>
  0. 0.</deltaXY>
<headLocation>
  0. 0.</headLocation>
<pointA>
  0. 0.</pointA>
<pointB>
  0. 0.</pointB>
<pointV>
  0. 0.</pointV>
<cameraLocation>
  -1.3513931884765625e+03 -2.6024896240234375e+02 1.7141923828125000e+03</cameraLocation>
<extrinsicMatrix type_id="opencv-matrix">
  <rows>4</rows>
  <cols>4</cols>
  <dt>d</dt>
  <data>
    -7.3669645870619049e-01 6.7604684753440625e-01
    1.5459226000981152e-02 -8.4612617580132599e+02
    -2.3358535913893919e-02 -2.5933035669768456e-03
    -9.9972378864192701e-01 1.6814773859044840e+03
    -6.7582002525059692e-01 -7.3685407966258842e-01
    1.7701942121748804e-02 -1.1354086122433052e+03 0. 0. 0. 1.</data></extrinsicMatrix>
 <!-- resumed -->

<bsd_deltaXY>
  -3310. -5065.</bsd_deltaXY>
<yaw>4.2517862123060276e+01</yaw>
<pitch>-8.8623809586487141e+01</pitch>
<roll>-1.7818392327066724e+02</roll>
</opencv_storage>
