<?xml version="1.0"?>
<opencv_storage>
<camera_name>FC120</camera_name>
<camera_model>FISHEYE</camera_model>
<calibration_time>"2022-03-24 19:49:21"</calibration_time>
<camIntrinsicMat type_id="opencv-matrix">
  <rows>3</rows>
  <cols>3</cols>
  <dt>d</dt>
  <data>
    9.7825691593998806e+02 0. 9.6146600322939651e+02 0.
    9.7754789962735833e+02 5.9966761945962833e+02 0. 0. 1.</data></camIntrinsicMat>
<distortion_coefficients type_id="opencv-matrix">
  <rows>4</rows>
  <cols>1</cols>
  <dt>d</dt>
  <data>
    -2.6031245438027276e-02 -3.8762567194070001e-02
    3.8543849496698944e-02 -1.8152754562041278e-02</data></distortion_coefficients>
<camIntriMatrix type_id="opencv-matrix">
  <rows>3</rows>
  <cols>4</cols>
  <dt>d</dt>
  <data>
    9.7825691593998806e+02 0. 9.6146600322939651e+02 0. 0.
    9.7754789962735833e+02 5.9966761945962833e+02 0. 0. 0. 1. 0.</data></camIntriMatrix>
<avg_reprojection_error>4.0345395456732602e-01</avg_reprojection_error>
</opencv_storage>
