<?xml version="1.0"?>
<opencv_storage>
<camera_name>FL</camera_name>
<calibration_time>"2022-07-04 10:58:20"</calibration_time>
<undistort>1</undistort>
<rotationMatrix type_id="opencv-matrix">
  <rows>3</rows>
  <cols>3</cols>
  <dt>d</dt>
  <data>
    -7.2398808621173460e-01 6.8950608765242305e-01
    2.0557385867835620e-02 -7.1900534981359510e-03
    2.2256872253897053e-02 -9.9972642996380157e-01
    -6.8977500255819935e-01 -7.2393783346895413e-01
    -1.1156124690646307e-02</data></rotationMatrix>
<offsetMatrix type_id="opencv-matrix">
  <rows>3</rows>
  <cols>1</cols>
  <dt>d</dt>
  <data>
    2.5542743041073031e+03 1.3639049718538711e+03
    -4.6261249475942723e+03</data></offsetMatrix>
<deltaXY>
  0. 0.</deltaXY>
<headLocation>
  0. 0.</headLocation>
<pointA>
  0. 0.</pointA>
<pointB>
  0. 0.</pointB>
<pointV>
  0. 0.</pointV>
<cameraLocation>
  -1.3319146728515625e+03 -5.1405708007812500e+03 1.2594129638671875e+03</cameraLocation>
<extrinsicMatrix type_id="opencv-matrix">
  <rows>4</rows>
  <cols>4</cols>
  <dt>d</dt>
  <data>
    -7.2398808621173460e-01 6.8950608765242305e-01
    2.0557385867835620e-02 2.5542743041073031e+03
    -7.1900534981359510e-03 2.2256872253897053e-02
    -9.9972642996380157e-01 1.3639049718538711e+03
    -6.8977500255819935e-01 -7.2393783346895413e-01
    -1.1156124690646307e-02 -4.6261249475942723e+03 0. 0. 0. 1.</data></extrinsicMatrix>
 <!-- resumed -->

<bsd_deltaXY>
  -3030. -8720.</bsd_deltaXY>
<yaw>4.3612302148397305e+01</yaw>
<pitch>-9.0882877285186055e+01</pitch>
<roll>-1.7943100420443534e+02</roll>
<avg_reprojection_error>4.4790229201316833e-01</avg_reprojection_error>
</opencv_storage>
