<?xml version="1.0"?>
<opencv_storage>
<camera_name>FL</camera_name>
<camera_model>FISHEYE</camera_model>
<calibration_time>"2022-07-04 10:13:42"</calibration_time>
<camIntrinsicMat type_id="opencv-matrix">
  <rows>3</rows>
  <cols>3</cols>
  <dt>d</dt>
  <data>
    1.1343099375192996e+03 0. 9.5796047714237307e+02 0.
    1.1344557016019141e+03 5.8408452792502362e+02 0. 0. 1.</data></camIntrinsicMat>
<distortion_coefficients type_id="opencv-matrix">
  <rows>4</rows>
  <cols>1</cols>
  <dt>d</dt>
  <data>
    -6.1662607814165001e-02 1.1920460854544102e-01
    -2.4604623784619908e-01 1.5584128679571926e-01</data></distortion_coefficients>
<camIntriMatrix type_id="opencv-matrix">
  <rows>3</rows>
  <cols>4</cols>
  <dt>d</dt>
  <data>
    1.1343099375192996e+03 0. 9.5796047714237307e+02 0. 0.
    1.1344557016019141e+03 5.8408452792502362e+02 0. 0. 0. 1. 0.</data></camIntriMatrix>
<avg_reprojection_error>5.1615442849959348e-01</avg_reprojection_error>
</opencv_storage>
