<?xml version="1.0"?>
<opencv_storage>
<camera_name>RR</camera_name>
<camera_model>FISHEYE</camera_model>
<calibration_time>"2022-07-29 10:33:44"</calibration_time>
<camIntrinsicMat type_id="opencv-matrix">
  <rows>3</rows>
  <cols>3</cols>
  <dt>d</dt>
  <data>
    1.1517799713303486e+03 0. 9.6094621149491434e+02 0.
    1.1500159518234459e+03 5.9461204045028171e+02 0. 0. 1.</data></camIntrinsicMat>
<distortion_coefficients type_id="opencv-matrix">
  <rows>4</rows>
  <cols>1</cols>
  <dt>d</dt>
  <data>
    -3.8741750472167449e-02 1.4308463714905637e-02
    -6.3684895371440578e-02 5.1060738308437055e-02</data></distortion_coefficients>
<camIntriMatrix type_id="opencv-matrix">
  <rows>3</rows>
  <cols>4</cols>
  <dt>d</dt>
  <data>
    1.1517799713303486e+03 0. 9.6094621149491434e+02 0. 0.
    1.1500159518234459e+03 5.9461204045028171e+02 0. 0. 0. 1. 0.</data></camIntriMatrix>
<avg_reprojection_error>2.5537744539761675e-01</avg_reprojection_error>
</opencv_storage>
