<?xml version="1.0"?>
<opencv_storage>
<camera_name>RR</camera_name>
<calibration_time>"2022-07-29 10:17:20"</calibration_time>
<undistort>1</undistort>
<rotationMatrix type_id="opencv-matrix">
  <rows>3</rows>
  <cols>3</cols>
  <dt>d</dt>
  <data>
    7.1599255964824238e-01 -6.9759627133313074e-01
    2.6722588768150035e-02 1.6318089021035154e-03
    -3.6606101490220672e-02 -9.9932843977012642e-01
    6.9810600321732352e-01 7.1555533367853597e-01
    -2.5071352499090732e-02</data></rotationMatrix>
<offsetMatrix type_id="opencv-matrix">
  <rows>3</rows>
  <cols>1</cols>
  <dt>d</dt>
  <data>
    -7.5767242423569060e+03 9.1784145758223337e+02
    5.9444208991510059e+03</data></offsetMatrix>
<deltaXY>
  0. 0.</deltaXY>
<headLocation>
  0. 0.</headLocation>
<pointA>
  0. 0.</pointA>
<pointB>
  0. 0.</pointB>
<pointV>
  0. 0.</pointV>
<cameraLocation>
  1.2735445556640625e+03 -9.5054580078125000e+03 1.2687293701171875e+03</cameraLocation>
<extrinsicMatrix type_id="opencv-matrix">
  <rows>4</rows>
  <cols>4</cols>
  <dt>d</dt>
  <data>
    7.1599255964824238e-01 -6.9759627133313074e-01
    2.6722588768150035e-02 -7.5767242423569060e+03
    1.6318089021035154e-03 -3.6606101490220672e-02
    -9.9932843977012642e-01 9.1784145758223337e+02
    6.9810600321732352e-01 7.1555533367853597e-01
    -2.5071352499090732e-02 5.9444208991510059e+03 0. 0. 0. 1.</data></extrinsicMatrix>
 <!-- resumed -->

<bsd_deltaXY>
  2210. -6700.</bsd_deltaXY>
<yaw>-4.4275245258853502e+01</yaw>
<pitch>9.2006686589666415e+01</pitch>
<roll>1.3058180552769558e-01</roll>
<avg_reprojection_error>3.4632757306098938e-01</avg_reprojection_error>
</opencv_storage>
