<?xml version="1.0"?>
<opencv_storage>
<camera_name>FC60</camera_name>
<camera_model>PINHOLE</camera_model>
<calibration_time>"2022-07-19 17:32:09"</calibration_time>
<camIntrinsicMat type_id="opencv-matrix">
  <rows>3</rows>
  <cols>3</cols>
  <dt>d</dt>
  <data>
    7.2518148376948157e+03 0. 1.9826083534089200e+03 0.
    7.2586264462264726e+03 1.1761270490722088e+03 0. 0. 1.</data></camIntrinsicMat>
<distortion_coefficients type_id="opencv-matrix">
  <rows>1</rows>
  <cols>5</cols>
  <dt>d</dt>
  <data>
    -2.2227890700281866e-01 8.6427566146274698e-02
    1.8290314696692868e-03 6.0716714232680142e-04 3.1032589739748412e-01</data></distortion_coefficients>
<camIntriMatrix type_id="opencv-matrix">
  <rows>3</rows>
  <cols>4</cols>
  <dt>d</dt>
  <data>
    7.2518148376948157e+03 0. 1.9826083534089200e+03 0. 0.
    7.2586264462264726e+03 1.1761270490722088e+03 0. 0. 0. 1. 0.</data></camIntriMatrix>
<avg_reprojection_error>9.0472073627641703e-02</avg_reprojection_error>
</opencv_storage>
