<?xml version="1.0"?>
<opencv_storage>
<camera_name>FC28</camera_name>
<calibration_time>"2022-07-19 17:55:56"</calibration_time>
<undistort>1</undistort>
<rotationMatrix type_id="opencv-matrix">
  <rows>3</rows>
  <cols>3</cols>
  <dt>d</dt>
  <data>
    9.9999750982305913e-01 5.2230219903226467e-05
    -2.2310579742921221e-03 -2.2283123403609760e-03
    -3.1444732786464903e-02 -9.9950300820162696e-01
    -1.2235928374503479e-04 9.9950549075629991e-01
    -3.1444538098272856e-02</data></rotationMatrix>
<offsetMatrix type_id="opencv-matrix">
  <rows>3</rows>
  <cols>1</cols>
  <dt>d</dt>
  <data>
    -1.7988222129725864e+03 1.8139652402097688e+03
    1.7249768825398271e+04</data></offsetMatrix>
<deltaXY>
  1860. -17055.</deltaXY>
<headLocation>
  1860. -17055.</headLocation>
<pointA>
  1.2263822412535624e+03 1.9394356011112059e+03</pointA>
<pointB>
  2.8743736663422278e+03 1.9357810813092951e+03</pointB>
<pointV>
  1.9829873046875000e+03 9.4776855468750000e+02</pointV>
<cameraLocation>
  1.8049704589843750e+03 -1.7184105468750000e+04 2.3514614257812500e+03</cameraLocation>
<extrinsicMatrix type_id="opencv-matrix">
  <rows>4</rows>
  <cols>4</cols>
  <dt>d</dt>
  <data>
    9.9999750982305913e-01 5.2230219903226467e-05
    -2.2310579742921221e-03 -1.7988222129725864e+03
    -2.2283123403609760e-03 -3.1444732786464903e-02
    -9.9950300820162696e-01 1.8139652402097688e+03
    -1.2235928374503479e-04 9.9950549075629991e-01
    -3.1444538098272856e-02 1.7249768825398271e+04 0. 0. 0. 1.</data></extrinsicMatrix>
 <!-- resumed -->

<yaw_z>7.0106705078467526e-03</yaw_z>
<pitch_x>9.1801936365284789e+01</pitch_x>
<roll_z>-1.2767299915290456e-01</roll_z>
</opencv_storage>
