<?xml version="1.0"?>
<opencv_storage>
<camera_name>FC120</camera_name>
<camera_model>FISHEYE</camera_model>
<calibration_time>"2022-01-10 23:24:45"</calibration_time>
<camIntrinsicMat type_id="opencv-matrix">
  <rows>3</rows>
  <cols>3</cols>
  <dt>d</dt>
  <data>
    9.7399543593185115e+02 0. 9.4532569676125183e+02 0.
    9.7316729291649222e+02 6.0166122029178996e+02 0. 0. 1.</data></camIntrinsicMat>
<distortion_coefficients type_id="opencv-matrix">
  <rows>4</rows>
  <cols>1</cols>
  <dt>d</dt>
  <data>
    -4.1208146709817275e-02 2.1877723787301059e-02
    -5.3526876924015199e-02 2.6700615824397870e-02</data></distortion_coefficients>
<camIntriMatrix type_id="opencv-matrix">
  <rows>3</rows>
  <cols>4</cols>
  <dt>d</dt>
  <data>
    9.7399543593185115e+02 0. 9.4532569676125183e+02 0. 0.
    9.7316729291649222e+02 6.0166122029178996e+02 0. 0. 0. 1. 0.</data></camIntriMatrix>
<avg_reprojection_error>5.7152066540221169e-01</avg_reprojection_error>
</opencv_storage>
