<?xml version="1.0"?>
<opencv_storage>
<camera_name>FC120</camera_name>
<calibration_time>"2022-12-21 14:54:08"</calibration_time>
<undistort>1</undistort>
<rotationMatrix type_id="opencv-matrix">
  <rows>3</rows>
  <cols>3</cols>
  <dt>d</dt>
  <data>
    9.9982695822074430e-01 -1.7370141903275432e-02
    6.6582118706254856e-03 6.6683472077514539e-03 5.2563708804674104e-04
    -9.9997762817533498e-01 1.7366253498407092e-02
    9.9984898953587575e-01 6.4137626812873583e-04</data></rotationMatrix>
<offsetMatrix type_id="opencv-matrix">
  <rows>3</rows>
  <cols>1</cols>
  <dt>d</dt>
  <data>
    -1.8106257793718019e+03 1.4339816207768254e+03
    3.2193034515291101e+03</data></offsetMatrix>
<deltaXY>
  1810. -3225.</deltaXY>
<headLocation>
  1810. -3225.</headLocation>
<pointA>
  4.2468782499151757e+02 1.0246112962293462e+03</pointA>
<pointB>
  1.5045096862594962e+03 1.0234697484012090e+03</pointB>
<pointV>
  9.5182415771484375e+02 5.9426519775390625e+02</pointV>
<cameraLocation>
  1.7448428955078125e+03 -3.2510219726562500e+03 1.4439403076171875e+03</cameraLocation>
<extrinsicMatrix type_id="opencv-matrix">
  <rows>4</rows>
  <cols>4</cols>
  <dt>d</dt>
  <data>
    9.9982695822074430e-01 -1.7370141903275432e-02
    6.6582118706254856e-03 -1.8106257793718019e+03
    6.6683472077514539e-03 5.2563708804674104e-04
    -9.9997762817533498e-01 1.4339816207768254e+03
    1.7366253498407092e-02 9.9984898953587575e-01 6.4137626812873583e-04
    3.2193034515291101e+03 0. 0. 0. 1.</data></extrinsicMatrix>
 <!-- resumed -->

<yaw_z>9.9528598778756083e-01</yaw_z>
<pitch_x>8.9969881370238411e+01</pitch_x>
<roll_z>0.</roll_z>
</opencv_storage>
