<?xml version="1.0"?>
<opencv_storage>
<camera_name>FC120</camera_name>
<calibration_time>"2022-11-01 17:29:15"</calibration_time>
<undistort>1</undistort>
<rotationMatrix type_id="opencv-matrix">
  <rows>3</rows>
  <cols>3</cols>
  <dt>d</dt>
  <data>
    9.9998121079762403e-01 5.9716498887482788e-03
    -1.3847199441806236e-03 -1.4661845805866776e-03
    1.3659166154920958e-02 -9.9990563428892021e-01
    -5.9521722499646119e-03 9.9988887711463148e-01
    1.3667665051071334e-02</data></rotationMatrix>
<offsetMatrix type_id="opencv-matrix">
  <rows>3</rows>
  <cols>1</cols>
  <dt>d</dt>
  <data>
    -1.7165037811012958e+03 1.4778639720823919e+03
    3.3111560092694990e+03</data></offsetMatrix>
<deltaXY>
  1800. -3225.</deltaXY>
<headLocation>
  1800. -3225.</headLocation>
<pointA>
  4.5861273658692028e+02 1.0432883903622435e+03</pointA>
<pointB>
  1.5402891458838246e+03 1.0445784256565189e+03</pointB>
<pointV>
  9.7279223632812500e+02 6.1957147216796875e+02</pointV>
<cameraLocation>
  1.7383469238281250e+03 -3.3207241210937500e+03 1.4300919189453125e+03</cameraLocation>
<extrinsicMatrix type_id="opencv-matrix">
  <rows>4</rows>
  <cols>4</cols>
  <dt>d</dt>
  <data>
    9.9998121079762403e-01 5.9716498887482788e-03
    -1.3847199441806236e-03 -1.7165037811012958e+03
    -1.4661845805866776e-03 1.3659166154920958e-02
    -9.9990563428892021e-01 1.4778639720823919e+03
    -5.9521722499646119e-03 9.9988887711463148e-01
    1.3667665051071334e-02 3.3111560092694990e+03 0. 0. 0. 1.</data></extrinsicMatrix>
 <!-- resumed -->

<yaw_z>-3.4218428652672012e-01</yaw_z>
<pitch_x>8.9217365278432254e+01</pitch_x>
<roll_z>0.</roll_z>
</opencv_storage>
