<?xml version="1.0"?>
<opencv_storage>
<camera_name>FC60</camera_name>
<camera_model>PINHOLE</camera_model>
<calibration_time>"2022-07-20 19:06:25"</calibration_time>
<camIntrinsicMat type_id="opencv-matrix">
  <rows>3</rows>
  <cols>3</cols>
  <dt>d</dt>
  <data>
    2.6309075456524902e+03 0. 1.3748726476806069e+03 0.
    2.6313092923218924e+03 9.3957612312048605e+02 0. 0. 1.</data></camIntrinsicMat>
<distortion_coefficients type_id="opencv-matrix">
  <rows>1</rows>
  <cols>5</cols>
  <dt>d</dt>
  <data>
    -3.5161951789955170e-01 -1.2158018465513472e-01
    -5.2237511805796233e-04 -3.0162829041787304e-05
    3.1215701904505844e-01</data></distortion_coefficients>
<camIntriMatrix type_id="opencv-matrix">
  <rows>3</rows>
  <cols>4</cols>
  <dt>d</dt>
  <data>
    2.6309075456524902e+03 0. 1.3748726476806069e+03 0. 0.
    2.6313092923218924e+03 9.3957612312048605e+02 0. 0. 0. 1. 0.</data></camIntriMatrix>
<avg_reprojection_error>2.6453071845198906e-01</avg_reprojection_error>
</opencv_storage>
