<?xml version="1.0"?>
<opencv_storage>
<camera_name>FC60</camera_name>
<calibration_time>"2022-07-20 22:16:02"</calibration_time>
<undistort>1</undistort>
<rotationMatrix type_id="opencv-matrix">
  <rows>3</rows>
  <cols>3</cols>
  <dt>d</dt>
  <data>
    9.9927301848268890e-01 -3.1671146322378246e-02
    -2.1221993853597208e-02 -1.9959717274426976e-02
    3.9653277320821932e-02 -9.9901412766989572e-01
    3.2481444223133801e-02 9.9871144786086452e-01 3.8992302994757207e-02</data></rotationMatrix>
<offsetMatrix type_id="opencv-matrix">
  <rows>3</rows>
  <cols>1</cols>
  <dt>d</dt>
  <data>
    -2.0482310204591859e+03 1.5204198895333463e+03
    5.4331945989101278e+03</data></offsetMatrix>
<deltaXY>
  1900. -4495.</deltaXY>
<headLocation>
  1900. -4495.</headLocation>
<pointA>
  3.8306086018333588e+02 1.6759191549645211e+03</pointA>
<pointB>
  2.2591338340601542e+03 1.6220329025273443e+03</pointB>
<pointV>
  1.2914412841796875e+03 1.0440507812500000e+03</pointV>
<cameraLocation>
  1.9006110839843750e+03 -5.5513530273437500e+03 1.2636005859375000e+03</cameraLocation>
<extrinsicMatrix type_id="opencv-matrix">
  <rows>4</rows>
  <cols>4</cols>
  <dt>d</dt>
  <data>
    9.9927301848268890e-01 -3.1671146322378246e-02
    -2.1221993853597208e-02 -2.0482310204591859e+03
    -1.9959717274426976e-02 3.9653277320821932e-02
    -9.9901412766989572e-01 1.5204198895333463e+03
    3.2481444223133801e-02 9.9871144786086452e-01 3.8992302994757207e-02
    5.4331945989101278e+03 0. 0. 0. 1.</data></extrinsicMatrix>
 <!-- resumed -->

<yaw_z>-1.8613771048333221e+00</yaw_z>
<pitch_x>8.7764158732129204e+01</pitch_x>
<roll_z>-1.1442873838323242e+00</roll_z>
</opencv_storage>
