<?xml version="1.0"?>
<opencv_storage>
<camera_name>RR</camera_name>
<calibration_time>"2021-12-17 01:24:25"</calibration_time>
<undistort>1</undistort>
<rotationMatrix type_id="opencv-matrix">
  <rows>3</rows>
  <cols>3</cols>
  <dt>d</dt>
  <data>
    6.8300203620712585e-01 -7.3039486949384258e-01
    -5.6172194181740021e-03 -1.4155946037622380e-02
    -5.5476428094210495e-03 -9.9988440974496573e-01
    7.3027928063768810e-01 6.8300260488253728e-01
    -1.4128481693695516e-02</data></rotationMatrix>
<offsetMatrix type_id="opencv-matrix">
  <rows>3</rows>
  <cols>1</cols>
  <dt>d</dt>
  <data>
    -7.8194216710933179e+03 1.2436903240615061e+03
    5.5551389275511719e+03</data></offsetMatrix>
<deltaXY>
  0. 0.</deltaXY>
<headLocation>
  0. 0.</headLocation>
<pointA>
  0. 0.</pointA>
<pointB>
  0. 0.</pointB>
<pointV>
  0. 0.</pointV>
<cameraLocation>
  1.3014836425781250e+03 -9.4985400390625000e+03 1.2781088867187500e+03</cameraLocation>
<extrinsicMatrix type_id="opencv-matrix">
  <rows>4</rows>
  <cols>4</cols>
  <dt>d</dt>
  <data>
    6.8300203620712585e-01 -7.3039486949384258e-01
    -5.6172194181740021e-03 -7.8194216710933179e+03
    -1.4155946037622380e-02 -5.5476428094210495e-03
    -9.9988440974496573e-01 1.2436903240615061e+03
    7.3027928063768810e-01 6.8300260488253728e-01
    -1.4128481693695516e-02 5.5551389275511719e+03 0. 0. 0. 1.</data></extrinsicMatrix>
 <!-- resumed -->

<bsd_deltaXY>
  2060. -6530.</bsd_deltaXY>
<image_points type_id="opencv-matrix">
  <rows>56</rows>
  <cols>2</cols>
  <dt>f</dt>
  <data>
    3.56284302e+02 1.07710645e+03 4.19625000e+02 1.06524341e+03
    4.81993378e+02 1.05249353e+03 5.42594421e+02 1.03955994e+03
    5.98386230e+02 1.02677417e+03 6.53773254e+02 1.01384753e+03
    7.05189331e+02 1.00214740e+03 3.35853088e+02 1.05318567e+03
    3.96306213e+02 1.04236450e+03 4.55401764e+02 1.03128809e+03
    5.13983704e+02 1.01822064e+03 5.68280029e+02 1.00874225e+03
    6.22704834e+02 9.95875977e+02 6.72343567e+02 9.84951965e+02
    3.17748108e+02 1.03095422e+03 3.75179138e+02 1.02157440e+03
    4.32018585e+02 1.01157831e+03 4.88262268e+02 1.00143701e+03
    5.40552612e+02 9.91484192e+02 5.91741516e+02 9.80906555e+02
    6.41213135e+02 9.68775635e+02 3.01254211e+02 1.01048712e+03
    3.56907013e+02 1.00118164e+03 4.10884979e+02 9.92076355e+02
    4.64616516e+02 9.82132751e+02 5.15304565e+02 9.75174072e+02
    5.64748901e+02 9.65817322e+02 -1. -1. 2.87215942e+02 9.92339722e+02
    3.39515167e+02 9.83889038e+02 3.91991547e+02 9.76783020e+02
    4.41610077e+02 9.66780945e+02 4.92159485e+02 9.60286743e+02
    5.40623962e+02 9.51720886e+02 5.87446533e+02 9.43568115e+02
    2.73679657e+02 9.75403564e+02 3.23911774e+02 9.68652222e+02
    3.74433380e+02 9.61354370e+02 4.22347107e+02 9.53388367e+02
    4.71162964e+02 9.46380493e+02 5.17721558e+02 9.39386047e+02
    5.63352356e+02 9.31583984e+02 2.62127136e+02 9.59632629e+02
    3.10604126e+02 9.53812256e+02 3.58190216e+02 9.47148804e+02
    4.05191589e+02 9.40291565e+02 4.52327698e+02 9.33489136e+02
    4.97614166e+02 9.26995422e+02 5.41317749e+02 9.20503296e+02
    2.50887299e+02 9.46427124e+02 2.98108337e+02 9.40100647e+02
    3.44112579e+02 9.34355896e+02 3.89347656e+02 9.27593018e+02 -1. -1.
    4.77946625e+02 9.15608521e+02 5.19816284e+02 9.10462280e+02</data></image_points>
</opencv_storage>
