<?xml version="1.0"?>
<opencv_storage>
<camera_name>FL</camera_name>
<calibration_time>"2021-03-21 16:52:17"</calibration_time>
<camIntrinsicMat type_id="opencv-matrix">
  <rows>3</rows>
  <cols>3</cols>
  <dt>d</dt>
  <data>
    1.1607114426712833e+03 0. 9.6521036397267756e+02 0.
    1.1612760860993376e+03 6.1309113168075669e+02 0. 0. 1.</data></camIntrinsicMat>
<distortion_coefficients type_id="opencv-matrix">
  <rows>5</rows>
  <cols>1</cols>
  <dt>d</dt>
  <data>
    -3.5052070910044386e-01 1.5427781562686879e-01
    -7.6764987605253241e-04 -2.6370921133830926e-04
    -3.8275099226195465e-02</data></distortion_coefficients>
<undistort_roi>
  0 0 0 0</undistort_roi>
<camIntriMatrix type_id="opencv-matrix">
  <rows>3</rows>
  <cols>4</cols>
  <dt>d</dt>
  <data>
    1.1607114426712833e+03 0. 9.6521036397267756e+02 0. 0.
    1.1612760860993376e+03 6.1309113168075669e+02 0. 0. 0. 1. 0.</data></camIntriMatrix>
<avg_reprojection_error>5.8991094583607973e-01</avg_reprojection_error>
</opencv_storage>
