<?xml version="1.0"?>
<opencv_storage>
<camera_name>FC120</camera_name>
<calibration_time>"2023-02-14 09:33:58"</calibration_time>
<undistort>1</undistort>
<rotationMatrix type_id="opencv-matrix">
  <rows>3</rows>
  <cols>3</cols>
  <dt>d</dt>
  <data>
    9.9981407423212165e-01 -8.0861297463133593e-04
    1.9265594006483637e-02 1.9267084290501103e-02 1.8775669566611748e-03
    -9.9981260954504170e-01 7.7228900557111139e-04
    9.9999791044150721e-01 1.8927974829236294e-03</data></rotationMatrix>
<offsetMatrix type_id="opencv-matrix">
  <rows>3</rows>
  <cols>1</cols>
  <dt>d</dt>
  <data>
    -1.5242831350218592e+03 1.4236336392825842e+03
    3.2085567278747048e+03</data></offsetMatrix>
<deltaXY>
  1540. -3100.</deltaXY>
<headLocation>
  1540. -3100.</headLocation>
<pointA>
  5.0315082535149691e+02 1.0290566301266429e+03</pointA>
<pointB>
  1.4461253967414800e+03 1.0468892332825656e+03</pointB>
<pointV>
  9.6628778076171875e+02 5.9782464599609375e+02</pointV>
<cameraLocation>
  1.4940925292968750e+03 -3.2124555664062500e+03 1.4466599121093750e+03</cameraLocation>
<extrinsicMatrix type_id="opencv-matrix">
  <rows>4</rows>
  <cols>4</cols>
  <dt>d</dt>
  <data>
    9.9981407423212165e-01 -8.0861297463133593e-04
    1.9265594006483637e-02 -1.5242831350218592e+03
    1.9267084290501103e-02 1.8775669566611748e-03
    -9.9981260954504170e-01 1.4236336392825842e+03
    7.7228900557111139e-04 9.9999791044150721e-01 1.8927974829236294e-03
    3.2085567278747048e+03 0. 0. 0. 1.</data></extrinsicMatrix>
 <!-- resumed -->

<yaw_z>4.6330197001561331e-02</yaw_z>
<pitch_x>8.9892420194861302e+01</pitch_x>
<roll_z>0.</roll_z>
</opencv_storage>
