<?xml version="1.0"?>
<opencv_storage>
<camera_name>FC120</camera_name>
<camera_model>FISHEYE</camera_model>
<calibration_time>"2022-12-20 16:06:15"</calibration_time>
<camIntrinsicMat type_id="opencv-matrix">
  <rows>3</rows>
  <cols>3</cols>
  <dt>d</dt>
  <data>
    9.7654746599109228e+02 0. 9.6707743136308375e+02 0.
    9.7603213979350915e+02 5.9599207647251706e+02 0. 0. 1.</data></camIntrinsicMat>
<distortion_coefficients type_id="opencv-matrix">
  <rows>4</rows>
  <cols>1</cols>
  <dt>d</dt>
  <data>
    -3.4485695296055149e-02 -1.7187062609201137e-02
    9.9768600567596774e-03 -5.5059371631670994e-03</data></distortion_coefficients>
<camIntriMatrix type_id="opencv-matrix">
  <rows>3</rows>
  <cols>4</cols>
  <dt>d</dt>
  <data>
    9.7654746599109228e+02 0. 9.6707743136308375e+02 0. 0.
    9.7603213979350915e+02 5.9599207647251706e+02 0. 0. 0. 1. 0.</data></camIntriMatrix>
<avg_reprojection_error>1.6075191862406424e-01</avg_reprojection_error>
</opencv_storage>
