<?xml version="1.0"?>
<opencv_storage>
<camera_name>FC60</camera_name>
<camera_model>FISHEYE</camera_model>
<calibration_time>"2022-01-10 23:32:40"</calibration_time>
<camIntrinsicMat type_id="opencv-matrix">
  <rows>3</rows>
  <cols>3</cols>
  <dt>d</dt>
  <data>
    1.9227454681600509e+03 0. 9.5112390213293463e+02 0.
    1.9203912972338157e+03 6.0584935084531344e+02 0. 0. 1.</data></camIntrinsicMat>
<distortion_coefficients type_id="opencv-matrix">
  <rows>4</rows>
  <cols>1</cols>
  <dt>d</dt>
  <data>
    -1.6258983042648795e-01 -1.5757886662802795e-01
    4.4800567736875335e-01 -6.6563893191596590e-01</data></distortion_coefficients>
<camIntriMatrix type_id="opencv-matrix">
  <rows>3</rows>
  <cols>4</cols>
  <dt>d</dt>
  <data>
    1.9227454681600509e+03 0. 9.5112390213293463e+02 0. 0.
    1.9203912972338157e+03 6.0584935084531344e+02 0. 0. 0. 1. 0.</data></camIntriMatrix>
<avg_reprojection_error>5.1554806118768104e-01</avg_reprojection_error>
</opencv_storage>
