<?xml version="1.0"?>
<opencv_storage>
<camera_name>RR</camera_name>
<calibration_time>"2022-08-06 15:26:12"</calibration_time>
<undistort>1</undistort>
<rotationMatrix type_id="opencv-matrix">
  <rows>3</rows>
  <cols>3</cols>
  <dt>d</dt>
  <data>
    7.0423548491323362e-01 -7.0928459337640182e-01
    3.1108638477043926e-02 2.2287360225946296e-02
    -2.1709237993890296e-02 -9.9951587409099396e-01
    7.0961655516425337e-01 7.0458787570082215e-01 5.1966548956963732e-04</data></rotationMatrix>
<offsetMatrix type_id="opencv-matrix">
  <rows>3</rows>
  <cols>1</cols>
  <dt>d</dt>
  <data>
    -7.7485097521615644e+03 1.0254948196006919e+03
    5.6769243394254163e+03</data></offsetMatrix>
<deltaXY>
  0. 0.</deltaXY>
<headLocation>
  0. 0.</headLocation>
<pointA>
  0. 0.</pointA>
<pointB>
  0. 0.</pointB>
<pointV>
  0. 0.</pointV>
<cameraLocation>
  1.4054804687500000e+03 -9.4735283203125000e+03 1.2630938720703125e+03</cameraLocation>
<extrinsicMatrix type_id="opencv-matrix">
  <rows>4</rows>
  <cols>4</cols>
  <dt>d</dt>
  <data>
    7.0423548491323362e-01 -7.0928459337640182e-01
    3.1108638477043926e-02 -7.7485097521615644e+03
    2.2287360225946296e-02 -2.1709237993890296e-02
    -9.9951587409099396e-01 1.0254948196006919e+03
    7.0961655516425337e-01 7.0458787570082215e-01 5.1966548956963732e-04
    5.6769243394254163e+03 0. 0. 0. 1.</data></extrinsicMatrix>
 <!-- resumed -->

<bsd_deltaXY>
  2300. -6715.</bsd_deltaXY>
<yaw>-4.5203726239692102e+01</yaw>
<pitch>8.9957741773682301e+01</pitch>
<roll>1.8126686813463031e+00</roll>
<avg_reprojection_error>3.0951538681983948e-01</avg_reprojection_error>
</opencv_storage>
