<?xml version="1.0"?>
<opencv_storage>
<camera_name>FC120</camera_name>
<calibration_time>"2021-12-04 15:12:32"</calibration_time>
<undistort>1</undistort>
<rotationMatrix type_id="opencv-matrix">
  <rows>3</rows>
  <cols>3</cols>
  <dt>d</dt>
  <data>
    9.9979688050341653e-01 6.7470014916052173e-03
    -1.8991464043338815e-02 -1.9024188323038937e-02
    4.8195796977097511e-03 -9.9980740740914054e-01
    -6.6541711945743553e-03 9.9996562422035773e-01
    4.9469569740999307e-03</data></rotationMatrix>
<offsetMatrix type_id="opencv-matrix">
  <rows>3</rows>
  <cols>1</cols>
  <dt>d</dt>
  <data>
    -1.6744544217616540e+03 1.5184625229487367e+03
    4.2289155389661182e+03</data></offsetMatrix>
<deltaXY>
  1745. -4075.</deltaXY>
<headLocation>
  1745. -4075.</headLocation>
<pointA>
  5.7592352500772540e+02 9.6473463469504532e+02</pointA>
<pointB>
  1.3896764519184103e+03 9.5115658289001033e+02</pointB>
<pointV>
  9.7194744873046875e+02 6.1628863525390625e+02</pointV>
<cameraLocation>
  1.7311417236328125e+03 -4.2247910156250000e+03 1.4654494628906250e+03</cameraLocation>
<extrinsicMatrix type_id="opencv-matrix">
  <rows>4</rows>
  <cols>4</cols>
  <dt>d</dt>
  <data>
    9.9979688050341653e-01 6.7470014916052173e-03
    -1.8991464043338815e-02 -1.6744544217616540e+03
    -1.9024188323038937e-02 4.8195796977097511e-03
    -9.9980740740914054e-01 1.5184625229487367e+03
    -6.6541711945743553e-03 9.9996562422035773e-01
    4.9469569740999307e-03 4.2289155389661182e+03 0. 0. 0. 1.</data></extrinsicMatrix>
 <!-- resumed -->

<offsetValue>
  -1.6744544217616540e+03 1.5184625229487367e+03 4.2289155389661182e+03</offsetValue>
<yaw_z>-3.8658214363781612e-01</yaw_z>
<pitch_x>8.9723857956334555e+01</pitch_x>
<roll_z>0.</roll_z>
</opencv_storage>
