<?xml version="1.0"?>
<opencv_storage>
<calibration_time>"2020年08月11日 星期二 15时58分41秒"</calibration_time>
<camIntrinsicMat type_id="opencv-matrix">
  <rows>3</rows>
  <cols>3</cols>
  <dt>d</dt>
  <data>
    9.8341962546899265e+02 0. 9.6531208695482132e+02 0.
    9.8362469188889531e+02 6.1154781468930946e+02 0. 0. 1.</data></camIntrinsicMat>
<distortion_coefficients type_id="opencv-matrix">
  <rows>5</rows>
  <cols>1</cols>
  <dt>d</dt>
  <data>
    -3.1644959094346081e-01 1.0172781128778723e-01
    -2.6697439613391680e-04 -6.3144000117901908e-05
    -1.5096373032949945e-02</data></distortion_coefficients>
<undistort_roi>
  0 0 0 0</undistort_roi>
<camIntriMatrix type_id="opencv-matrix">
  <rows>3</rows>
  <cols>4</cols>
  <dt>d</dt>
  <data>
    9.8341962546899265e+02 0. 9.6531208695482132e+02 0. 0.
    9.8362469188889531e+02 6.1154781468930946e+02 0. 0. 0. 1. 0.</data></camIntriMatrix>
<avg_reprojection_error>1.1256108035449470e+00</avg_reprojection_error>
</opencv_storage>
