<?xml version="1.0"?>
<opencv_storage>
<camera_name>FC60</camera_name>
<camera_model>PINHOLE</camera_model>
<calibration_time>"2022-07-20 13:37:38"</calibration_time>
<camIntrinsicMat type_id="opencv-matrix">
  <rows>3</rows>
  <cols>3</cols>
  <dt>d</dt>
  <data>
    1.9438257383563691e+03 0. 9.4033731900973839e+02 0.
    1.9422069150264583e+03 6.3802242254421992e+02 0. 0. 1.</data></camIntrinsicMat>
<distortion_coefficients type_id="opencv-matrix">
  <rows>1</rows>
  <cols>5</cols>
  <dt>d</dt>
  <data>
    -5.0140538353099962e-01 2.7274020763256140e-01
    -5.1197085187819043e-03 5.8538547948091971e-04
    -9.9707411834410758e-02</data></distortion_coefficients>
<camIntriMatrix type_id="opencv-matrix">
  <rows>3</rows>
  <cols>4</cols>
  <dt>d</dt>
  <data>
    1.9438257383563691e+03 0. 9.4033731900973839e+02 0. 0.
    1.9422069150264583e+03 6.3802242254421992e+02 0. 0. 0. 1. 0.</data></camIntriMatrix>
<avg_reprojection_error>2.6851619974245000e-01</avg_reprojection_error>
</opencv_storage>
