<?xml version="1.0"?>
<opencv_storage>
<camera_name>FC60</camera_name>
<calibration_time>"2022-07-20 14:56:30"</calibration_time>
<undistort>1</undistort>
<rotationMatrix type_id="opencv-matrix">
  <rows>3</rows>
  <cols>3</cols>
  <dt>d</dt>
  <data>
    9.9987426557546155e-01 -5.0835481536421487e-03
    -1.5020338814462041e-02 -1.5099561691692109e-02
    -1.5922149088012490e-02 -9.9975921521391231e-01
    4.8431680386310820e-03 9.9986031159686939e-01
    -1.5996906474718100e-02</data></rotationMatrix>
<offsetMatrix type_id="opencv-matrix">
  <rows>3</rows>
  <cols>1</cols>
  <dt>d</dt>
  <data>
    -1.8691629938002834e+03 1.3819363831650160e+03
    5.2894960627213077e+03</data></offsetMatrix>
<deltaXY>
  1810. -5205.</deltaXY>
<headLocation>
  1810. -5205.</headLocation>
<pointA>
  2.5344255749573040e+02 1.1454443711917997e+03</pointA>
<pointB>
  1.5887691512900935e+03 1.1236446648910646e+03</pointB>
<pointV>
  9.3045440673828125e+02 6.0709399414062500e+02</pointV>
<cameraLocation>
  1.8641766357421875e+03 -5.2762558593750000e+03 1.4381437988281250e+03</cameraLocation>
<extrinsicMatrix type_id="opencv-matrix">
  <rows>4</rows>
  <cols>4</cols>
  <dt>d</dt>
  <data>
    9.9987426557546155e-01 -5.0835481536421487e-03
    -1.5020338814462041e-02 -1.8691629938002834e+03
    -1.5099561691692109e-02 -1.5922149088012490e-02
    -9.9975921521391231e-01 1.3819363831650160e+03
    4.8431680386310820e-03 9.9986031159686939e-01
    -1.5996906474718100e-02 5.2894960627213077e+03 0. 0. 0. 1.</data></extrinsicMatrix>
 <!-- resumed -->

<yaw_z>2.9130404628475304e-01</yaw_z>
<pitch_x>9.0912310871916773e+01</pitch_x>
<roll_z>0.</roll_z>
</opencv_storage>
