<?xml version="1.0"?>
<opencv_storage>
<camera_name>RL</camera_name>
<camera_model>FISHEYE</camera_model>
<calibration_time>"2022-07-17 20:18:36"</calibration_time>
<camIntrinsicMat type_id="opencv-matrix">
  <rows>3</rows>
  <cols>3</cols>
  <dt>d</dt>
  <data>
    1.4131202597806653e+03 0. 1.4708327911663064e+03 0.
    1.4142131347837553e+03 9.1784460326745125e+02 0. 0. 1.</data></camIntrinsicMat>
<distortion_coefficients type_id="opencv-matrix">
  <rows>4</rows>
  <cols>1</cols>
  <dt>d</dt>
  <data>
    1.7021997961184688e-02 2.1782637805029353e-02
    -2.9274135954446209e-02 1.2475736219617088e-02</data></distortion_coefficients>
<camIntriMatrix type_id="opencv-matrix">
  <rows>3</rows>
  <cols>4</cols>
  <dt>d</dt>
  <data>
    1.4131202597806653e+03 0. 1.4708327911663064e+03 0. 0.
    1.4142131347837553e+03 9.1784460326745125e+02 0. 0. 0. 1. 0.</data></camIntriMatrix>
<avg_reprojection_error>3.4429228176822080e-01</avg_reprojection_error>
</opencv_storage>
