<?xml version="1.0"?>
<opencv_storage>
<camera_name>RL</camera_name>
<calibration_time>"2022-07-17 20:43:29"</calibration_time>
<undistort>1</undistort>
<rotationMatrix type_id="opencv-matrix">
  <rows>3</rows>
  <cols>3</cols>
  <dt>d</dt>
  <data>
    6.8911325858031336e-01 7.2462222272611798e-01 6.7491614503134567e-03
    1.5833054505773325e-02 -5.7444604744942562e-03
    -9.9985814771840220e-01 -7.2448066311934056e-01
    6.8912236613341549e-01 -1.5431567024881826e-02</data></rotationMatrix>
<offsetMatrix type_id="opencv-matrix">
  <rows>3</rows>
  <cols>1</cols>
  <dt>d</dt>
  <data>
    3.6449424286032263e+02 1.7184271193552261e+03
    -3.7745373422574500e+02</data></offsetMatrix>
<deltaXY>
  0. 0.</deltaXY>
<headLocation>
  0. 0.</headLocation>
<pointA>
  0. 0.</pointA>
<pointB>
  0. 0.</pointB>
<pointV>
  0. 0.</pointV>
<cameraLocation>
  -5.5184368896484375e+02 5.8626184463500977e+00 1.7098986816406250e+03</cameraLocation>
<extrinsicMatrix type_id="opencv-matrix">
  <rows>4</rows>
  <cols>4</cols>
  <dt>d</dt>
  <data>
    6.8911325858031336e-01 7.2462222272611798e-01 6.7491614503134567e-03
    3.6449424286032263e+02 1.5833054505773325e-02
    -5.7444604744942562e-03 -9.9985814771840220e-01
    1.7184271193552261e+03 -7.2448066311934056e-01
    6.8912236613341549e-01 -1.5431567024881826e-02
    -3.7745373422574500e+02 0. 0. 0. 1.</data></extrinsicMatrix>
 <!-- resumed -->

<bsd_deltaXY>
  -2220. 3080.</bsd_deltaXY>
<yaw>4.6425662736125076e+01</yaw>
<pitch>9.1282814144232717e+01</pitch>
<roll>1.3161952833053736e+00</roll>
<avg_reprojection_error>3.3136633038520813e-01</avg_reprojection_error>
</opencv_storage>
