<?xml version="1.0"?>
<opencv_storage>
<camera_name>RL</camera_name>
<camera_model>FISHEYE</camera_model>
<calibration_time>"2022-07-04 10:25:09"</calibration_time>
<camIntrinsicMat type_id="opencv-matrix">
  <rows>3</rows>
  <cols>3</cols>
  <dt>d</dt>
  <data>
    1.1324406615734713e+03 0. 9.5756142696789937e+02 0.
    1.1311821943896032e+03 5.9297709141315499e+02 0. 0. 1.</data></camIntrinsicMat>
<distortion_coefficients type_id="opencv-matrix">
  <rows>4</rows>
  <cols>1</cols>
  <dt>d</dt>
  <data>
    -3.6375145824501735e-02 1.4190981518237104e-02
    -7.5543318656532299e-02 6.5026176615170198e-02</data></distortion_coefficients>
<camIntriMatrix type_id="opencv-matrix">
  <rows>3</rows>
  <cols>4</cols>
  <dt>d</dt>
  <data>
    1.1324406615734713e+03 0. 9.5756142696789937e+02 0. 0.
    1.1311821943896032e+03 5.9297709141315499e+02 0. 0. 0. 1. 0.</data></camIntriMatrix>
<avg_reprojection_error>4.5053656761581695e-01</avg_reprojection_error>
</opencv_storage>
