<?xml version="1.0"?>
<opencv_storage>
<camera_name>RL</camera_name>
<calibration_time>"2022-07-04 11:20:32"</calibration_time>
<undistort>1</undistort>
<rotationMatrix type_id="opencv-matrix">
  <rows>3</rows>
  <cols>3</cols>
  <dt>d</dt>
  <data>
    7.2293266624386521e-01 6.9059516320634207e-01
    -2.1134820404762333e-02 -3.5834813515338848e-02
    6.9294127770943154e-03 -9.9933370271340560e-01
    -6.8998856962840827e-01 7.2320834051784144e-01
    2.9756847742543349e-02</data></rotationMatrix>
<offsetMatrix type_id="opencv-matrix">
  <rows>3</rows>
  <cols>1</cols>
  <dt>d</dt>
  <data>
    7.5193104595648074e+03 1.2691744441220251e+03 5.8598039804048340e+03</data></offsetMatrix>
<deltaXY>
  0. 0.</deltaXY>
<headLocation>
  0. 0.</headLocation>
<pointA>
  0. 0.</pointA>
<pointB>
  0. 0.</pointB>
<pointV>
  0. 0.</pointV>
<cameraLocation>
  -1.3472767333984375e+03 -9.4394531250000000e+03 1.2528787841796875e+03</cameraLocation>
<extrinsicMatrix type_id="opencv-matrix">
  <rows>4</rows>
  <cols>4</cols>
  <dt>d</dt>
  <data>
    7.2293266624386521e-01 6.9059516320634207e-01
    -2.1134820404762333e-02 7.5193104595648074e+03
    -3.5834813515338848e-02 6.9294127770943154e-03
    -9.9933370271340560e-01 1.2691744441220251e+03
    -6.8998856962840827e-01 7.2320834051784144e-01
    2.9756847742543349e-02 5.8598039804048340e+03 0. 0. 0. 1.</data></extrinsicMatrix>
 <!-- resumed -->

<bsd_deltaXY>
  -3030. -6820.</bsd_deltaXY>
<yaw>4.3629203838130657e+01</yaw>
<pitch>8.7643859266380616e+01</pitch>
<roll>-2.8377531555379796e+00</roll>
<avg_reprojection_error>3.4557875990867615e-01</avg_reprojection_error>
</opencv_storage>
