<?xml version="1.0"?>
<opencv_storage>
<camera_name>RR</camera_name>
<calibration_time>"2022-08-29 18:25:08"</calibration_time>
<undistort>1</undistort>
<rotationMatrix type_id="opencv-matrix">
  <rows>3</rows>
  <cols>3</cols>
  <dt>d</dt>
  <data>
    6.9038194022738975e-01 -7.2321383770688197e-01
    1.8289930485067940e-02 -3.7416649306898364e-03
    -2.8850895254648207e-02 -9.9957672331169845e-01
    7.2343539901736298e-01 6.9002128285458630e-01
    -2.2624160897138673e-02</data></rotationMatrix>
<offsetMatrix type_id="opencv-matrix">
  <rows>3</rows>
  <cols>1</cols>
  <dt>d</dt>
  <data>
    -9.9012672924245487e+02 1.7361373360695181e+03
    -8.7617189819372436e+02</data></offsetMatrix>
<deltaXY>
  0. 0.</deltaXY>
<headLocation>
  0. 0.</headLocation>
<pointA>
  0. 0.</pointA>
<pointB>
  0. 0.</pointB>
<pointV>
  0. 0.</pointV>
<cameraLocation>
  1.3239154052734375e+03 -6.1406978607177734e+01 1.7336892089843750e+03</cameraLocation>
<extrinsicMatrix type_id="opencv-matrix">
  <rows>4</rows>
  <cols>4</cols>
  <dt>d</dt>
  <data>
    6.9038194022738975e-01 -7.2321383770688197e-01
    1.8289930485067940e-02 -9.9012672924245487e+02
    -3.7416649306898364e-03 -2.8850895254648207e-02
    -9.9957672331169845e-01 1.7361373360695181e+03
    7.2343539901736298e-01 6.9002128285458630e-01
    -2.2624160897138673e-02 -8.7617189819372436e+02 0. 0. 0. 1.</data></extrinsicMatrix>
 <!-- resumed -->

<bsd_deltaXY>
  2160. 2560.</bsd_deltaXY>
<yaw>-4.6338846729856904e+01</yaw>
<pitch>9.1877919938587866e+01</pitch>
<roll>-3.1052305601148850e-01</roll>
<avg_reprojection_error>5.2815783023834229e-01</avg_reprojection_error>
</opencv_storage>
