<?xml version="1.0"?>
<opencv_storage>
<camera_name>RR</camera_name>
<camera_model>FISHEYE</camera_model>
<calibration_time>"2021-10-11 17:08:37"</calibration_time>
<camIntrinsicMat type_id="opencv-matrix">
  <rows>3</rows>
  <cols>3</cols>
  <dt>d</dt>
  <data>
    1.4199506360519022e+03 0. 1.4835588034576945e+03 0.
    1.4198600439329073e+03 9.0091017054247948e+02 0. 0. 1.</data></camIntrinsicMat>
<distortion_coefficients type_id="opencv-matrix">
  <rows>4</rows>
  <cols>1</cols>
  <dt>d</dt>
  <data>
    1.2914356184037445e-02 7.7769193069784762e-02
    -1.3232486470464164e-01 6.9288459461043395e-02</data></distortion_coefficients>
<undistort_roi>
  0 0 0 0</undistort_roi>
<camIntriMatrix type_id="opencv-matrix">
  <rows>3</rows>
  <cols>4</cols>
  <dt>d</dt>
  <data>
    1.4199506360519022e+03 0. 1.4835588034576945e+03 0. 0.
    1.4198600439329073e+03 9.0091017054247948e+02 0. 0. 0. 1. 0.</data></camIntriMatrix>
<avg_reprojection_error>8.5131964841635954e-01</avg_reprojection_error>
</opencv_storage>
