<?xml version="1.0"?>
<opencv_storage>
<camera_name>FR</camera_name>
<camera_model>FISHEYE</camera_model>
<calibration_time>"2022-07-07 17:18:24"</calibration_time>
<camIntrinsicMat type_id="opencv-matrix">
  <rows>3</rows>
  <cols>3</cols>
  <dt>d</dt>
  <data>
    1.1481810308604406e+03 0. 9.6156114180918883e+02 0.
    1.1473231064613242e+03 6.0173400780353256e+02 0. 0. 1.</data></camIntrinsicMat>
<distortion_coefficients type_id="opencv-matrix">
  <rows>4</rows>
  <cols>1</cols>
  <dt>d</dt>
  <data>
    -3.0453414259825812e-02 -3.2044028724664664e-02
    3.6080428595760376e-02 -2.1371178196953878e-02</data></distortion_coefficients>
<camIntriMatrix type_id="opencv-matrix">
  <rows>3</rows>
  <cols>4</cols>
  <dt>d</dt>
  <data>
    1.1481810308604406e+03 0. 9.6156114180918883e+02 0. 0.
    1.1473231064613242e+03 6.0173400780353256e+02 0. 0. 0. 1. 0.</data></camIntriMatrix>
<avg_reprojection_error>1.5663724817895697e-01</avg_reprojection_error>
</opencv_storage>
