<?xml version="1.0"?>
<opencv_storage>
<camera_name>FL</camera_name>
<camera_model>FISHEYE</camera_model>
<calibration_time>"2022-07-20 14:02:23"</calibration_time>
<camIntrinsicMat type_id="opencv-matrix">
  <rows>3</rows>
  <cols>3</cols>
  <dt>d</dt>
  <data>
    1.1524002513379485e+03 0. 9.6637645533943430e+02 0.
    1.1491684322502301e+03 5.8591681631418669e+02 0. 0. 1.</data></camIntrinsicMat>
<distortion_coefficients type_id="opencv-matrix">
  <rows>4</rows>
  <cols>1</cols>
  <dt>d</dt>
  <data>
    -3.1382330797830274e-02 -4.3753634386535671e-02
    7.7271145541521993e-02 -5.7400940741066150e-02</data></distortion_coefficients>
<camIntriMatrix type_id="opencv-matrix">
  <rows>3</rows>
  <cols>4</cols>
  <dt>d</dt>
  <data>
    1.1524002513379485e+03 0. 9.6637645533943430e+02 0. 0.
    1.1491684322502301e+03 5.8591681631418669e+02 0. 0. 0. 1. 0.</data></camIntriMatrix>
<avg_reprojection_error>2.0268540769539461e-01</avg_reprojection_error>
</opencv_storage>
