<?xml version="1.0"?>
<opencv_storage>
<camera_name>RL</camera_name>
<camera_model>FISHEYE</camera_model>
<calibration_time>"2022-12-20 16:25:24"</calibration_time>
<camIntrinsicMat type_id="opencv-matrix">
  <rows>3</rows>
  <cols>3</cols>
  <dt>d</dt>
  <data>
    1.1491319199048205e+03 0. 9.7721056631885688e+02 0.
    1.1489070274052449e+03 5.9809330388428839e+02 0. 0. 1.</data></camIntrinsicMat>
<distortion_coefficients type_id="opencv-matrix">
  <rows>4</rows>
  <cols>1</cols>
  <dt>d</dt>
  <data>
    -4.1266218589847456e-02 1.5530912469262087e-02
    -6.2695197397245134e-02 5.5462174476787647e-02</data></distortion_coefficients>
<camIntriMatrix type_id="opencv-matrix">
  <rows>3</rows>
  <cols>4</cols>
  <dt>d</dt>
  <data>
    1.1491319199048205e+03 0. 9.7721056631885688e+02 0. 0.
    1.1489070274052449e+03 5.9809330388428839e+02 0. 0. 0. 1. 0.</data></camIntriMatrix>
<avg_reprojection_error>2.0585591140929968e-01</avg_reprojection_error>
</opencv_storage>
