<?xml version="1.0"?>
<opencv_storage>
<camera_name>RL</camera_name>
<calibration_time>"2022-12-12 12:01:25"</calibration_time>
<undistort>1</undistort>
<rotationMatrix type_id="opencv-matrix">
  <rows>3</rows>
  <cols>3</cols>
  <dt>d</dt>
  <data>
    6.9314483624818002e-01 7.2078271125301607e-01
    -4.7454337246198852e-03 -1.1689063618433249e-02
    4.6576533994404923e-03 -9.9992083289455203e-01
    -7.2070354638658995e-01 6.9314543165454234e-01
    1.1653703369759238e-02</data></rotationMatrix>
<offsetMatrix type_id="opencv-matrix">
  <rows>3</rows>
  <cols>1</cols>
  <dt>d</dt>
  <data>
    7.7472675948255455e+03 1.2997798019217298e+03 5.5830333287132426e+03</data></offsetMatrix>
<deltaXY>
  0. 0.</deltaXY>
<headLocation>
  0. 0.</headLocation>
<pointA>
  0. 0.</pointA>
<pointB>
  0. 0.</pointB>
<pointV>
  0. 0.</pointV>
<cameraLocation>
  -1.3310733642578125e+03 -9.4600048828125000e+03 1.2713780517578125e+03</cameraLocation>
<extrinsicMatrix type_id="opencv-matrix">
  <rows>4</rows>
  <cols>4</cols>
  <dt>d</dt>
  <data>
    6.9314483624818002e-01 7.2078271125301607e-01
    -4.7454337246198852e-03 7.7472675948255455e+03
    -1.1689063618433249e-02 4.6576533994404923e-03
    -9.9992083289455203e-01 1.2997798019217298e+03
    -7.2070354638658995e-01 6.9314543165454234e-01
    1.1653703369759238e-02 5.5830333287132426e+03 0. 0. 0. 1.</data></extrinsicMatrix>
 <!-- resumed -->

<bsd_deltaXY>
  -3130. -6785.</bsd_deltaXY>
<yaw>4.6112597362085523e+01</yaw>
<pitch>8.9036789271970463e+01</pitch>
<roll>-9.6613362672978820e-01</roll>
<avg_reprojection_error>4.7901457548141479e-01</avg_reprojection_error>
</opencv_storage>
