<?xml version="1.0"?>
<opencv_storage>
<camera_name>RR</camera_name>
<calibration_time>"2021-12-04 15:44:30"</calibration_time>
<undistort>1</undistort>
<rotationMatrix type_id="opencv-matrix">
  <rows>3</rows>
  <cols>3</cols>
  <dt>d</dt>
  <data>
    7.1429552880458069e-01 -6.9984265351591946e-01
    1.4689620759192890e-03 -9.0014476052980297e-03
    -1.1286112296660045e-02 -9.9989579337560774e-01
    6.9978630414633936e-01 7.1420787169354527e-01
    -1.4361216528667037e-02</data></rotationMatrix>
<offsetMatrix type_id="opencv-matrix">
  <rows>3</rows>
  <cols>1</cols>
  <dt>d</dt>
  <data>
    -7.5700118332199399e+03 1.1886287914163354e+03
    5.8428989243410888e+03</data></offsetMatrix>
<deltaXY>
  0. 0.</deltaXY>
<headLocation>
  0. 0.</headLocation>
<pointA>
  0. 0.</pointA>
<pointB>
  0. 0.</pointB>
<pointV>
  0. 0.</pointV>
<cameraLocation>
  1.3291442871093750e+03 -9.4574462890625000e+03 1.2835361328125000e+03</cameraLocation>
<extrinsicMatrix type_id="opencv-matrix">
  <rows>4</rows>
  <cols>4</cols>
  <dt>d</dt>
  <data>
    7.1429552880458069e-01 -6.9984265351591946e-01
    1.4689620759192890e-03 -7.5700118332199399e+03
    -9.0014476052980297e-03 -1.1286112296660045e-02
    -9.9989579337560774e-01 1.1886287914163354e+03
    6.9978630414633936e-01 7.1420787169354527e-01
    -1.4361216528667037e-02 5.8428989243410888e+03 0. 0. 0. 1.</data></extrinsicMatrix>
 <!-- resumed -->

<bsd_deltaXY>
  2245. -6710.</bsd_deltaXY>
<image_points type_id="opencv-matrix">
  <rows>56</rows>
  <cols>2</cols>
  <dt>f</dt>
  <data>
    4.77442017e+02 1.08990759e+03 5.43654053e+02 1.07770203e+03
    6.07628235e+02 1.06398352e+03 6.68152954e+02 1.04944128e+03
    7.26572937e+02 1.03542249e+03 7.81180176e+02 1.02160785e+03
    8.32691101e+02 1.00746545e+03 4.51690399e+02 1.06416272e+03
    5.15240479e+02 1.05346631e+03 5.76065247e+02 1.04180945e+03
    6.35642578e+02 1.02698572e+03 6.90666687e+02 1.01679175e+03
    7.44945312e+02 1.00237988e+03 -1. -1. 4.29150848e+02 1.04062488e+03
    4.89724487e+02 1.03151111e+03 5.48394897e+02 1.02108990e+03
    6.05012756e+02 1.00940253e+03 6.59358643e+02 9.98834534e+02
    7.10983337e+02 9.87677673e+02 7.60326050e+02 9.76552795e+02
    4.09102173e+02 1.01930920e+03 4.66436432e+02 1.01173187e+03
    5.22755249e+02 1.00184436e+03 5.77604492e+02 9.90585022e+02
    6.30245850e+02 9.82221375e+02 6.80440491e+02 9.70609741e+02 -1. -1.
    3.90548309e+02 1.00050262e+03 4.45738556e+02 9.92459961e+02
    5.00033264e+02 9.84557739e+02 5.52108398e+02 9.74835693e+02
    6.03343689e+02 9.66302979e+02 6.52324707e+02 9.56538086e+02
    6.98843506e+02 9.47957275e+02 3.74106750e+02 9.82093933e+02
    4.27272247e+02 9.75117981e+02 4.79302368e+02 9.68398132e+02
    5.29396851e+02 9.59653564e+02 5.78751343e+02 9.51620972e+02
    6.26088440e+02 9.43422791e+02 6.71928955e+02 9.34497681e+02
    3.58877899e+02 9.65938171e+02 4.10918121e+02 9.59498657e+02
    4.59885681e+02 9.53842529e+02 5.08870728e+02 9.45002258e+02
    5.56005371e+02 9.39116699e+02 -1. -1. -1. -1. 3.45427704e+02
    9.50311218e+02 3.94907898e+02 9.44947449e+02 4.42509766e+02
    9.39480530e+02 4.89943665e+02 9.31244690e+02 5.35702820e+02
    9.25413696e+02 5.80043579e+02 9.19355713e+02 6.22743774e+02
    9.11218567e+02</data></image_points>
</opencv_storage>
