<?xml version="1.0"?>
<opencv_storage>
<camera_name>FC120</camera_name>
<calibration_time>"2022-01-10 23:40:21"</calibration_time>
<undistort>1</undistort>
<rotationMatrix type_id="opencv-matrix">
  <rows>3</rows>
  <cols>3</cols>
  <dt>d</dt>
  <data>
    9.9992280358709551e-01 1.0089930770093875e-02 7.2512180754384951e-03
    7.1069045804802384e-03 1.4265814546155071e-02
    -9.9987298115441581e-01 -1.0192093691033365e-02
    9.9984732826186495e-01 1.4193005101238238e-02</data></rotationMatrix>
<offsetMatrix type_id="opencv-matrix">
  <rows>3</rows>
  <cols>1</cols>
  <dt>d</dt>
  <data>
    -1.6582927712407425e+03 1.4910368869946922e+03
    3.1501831134573054e+03</data></offsetMatrix>
<deltaXY>
  1730. -3085.</deltaXY>
<headLocation>
  1730. -3085.</headLocation>
<pointA>
  4.5450068014058547e+02 1.0521415676095519e+03</pointA>
<pointB>
  1.5833239480189477e+03 1.0656718149625381e+03</pointB>
<pointV>
  9.7673645019531250e+02 6.0567718505859375e+02</pointV>
<cameraLocation>
  1.6796750488281250e+03 -3.1542409667968750e+03 1.4581616210937500e+03</cameraLocation>
<extrinsicMatrix type_id="opencv-matrix">
  <rows>4</rows>
  <cols>4</cols>
  <dt>d</dt>
  <data>
    9.9992280358709551e-01 1.0089930770093875e-02 7.2512180754384951e-03
    -1.6582927712407425e+03 7.1069045804802384e-03
    1.4265814546155071e-02 -9.9987298115441581e-01
    1.4910368869946922e+03 -1.0192093691033365e-02
    9.9984732826186495e-01 1.4193005101238238e-02 3.1501831134573054e+03
    0. 0. 0. 1.</data></extrinsicMatrix>
 <!-- resumed -->

<yaw_z>-5.7817908841872301e-01</yaw_z>
<pitch_x>8.9182599615556896e+01</pitch_x>
<roll_z>0.</roll_z>
</opencv_storage>
