<?xml version="1.0"?>
<opencv_storage>
<camera_name>FC120</camera_name>
<camera_model>FISHEYE</camera_model>
<calibration_time>"2022-01-10 23:38:22"</calibration_time>
<camIntrinsicMat type_id="opencv-matrix">
  <rows>3</rows>
  <cols>3</cols>
  <dt>d</dt>
  <data>
    9.7340695299143204e+02 0. 9.6691334171745552e+02 0.
    9.7258432360302857e+02 5.9180035886840096e+02 0. 0. 1.</data></camIntrinsicMat>
<distortion_coefficients type_id="opencv-matrix">
  <rows>4</rows>
  <cols>1</cols>
  <dt>d</dt>
  <data>
    -4.3177610657672331e-02 2.8373267995990794e-02
    -5.9886956940351503e-02 2.8746619203814668e-02</data></distortion_coefficients>
<camIntriMatrix type_id="opencv-matrix">
  <rows>3</rows>
  <cols>4</cols>
  <dt>d</dt>
  <data>
    9.7340695299143204e+02 0. 9.6691334171745552e+02 0. 0.
    9.7258432360302857e+02 5.9180035886840096e+02 0. 0. 0. 1. 0.</data></camIntriMatrix>
<avg_reprojection_error>6.1271526230938012e-01</avg_reprojection_error>
</opencv_storage>
