<?xml version="1.0"?>
<opencv_storage>
<camera_name>FC120</camera_name>
<calibration_time>"2022-07-15 14:52:11"</calibration_time>
<undistort>1</undistort>
<rotationMatrix type_id="opencv-matrix">
  <rows>3</rows>
  <cols>3</cols>
  <dt>d</dt>
  <data>
    9.9982766452474958e-01 -1.5570807119980681e-02
    -1.0108967138993145e-02 -1.0385515478726733e-02
    -1.7783434510503966e-02 -9.9978792277425110e-01
    1.5387732751318882e-02 9.9972061068212603e-01
    -1.7942080652226841e-02</data></rotationMatrix>
<offsetMatrix type_id="opencv-matrix">
  <rows>3</rows>
  <cols>1</cols>
  <dt>d</dt>
  <data>
    -1.7832431528233242e+03 1.4112775319378911e+03
    3.2293124094185100e+03</data></offsetMatrix>
<deltaXY>
  1770. -3170.</deltaXY>
<headLocation>
  1770. -3170.</headLocation>
<pointA>
  4.3902323156747525e+02 1.0382807174506947e+03</pointA>
<pointB>
  1.5239038269180019e+03 1.0198613091873268e+03</pointB>
<pointV>
  9.6154895019531250e+02 5.9518322753906250e+02</pointV>
<cameraLocation>
  1.7479008789062500e+03 -3.2310793457031250e+03 1.4508920898437500e+03</cameraLocation>
<extrinsicMatrix type_id="opencv-matrix">
  <rows>4</rows>
  <cols>4</cols>
  <dt>d</dt>
  <data>
    9.9982766452474958e-01 -1.5570807119980681e-02
    -1.0108967138993145e-02 -1.7832431528233242e+03
    -1.0385515478726733e-02 -1.7783434510503966e-02
    -9.9978792277425110e-01 1.4112775319378911e+03
    1.5387732751318882e-02 9.9972061068212603e-01
    -1.7942080652226841e-02 3.2293124094185100e+03 0. 0. 0. 1.</data></extrinsicMatrix>
 <!-- resumed -->

<yaw_z>8.9231869825465016e-01</yaw_z>
<pitch_x>9.1018971105995689e+01</pitch_x>
<roll_z>0.</roll_z>
</opencv_storage>
