<?xml version="1.0"?>
<opencv_storage>
<camera_name>FC120</camera_name>
<camera_model>FISHEYE</camera_model>
<calibration_time>"2022-07-15 14:50:27"</calibration_time>
<camIntrinsicMat type_id="opencv-matrix">
  <rows>3</rows>
  <cols>3</cols>
  <dt>d</dt>
  <data>
    9.7371683267629862e+02 0. 9.7671474434727668e+02 0.
    9.7424861328518637e+02 6.1251355585897682e+02 0. 0. 1.</data></camIntrinsicMat>
<distortion_coefficients type_id="opencv-matrix">
  <rows>4</rows>
  <cols>1</cols>
  <dt>d</dt>
  <data>
    -3.2924356242358115e-02 -1.8921704190868100e-02
    1.1103096832162745e-02 -5.5229558824536062e-03</data></distortion_coefficients>
<camIntriMatrix type_id="opencv-matrix">
  <rows>3</rows>
  <cols>4</cols>
  <dt>d</dt>
  <data>
    9.7371683267629862e+02 0. 9.7671474434727668e+02 0. 0.
    9.7424861328518637e+02 6.1251355585897682e+02 0. 0. 0. 1. 0.</data></camIntriMatrix>
<avg_reprojection_error>3.2242617562059722e-01</avg_reprojection_error>
</opencv_storage>
