<?xml version="1.0"?>
<opencv_storage>
<camera_name>FR</camera_name>
<camera_model>FISHEYE</camera_model>
<calibration_time>"2023-02-16 13:06:07"</calibration_time>
<camIntrinsicMat type_id="opencv-matrix">
  <rows>3</rows>
  <cols>3</cols>
  <dt>d</dt>
  <data>
     1153.2364778170534 0. 953.97670166329033 0.
     1156.1904788727491 597.54846803370356 0. 0. 1.</data></camIntrinsicMat>
<distortion_coefficients type_id="opencv-matrix">
  <rows>4</rows>
  <cols>1</cols>
  <dt>d</dt>
  <data>
      -0.020351930692815112 -0.046932010721386697
       0.065825897319217078 -0.065394056766104214</data></distortion_coefficients>
<camIntriMatrix type_id="opencv-matrix">
  <rows>3</rows>
  <cols>4</cols>
  <dt>d</dt>
  <data>
     1153.2364778170534 0. 953.97670166329033 0. 0.
     1156.1904788727491 597.54846803370356 0. 0. 0. 1. 0.</data></camIntriMatrix>
<avg_reprojection_error>3.0351288070313914e-01</avg_reprojection_error>
</opencv_storage>
