<?xml version="1.0"?>
<opencv_storage>
<camera_name>FR</camera_name>
<calibration_time>"2023-02-16 15:30:57"</calibration_time>
<undistort>1</undistort>
<rotationMatrix type_id="opencv-matrix">
  <rows>3</rows>
  <cols>3</cols>
  <dt>d</dt>
  <data>
    -7.0353251050368992e-01 -7.1064814200254989e-01
    4.6070524957771974e-03 1.4615557698174908e-02
    -2.0949986753690752e-02 -9.9967368852450589e-01
    7.1051276704753630e-01 -7.0323560513055883e-01
    2.5125515698381617e-02</data></rotationMatrix>
<offsetMatrix type_id="opencv-matrix">
  <rows>3</rows>
  <cols>1</cols>
  <dt>d</dt>
  <data>
    -2.7041787285010587e+03 1.1541375517040810e+03
    -4.5119638576569550e+03</data></offsetMatrix>
<deltaXY>
  0. 0.</deltaXY>
<headLocation>
  0. 0.</headLocation>
<pointA>
  0. 0.</pointA>
<pointB>
  0. 0.</pointB>
<pointV>
  0. 0.</pointV>
<cameraLocation>
  1.2864619140625000e+03 -5.0705141601562500e+03 1.2795845947265625e+03</cameraLocation>
<extrinsicMatrix type_id="opencv-matrix">
  <rows>4</rows>
  <cols>4</cols>
  <dt>d</dt>
  <data>
    -7.0353251050368992e-01 -7.1064814200254989e-01
    4.6070524957771974e-03 -2.7041787285010587e+03
    1.4615557698174908e-02 -2.0949986753690752e-02
    -9.9967368852450589e-01 1.1541375517040810e+03
    7.1051276704753630e-01 -7.0323560513055883e-01
    2.5125515698381617e-02 -4.5119638576569550e+03 0. 0. 0. 1.</data></extrinsicMatrix>
 <!-- resumed -->

<bsd_deltaXY>
  2315. -8565.</bsd_deltaXY>
<yaw>-4.5276649969529757e+01</yaw>
<pitch>-8.7953781191545886e+01</pitch>
<roll>1.7880987826441944e+02</roll>
<avg_reprojection_error>1.0585080385208130e+00</avg_reprojection_error>
</opencv_storage>
