<?xml version="1.0"?>
<opencv_storage>
<camera_name>RL</camera_name>
<camera_model>FISHEYE</camera_model>
<calibration_time>"2022-07-26 17:01:32"</calibration_time>
<camIntrinsicMat type_id="opencv-matrix">
  <rows>3</rows>
  <cols>3</cols>
  <dt>d</dt>
  <data>
    1.1521720880404309e+03 0. 9.6235999690854885e+02 0.
    1.1507284906309230e+03 5.9956877815596010e+02 0. 0. 1.</data></camIntrinsicMat>
<distortion_coefficients type_id="opencv-matrix">
  <rows>4</rows>
  <cols>1</cols>
  <dt>d</dt>
  <data>
    -4.4631285543121055e-02 2.5107168363720758e-02
    -9.4391237078563450e-02 8.6178080383831540e-02</data></distortion_coefficients>
<camIntriMatrix type_id="opencv-matrix">
  <rows>3</rows>
  <cols>4</cols>
  <dt>d</dt>
  <data>
    1.1521720880404309e+03 0. 9.6235999690854885e+02 0. 0.
    1.1507284906309230e+03 5.9956877815596010e+02 0. 0. 0. 1. 0.</data></camIntriMatrix>
<avg_reprojection_error>3.7513264240898475e-01</avg_reprojection_error>
</opencv_storage>
