<?xml version="1.0"?>
<opencv_storage>
<camera_name>FR</camera_name>
<calibration_time>"2022-07-17 16:17:03"</calibration_time>
<undistort>1</undistort>
<rotationMatrix type_id="opencv-matrix">
  <rows>3</rows>
  <cols>3</cols>
  <dt>d</dt>
  <data>
    -7.0047148241844259e-01 -7.1362700878507801e-01
    -8.7289547467947481e-03 9.7958668329989895e-03
    2.6159053305656599e-03 -9.9994859769504729e-01
    7.1361316083120241e-01 -7.0052098424798359e-01
    5.1582280617223919e-03</data></rotationMatrix>
<offsetMatrix type_id="opencv-matrix">
  <rows>3</rows>
  <cols>1</cols>
  <dt>d</dt>
  <data>
    8.7752468444373687e+02 1.7503233005229706e+03
    -9.8534769665692966e+02</data></offsetMatrix>
<deltaXY>
  0. 0.</deltaXY>
<headLocation>
  0. 0.</headLocation>
<pointA>
  0. 0.</pointA>
<pointB>
  0. 0.</pointB>
<pointV>
  0. 0.</pointV>
<cameraLocation>
  1.3006921386718750e+03 -6.8610099792480469e+01 1.7629758300781250e+03</cameraLocation>
<extrinsicMatrix type_id="opencv-matrix">
  <rows>4</rows>
  <cols>4</cols>
  <dt>d</dt>
  <data>
    -7.0047148241844259e-01 -7.1362700878507801e-01
    -8.7289547467947481e-03 8.7752468444373687e+02
    9.7958668329989895e-03 2.6159053305656599e-03
    -9.9994859769504729e-01 1.7503233005229706e+03
    7.1361316083120241e-01 -7.0052098424798359e-01
    5.1582280617223919e-03 -9.8534769665692966e+02 0. 0. 0. 1.</data></extrinsicMatrix>
 <!-- resumed -->

<bsd_deltaXY>
  2090. -4615.</bsd_deltaXY>
<yaw>-4.5529658819628530e+01</yaw>
<pitch>-8.9578114912967479e+01</pitch>
<roll>1.7919878930733711e+02</roll>
<avg_reprojection_error>4.8522445559501648e-01</avg_reprojection_error>
</opencv_storage>
