<?xml version="1.0"?>
<opencv_storage>
<camera_name>FR</camera_name>
<camera_model>FISHEYE</camera_model>
<calibration_time>"2022-07-17 12:27:28"</calibration_time>
<camIntrinsicMat type_id="opencv-matrix">
  <rows>3</rows>
  <cols>3</cols>
  <dt>d</dt>
  <data>
    1.4167905248218819e+03 0. 1.3859243120354931e+03 0.
    1.4182466515593912e+03 8.9490530931847582e+02 0. 0. 1.</data></camIntrinsicMat>
<distortion_coefficients type_id="opencv-matrix">
  <rows>4</rows>
  <cols>1</cols>
  <dt>d</dt>
  <data>
    2.1923764801852711e-02 2.9065775438265038e-03 3.3330953385811668e-04
    -7.3293982902260799e-04</data></distortion_coefficients>
<camIntriMatrix type_id="opencv-matrix">
  <rows>3</rows>
  <cols>4</cols>
  <dt>d</dt>
  <data>
    1.4167905248218819e+03 0. 1.3859243120354931e+03 0. 0.
    1.4182466515593912e+03 8.9490530931847582e+02 0. 0. 0. 1. 0.</data></camIntriMatrix>
<avg_reprojection_error>2.8214508902905561e-01</avg_reprojection_error>
</opencv_storage>
