<?xml version="1.0"?>
<opencv_storage>
<camera_name>FL</camera_name>
<camera_model>FISHEYE</camera_model>
<calibration_time>"2022-07-04 09:59:25"</calibration_time>
<camIntrinsicMat type_id="opencv-matrix">
  <rows>3</rows>
  <cols>3</cols>
  <dt>d</dt>
  <data>
    1.1423077567942057e+03 0. 9.6920134752728484e+02 0.
    1.1438602780742626e+03 5.8680962362402227e+02 0. 0. 1.</data></camIntrinsicMat>
<distortion_coefficients type_id="opencv-matrix">
  <rows>4</rows>
  <cols>1</cols>
  <dt>d</dt>
  <data>
    -4.8785109284148830e-02 5.9445579099880158e-02
    -1.3883704092739044e-01 9.1378935052177396e-02</data></distortion_coefficients>
<camIntriMatrix type_id="opencv-matrix">
  <rows>3</rows>
  <cols>4</cols>
  <dt>d</dt>
  <data>
    1.1423077567942057e+03 0. 9.6920134752728484e+02 0. 0.
    1.1438602780742626e+03 5.8680962362402227e+02 0. 0. 0. 1. 0.</data></camIntriMatrix>
<avg_reprojection_error>4.2563685556048686e-01</avg_reprojection_error>
</opencv_storage>
