<?xml version="1.0"?>
<opencv_storage>
<camera_name>FL</camera_name>
<calibration_time>"2023-02-12 11:10:27"</calibration_time>
<undistort>1</undistort>
<rotationMatrix type_id="opencv-matrix">
  <rows>3</rows>
  <cols>3</cols>
  <dt>d</dt>
  <data>
    -7.1980065116079750e-01 6.9309117044545299e-01
    3.8879969637897194e-02 -2.4271696148623900e-02
    3.0846196017687788e-02 -9.9922940156768170e-01
    -6.9375637464066631e-01 -7.2018965671675006e-01
    -5.3806136870192534e-03</data></rotationMatrix>
<offsetMatrix type_id="opencv-matrix">
  <rows>3</rows>
  <cols>1</cols>
  <dt>d</dt>
  <data>
    2.6570904186048820e+03 1.3829851309885714e+03
    -4.6966254555152818e+03</data></offsetMatrix>
<deltaXY>
  0. 0.</deltaXY>
<headLocation>
  0. 0.</headLocation>
<pointA>
  0. 0.</pointA>
<pointB>
  0. 0.</pointB>
<pointV>
  0. 0.</pointV>
<cameraLocation>
  -1.3121710205078125e+03 -5.2667270507812500e+03 1.2533410644531250e+03</cameraLocation>
<extrinsicMatrix type_id="opencv-matrix">
  <rows>4</rows>
  <cols>4</cols>
  <dt>d</dt>
  <data>
    -7.1980065116079750e-01 6.9309117044545299e-01
    3.8879969637897194e-02 2.6570904186048820e+03
    -2.4271696148623900e-02 3.0846196017687788e-02
    -9.9922940156768170e-01 1.3829851309885714e+03
    -6.9375637464066631e-01 -7.2018965671675006e-01
    -5.3806136870192534e-03 -4.6966254555152818e+03 0. 0. 0. 1.</data></extrinsicMatrix>
 <!-- resumed -->

<bsd_deltaXY>
  -2850. -8850.</bsd_deltaXY>
<yaw>4.3928198154255291e+01</yaw>
<pitch>-9.0428054911444363e+01</pitch>
<roll>-1.7806871662718902e+02</roll>
<avg_reprojection_error>3.5827761888504028e-01</avg_reprojection_error>
</opencv_storage>
