<?xml version="1.0"?>
<opencv_storage>
<camera_name>FL</camera_name>
<camera_model>FISHEYE</camera_model>
<calibration_time>"2022-10-20 16:17:08"</calibration_time>
<camIntrinsicMat type_id="opencv-matrix">
  <rows>3</rows>
  <cols>3</cols>
  <dt>d</dt>
  <data>
    1.1557437497879694e+03 0. 9.6266752634966213e+02 0.
    1.1540062411388667e+03 5.9442412480112716e+02 0. 0. 1.</data></camIntrinsicMat>
<distortion_coefficients type_id="opencv-matrix">
  <rows>4</rows>
  <cols>1</cols>
  <dt>d</dt>
  <data>
    -4.6886325717963299e-02 3.1039468897188380e-02
    -7.2023404491985785e-02 4.4605474232436000e-02</data></distortion_coefficients>
<camIntriMatrix type_id="opencv-matrix">
  <rows>3</rows>
  <cols>4</cols>
  <dt>d</dt>
  <data>
    1.1557437497879694e+03 0. 9.6266752634966213e+02 0. 0.
    1.1540062411388667e+03 5.9442412480112716e+02 0. 0. 0. 1. 0.</data></camIntriMatrix>
<avg_reprojection_error>1.9343125802564282e-01</avg_reprojection_error>
</opencv_storage>
