<?xml version="1.0"?>
<opencv_storage>
<camera_name>FC120</camera_name>
<camera_model>FISHEYE</camera_model>
<calibration_time>"2023-01-03 09:56:33"</calibration_time>
<camIntrinsicMat type_id="opencv-matrix">
  <rows>3</rows>
  <cols>3</cols>
  <dt>d</dt>
  <data>
    9.7606048538610162e+02 0. 9.7071011672954819e+02 0.
    9.7714628414445019e+02 5.9783904532434428e+02 0. 0. 1.</data></camIntrinsicMat>
<distortion_coefficients type_id="opencv-matrix">
  <rows>4</rows>
  <cols>1</cols>
  <dt>d</dt>
  <data>
    -3.8991045021240282e-02 7.8023339919042305e-03
    -2.5740187976433286e-02 1.0973444535363799e-02</data></distortion_coefficients>
<camIntriMatrix type_id="opencv-matrix">
  <rows>3</rows>
  <cols>4</cols>
  <dt>d</dt>
  <data>
    9.7606048538610162e+02 0. 9.7071011672954819e+02 0. 0.
    9.7714628414445019e+02 5.9783904532434428e+02 0. 0. 0. 1. 0.</data></camIntriMatrix>
<avg_reprojection_error>2.7907287199161573e-01</avg_reprojection_error>
</opencv_storage>
