<?xml version="1.0"?>
<opencv_storage>
<camera_name>RL</camera_name>
<camera_model>FISHEYE</camera_model>
<calibration_time>"2022-06-22 23:13:19"</calibration_time>
<camIntrinsicMat type_id="opencv-matrix">
  <rows>3</rows>
  <cols>3</cols>
  <dt>d</dt>
  <data>
    1.1604839965944673e+03 0. 9.6125278853385714e+02 0.
    1.1611738271443680e+03 5.9190461379058058e+02 0. 0. 1.</data></camIntrinsicMat>
<distortion_coefficients type_id="opencv-matrix">
  <rows>4</rows>
  <cols>1</cols>
  <dt>d</dt>
  <data>
    -3.2159220393231068e-02 -2.3792936551242309e-02
    1.8513605317306153e-02 -7.3092956746813797e-03</data></distortion_coefficients>
<camIntriMatrix type_id="opencv-matrix">
  <rows>3</rows>
  <cols>4</cols>
  <dt>d</dt>
  <data>
    1.1604839965944673e+03 0. 9.6125278853385714e+02 0. 0.
    1.1611738271443680e+03 5.9190461379058058e+02 0. 0. 0. 1. 0.</data></camIntriMatrix>
<avg_reprojection_error>3.2496853831855205e-01</avg_reprojection_error>
</opencv_storage>
