<?xml version="1.0"?>
<opencv_storage>
<camera_name>RL</camera_name>
<calibration_time>"2022-06-24 13:09:03"</calibration_time>
<undistort>1</undistort>
<rotationMatrix type_id="opencv-matrix">
  <rows>3</rows>
  <cols>3</cols>
  <dt>d</dt>
  <data>
    6.7332476276151410e-01 7.3772988856943700e-01 4.8871007391669608e-02
    2.5537709567695355e-02 4.2854418286044860e-02
    -9.9875488695845727e-01 -7.3890567005686625e-01
    6.7373445091125528e-01 1.0015009392039226e-02</data></rotationMatrix>
<offsetMatrix type_id="opencv-matrix">
  <rows>3</rows>
  <cols>1</cols>
  <dt>d</dt>
  <data>
    7.8667909119037640e+03 1.7302190445978804e+03 5.3897431394367995e+03</data></offsetMatrix>
<deltaXY>
  0. 0.</deltaXY>
<headLocation>
  0. 0.</headLocation>
<pointA>
  0. 0.</pointA>
<pointB>
  0. 0.</pointB>
<pointV>
  0. 0.</pointV>
<cameraLocation>
  -1.3585792236328125e+03 -9.5089697265625000e+03 1.2896284179687500e+03</cameraLocation>
<extrinsicMatrix type_id="opencv-matrix">
  <rows>4</rows>
  <cols>4</cols>
  <dt>d</dt>
  <data>
    6.7332476276151410e-01 7.3772988856943700e-01 4.8871007391669608e-02
    7.8667909119037640e+03 2.5537709567695355e-02 4.2854418286044860e-02
    -9.9875488695845727e-01 1.7302190445978804e+03
    -7.3890567005686625e-01 6.7373445091125528e-01
    1.0015009392039226e-02 5.3897431394367995e+03 0. 0. 0. 1.</data></extrinsicMatrix>
 <!-- resumed -->

<bsd_deltaXY>
  -2948. -6100.</bsd_deltaXY>
<yaw>4.7638279136491050e+01</yaw>
<pitch>8.9148365487235040e+01</pitch>
<roll>2.1720602728930021e+00</roll>
<avg_reprojection_error>3.9351788163185120e-01</avg_reprojection_error>
</opencv_storage>
