<?xml version="1.0"?>
<opencv_storage>
<camera_name>FL</camera_name>
<camera_model>FISHEYE</camera_model>
<calibration_time>"2022-01-20 15:26:52"</calibration_time>
<camIntrinsicMat type_id="opencv-matrix">
  <rows>3</rows>
  <cols>3</cols>
  <dt>d</dt>
  <data>
    1.4212685774115105e+03 0. 1.4708191599382099e+03 0.
    1.4216227143834935e+03 9.1143695823283917e+02 0. 0. 1.</data></camIntrinsicMat>
<distortion_coefficients type_id="opencv-matrix">
  <rows>4</rows>
  <cols>1</cols>
  <dt>d</dt>
  <data>
    1.7284463038037785e-02 1.2021377878921255e-02
    -5.0039031446899021e-03 -1.7578059656069070e-03</data></distortion_coefficients>
<camIntriMatrix type_id="opencv-matrix">
  <rows>3</rows>
  <cols>4</cols>
  <dt>d</dt>
  <data>
    1.4212685774115105e+03 0. 1.4708191599382099e+03 0. 0.
    1.4216227143834935e+03 9.1143695823283917e+02 0. 0. 0. 1. 0.</data></camIntriMatrix>
<avg_reprojection_error>4.3504316865839004e-01</avg_reprojection_error>
</opencv_storage>
