<?xml version="1.0"?>
<opencv_storage>
<camera_name>FL</camera_name>
<calibration_time>"2022-01-24 10:33:10"</calibration_time>
<undistort>1</undistort>
<rotationMatrix type_id="opencv-matrix">
  <rows>3</rows>
  <cols>3</cols>
  <dt>d</dt>
  <data>
    -7.0176046055923080e-01 7.1223436697126097e-01
    -1.5951880790168016e-02 4.7289728698005074e-03
    -1.7733752093122002e-02 -9.9983156124034056e-01
    -7.1239728579725314e-01 -7.0171769290915531e-01
    9.0767090379663129e-03</data></rotationMatrix>
<offsetMatrix type_id="opencv-matrix">
  <rows>3</rows>
  <cols>1</cols>
  <dt>d</dt>
  <data>
    -8.4650391077775942e+02 1.6854666566497961e+03
    -9.9828551512721413e+02</data></offsetMatrix>
<deltaXY>
  0. 0.</deltaXY>
<headLocation>
  0. 0.</headLocation>
<pointA>
  0. 0.</pointA>
<pointB>
  0. 0.</pointB>
<pointV>
  0. 0.</pointV>
<cameraLocation>
  -1.3131893310546875e+03 -6.7715782165527344e+01 1.6807406005859375e+03</cameraLocation>
<extrinsicMatrix type_id="opencv-matrix">
  <rows>4</rows>
  <cols>4</cols>
  <dt>d</dt>
  <data>
    -7.0176046055923080e-01 7.1223436697126097e-01
    -1.5951880790168016e-02 -8.4650391077775942e+02
    4.7289728698005074e-03 -1.7733752093122002e-02
    -9.9983156124034056e-01 1.6854666566497961e+03
    -7.1239728579725314e-01 -7.0171769290915531e-01
    9.0767090379663129e-03 -9.9828551512721413e+02 0. 0. 0. 1.</data></extrinsicMatrix>
 <!-- resumed -->

<bsd_deltaXY>
  -3465. -4960.</bsd_deltaXY>
<yaw>4.5430301697806776e+01</yaw>
<pitch>-8.9258921182048695e+01</pitch>
<roll>1.7961390517008684e+02</roll>
<avg_reprojection_error>6.2415271997451782e-01</avg_reprojection_error>
</opencv_storage>
