<?xml version="1.0"?>
<opencv_storage>
<camera_name>FC120</camera_name>
<camera_model>FISHEYE</camera_model>
<calibration_time>"2023-1-07 09:10:02"</calibration_time>
<camIntrinsicMat type_id="opencv-matrix">
  <rows>3</rows>
  <cols>3</cols>
  <dt>d</dt>
  <data>
    974.26856733048146 0. 966.21913834970633 0.
    976.26004034978644 596.56139061940974 0. 0. 1.</data></camIntrinsicMat>
<distortion_coefficients type_id="opencv-matrix">
  <rows>4</rows>
  <cols>1</cols>
  <dt>d</dt>
  <data>
   -0.031639143046451497 0.018313549059128235
    -0.072956939422160486 0.046796228348588258</data></distortion_coefficients>
<camIntriMatrix type_id="opencv-matrix">
  <rows>3</rows>
  <cols>4</cols>
  <dt>d</dt>
  <data>
    974.26856733048146 0. 966.21913834970633 0. 0.
    976.26004034978644 596.56139061940974 0. 0. 0. 1. 0.</data></camIntriMatrix>
<avg_reprojection_error>5.4697344214824939e-01</avg_reprojection_error>
</opencv_storage>
