<?xml version="1.0"?>
<opencv_storage>
<camera_name>FC120</camera_name>
<calibration_time>"2023-01-07 11:53:38"</calibration_time>
<undistort>1</undistort>
<rotationMatrix type_id="opencv-matrix">
  <rows>3</rows>
  <cols>3</cols>
  <dt>d</dt>
  <data>
    9.9985184694258722e-01 2.0743189919087508e-03
    -1.7087462252100401e-02 -1.7076797914665071e-02
    -5.0543540093632095e-03 -9.9984140566318314e-01
    -2.1603561000076280e-03 9.9998507524175984e-01
    -5.0181824651280979e-03</data></rotationMatrix>
<offsetMatrix type_id="opencv-matrix">
  <rows>3</rows>
  <cols>1</cols>
  <dt>d</dt>
  <data>
    -1.7372313864971873e+03 1.4604797614231095e+03
    3.3204871956039701e+03</data></offsetMatrix>
<deltaXY>
  1820. -3340.</deltaXY>
<headLocation>
  1820. -3340.</headLocation>
<pointA>
  4.5649576513961841e+02 1.0259586286827321e+03</pointA>
<pointB>
  1.5227354420039965e+03 1.0087066168670447e+03</pointB>
<pointV>
  9.6824011230468750e+02 5.9162695312500000e+02</pointV>
<cameraLocation>
  1.7690877685546875e+03 -3.3094523925781250e+03 1.4472260742187500e+03</cameraLocation>
<extrinsicMatrix type_id="opencv-matrix">
  <rows>4</rows>
  <cols>4</cols>
  <dt>d</dt>
  <data>
    9.9985184694258722e-01 2.0743189919087508e-03
    -1.7087462252100401e-02 -1.7372313864971873e+03
    -1.7076797914665071e-02 -5.0543540093632095e-03
    -9.9984140566318314e-01 1.4604797614231095e+03
    -2.1603561000076280e-03 9.9998507524175984e-01
    -5.0181824651280979e-03 3.3204871956039701e+03 0. 0. 0. 1.</data></extrinsicMatrix>
 <!-- resumed -->

<yaw_z>-1.1885132133459853e-01</yaw_z>
<pitch_x>9.0289595695097532e+01</pitch_x>
<roll_z>0.</roll_z>
</opencv_storage>
