<?xml version="1.0"?>
<opencv_storage>
<camera_name>RR</camera_name>
<calibration_time>"2022-12-25 18:27:14"</calibration_time>
<undistort>1</undistort>
<rotationMatrix type_id="opencv-matrix">
  <rows>3</rows>
  <cols>3</cols>
  <dt>d</dt>
  <data>
    7.1612232686477473e-01 -6.9701846346821339e-01
    3.6524985286674971e-02 1.9353997929667632e-02
    -3.2479827396143413e-02 -9.9928498616583616e-01
    6.9770641084192375e-01 7.1631719398373206e-01
    -9.7694356721885756e-03</data></rotationMatrix>
<offsetMatrix type_id="opencv-matrix">
  <rows>3</rows>
  <cols>1</cols>
  <dt>d</dt>
  <data>
    -7.5777059027796940e+03 9.1420223842833593e+02
    5.8592314220806284e+03</data></offsetMatrix>
<deltaXY>
  0. 0.</deltaXY>
<headLocation>
  0. 0.</headLocation>
<pointA>
  0. 0.</pointA>
<pointB>
  0. 0.</pointB>
<pointV>
  0. 0.</pointV>
<cameraLocation>
  1.3208475341796875e+03 -9.4491757812500000e+03 1.2475655517578125e+03</cameraLocation>
<extrinsicMatrix type_id="opencv-matrix">
  <rows>4</rows>
  <cols>4</cols>
  <dt>d</dt>
  <data>
    7.1612232686477473e-01 -6.9701846346821339e-01
    3.6524985286674971e-02 -7.5777059027796940e+03
    1.9353997929667632e-02 -3.2479827396143413e-02
    -9.9928498616583616e-01 9.1420223842833593e+02
    6.9770641084192375e-01 7.1631719398373206e-01
    -9.7694356721885756e-03 5.8592314220806284e+03 0. 0. 0. 1.</data></extrinsicMatrix>
 <!-- resumed -->

<bsd_deltaXY>
  2325. -6670.</bsd_deltaXY>
<yaw>-4.4243277283671304e+01</yaw>
<pitch>9.0781375534825216e+01</pitch>
<roll>1.5481049677216836e+00</roll>
<avg_reprojection_error>5.1918536424636841e-01</avg_reprojection_error>
</opencv_storage>
