<?xml version="1.0"?>
<opencv_storage>
<camera_name>RR</camera_name>
<camera_model>FISHEYE</camera_model>
<calibration_time>"2022-12-25 18:13:53"</calibration_time>
<camIntrinsicMat type_id="opencv-matrix">
  <rows>3</rows>
  <cols>3</cols>
  <dt>d</dt>
  <data>
    1136.3166310022164 0. 941.57483229263096 0.
    1135.991003046586 590.34708325407928 0. 0. 1.</data></camIntrinsicMat>
<distortion_coefficients type_id="opencv-matrix">
  <rows>4</rows>
  <cols>1</cols>
  <dt>d</dt>
  <data>
    -0.027806675842166794 -0.028124041352732772
    0.044908328644737358 -0.04200317614409347</data></distortion_coefficients>
<camIntriMatrix type_id="opencv-matrix">
  <rows>3</rows>
  <cols>4</cols>
  <dt>d</dt>
  <data>
    1136.3166310022164 0. 941.57483229263096 0. 0.
    1135.991003046586 590.34708325407928 0. 0. 0. 1. 0.</data></camIntriMatrix>
<avg_reprojection_error>2.2221480647619546e-01</avg_reprojection_error>
</opencv_storage>
