<?xml version="1.0"?>
<opencv_storage>
<camera_name>FC120</camera_name>
<camera_model>FISHEYE</camera_model>
<calibration_time>"2022-11-25 08:32:25"</calibration_time>
<camIntrinsicMat type_id="opencv-matrix">
  <rows>3</rows>
  <cols>3</cols>
  <dt>d</dt>
  <data>
    9.7716445810018445e+02 0. 9.7082948612643645e+02 0.
    9.7751349490831740e+02 5.9685056187914597e+02 0. 0. 1.</data></camIntrinsicMat>
<distortion_coefficients type_id="opencv-matrix">
  <rows>4</rows>
  <cols>1</cols>
  <dt>d</dt>
  <data>
    -3.9720612560905991e-02 -7.0894001590168674e-03
    3.9591021032893822e-03 -5.4618707399336991e-03</data></distortion_coefficients>
<camIntriMatrix type_id="opencv-matrix">
  <rows>3</rows>
  <cols>4</cols>
  <dt>d</dt>
  <data>
    9.7716445810018445e+02 0. 9.7082948612643645e+02 0. 0.
    9.7751349490831740e+02 5.9685056187914597e+02 0. 0. 0. 1. 0.</data></camIntriMatrix>
<avg_reprojection_error>6.6923833991101112e-01</avg_reprojection_error>
</opencv_storage>
