<?xml version="1.0"?>
<opencv_storage>
<camera_name>FC120</camera_name>
<calibration_time>"2023-02-12 11:00:28"</calibration_time>
<undistort>1</undistort>
<rotationMatrix type_id="opencv-matrix">
  <rows>3</rows>
  <cols>3</cols>
  <dt>d</dt>
  <data>
    9.9985757673756270e-01 -7.5960288528612663e-03
    1.5070719496927853e-02 1.5022993450904109e-02
    -6.3014067129362533e-03 -9.9986729216492132e-01
    7.6899875333237295e-03 9.9995129512346981e-01
    -6.1863941543248398e-03</data></rotationMatrix>
<offsetMatrix type_id="opencv-matrix">
  <rows>3</rows>
  <cols>1</cols>
  <dt>d</dt>
  <data>
    -1.5334019092533022e+03 1.3372100420953986e+03
    3.1564410347113694e+03</data></offsetMatrix>
<deltaXY>
  1500. -3000.</deltaXY>
<headLocation>
  1500. -3000.</headLocation>
<pointA>
  4.9612210866316434e+02 1.0109691363434076e+03</pointA>
<pointB>
  1.4061184726724541e+03 1.0216408745978840e+03</pointB>
<pointV>
  9.6340655517578125e+02 5.9069055175781250e+02</pointV>
<cameraLocation>
  1.4888216552734375e+03 -3.1595087890625000e+03 1.3796690673828125e+03</cameraLocation>
<extrinsicMatrix type_id="opencv-matrix">
  <rows>4</rows>
  <cols>4</cols>
  <dt>d</dt>
  <data>
    9.9985757673756270e-01 -7.5960288528612663e-03
    1.5070719496927853e-02 -1.5334019092533022e+03
    1.5022993450904109e-02 -6.3014067129362533e-03
    -9.9986729216492132e-01 1.3372100420953986e+03
    7.6899875333237295e-03 9.9995129512346981e-01
    -6.1863941543248398e-03 3.1564410347113694e+03 0. 0. 0. 1.</data></extrinsicMatrix>
 <!-- resumed -->

<yaw_z>4.3523323425027316e-01</yaw_z>
<pitch_x>9.0361046304005043e+01</pitch_x>
<roll_z>0.</roll_z>
</opencv_storage>
