<?xml version="1.0"?>
<opencv_storage>
<camera_name>RR</camera_name>
<calibration_time>"2022-06-24 17:35:56"</calibration_time>
<undistort>1</undistort>
<rotationMatrix type_id="opencv-matrix">
  <rows>3</rows>
  <cols>3</cols>
  <dt>d</dt>
  <data>
    7.1185386090481229e-01 -7.0183525282307757e-01
    2.6293699048993868e-02 1.8599265952371768e-02
    -1.8586482434552687e-02 -9.9965424521518587e-01
    7.0208129730177626e-01 7.1209677752779987e-01
    -1.7723875966932368e-04</data></rotationMatrix>
<offsetMatrix type_id="opencv-matrix">
  <rows>3</rows>
  <cols>1</cols>
  <dt>d</dt>
  <data>
    -7.6133047625936688e+03 1.0580945575642972e+03
    5.8399480676088669e+03</data></offsetMatrix>
<deltaXY>
  0. 0.</deltaXY>
<headLocation>
  0. 0.</headLocation>
<pointA>
  0. 0.</pointA>
<pointB>
  0. 0.</pointB>
<pointV>
  0. 0.</pointV>
<cameraLocation>
  1.2997623291015625e+03 -9.4822275390625000e+03 1.2589456787109375e+03</cameraLocation>
<extrinsicMatrix type_id="opencv-matrix">
  <rows>4</rows>
  <cols>4</cols>
  <dt>d</dt>
  <data>
    7.1185386090481229e-01 -7.0183525282307757e-01
    2.6293699048993868e-02 -7.6133047625936688e+03
    1.8599265952371768e-02 -1.8586482434552687e-02
    -9.9965424521518587e-01 1.0580945575642972e+03
    7.0208129730177626e-01 7.1209677752779987e-01
    -1.7723875966932368e-04 5.8399480676088669e+03 0. 0. 0. 1.</data></extrinsicMatrix>
 <!-- resumed -->

<bsd_deltaXY>
  2310. -6830.</bsd_deltaXY>
<yaw>-4.4594225769937815e+01</yaw>
<pitch>9.0014260747985333e+01</pitch>
<roll>1.4966794471390450e+00</roll>
<avg_reprojection_error>2.1307106316089630e-01</avg_reprojection_error>
</opencv_storage>
