<?xml version="1.0"?>
<opencv_storage>
<camera_name>RR</camera_name>
<camera_model>FISHEYE</camera_model>
<calibration_time>"2022-06-24 16:36:43"</calibration_time>
<camIntrinsicMat type_id="opencv-matrix">
  <rows>3</rows>
  <cols>3</cols>
  <dt>d</dt>
  <data>
    1.1553925348648579e+03 0. 9.6105043113725753e+02 0.
    1.1562542108413527e+03 6.0697246973350877e+02 0. 0. 1.</data></camIntrinsicMat>
<distortion_coefficients type_id="opencv-matrix">
  <rows>4</rows>
  <cols>1</cols>
  <dt>d</dt>
  <data>
    -3.7724125177147808e-02 -1.7561044643670507e-02
    3.6358876050503149e-02 -3.5763064165899208e-02</data></distortion_coefficients>
<camIntriMatrix type_id="opencv-matrix">
  <rows>3</rows>
  <cols>4</cols>
  <dt>d</dt>
  <data>
    1.1553925348648579e+03 0. 9.6105043113725753e+02 0. 0.
    1.1562542108413527e+03 6.0697246973350877e+02 0. 0. 0. 1. 0.</data></camIntriMatrix>
<avg_reprojection_error>2.3245111126593854e-01</avg_reprojection_error>
</opencv_storage>
