<?xml version="1.0"?>
<opencv_storage>
<camera_name>FR</camera_name>
<camera_model>FISHEYE</camera_model>
<calibration_time>"2022-09-08 21:16:04"</calibration_time>
<camIntrinsicMat type_id="opencv-matrix">
  <rows>3</rows>
  <cols>3</cols>
  <dt>d</dt>
  <data>
    1.1518507979065701e+03 0. 9.8226894761972540e+02 0.
    1.1497988817257303e+03 6.0513943541381002e+02 0. 0. 1.</data></camIntrinsicMat>
<distortion_coefficients type_id="opencv-matrix">
  <rows>4</rows>
  <cols>1</cols>
  <dt>d</dt>
  <data>
    -4.6392034864741832e-02 1.4543963101772528e-02
    -2.3321636617003705e-02 4.2351329420369727e-03</data></distortion_coefficients>
<camIntriMatrix type_id="opencv-matrix">
  <rows>3</rows>
  <cols>4</cols>
  <dt>d</dt>
  <data>
    1.1518507979065701e+03 0. 9.8226894761972540e+02 0. 0.
    1.1497988817257303e+03 6.0513943541381002e+02 0. 0. 0. 1. 0.</data></camIntriMatrix>
<avg_reprojection_error>2.5261591736048988e-01</avg_reprojection_error>
</opencv_storage>
