<?xml version="1.0"?>
<opencv_storage>
<camera_name>RC</camera_name>
<calibration_time>"2023-02-07 17:13:37"</calibration_time>
<undistort>1</undistort>
<rotationMatrix type_id="opencv-matrix">
  <rows>3</rows>
  <cols>3</cols>
  <dt>d</dt>
  <data>
    9.9986163113400450e-01 -4.0703997255341360e-03
    1.6129179524139982e-02 1.6090878367863087e-02
    -9.2732511480854585e-03 -9.9982753035035754e-01
    4.2192676376594761e-03 9.9994871801468843e-01
    -9.2064717119478556e-03</data></rotationMatrix>
<offsetMatrix type_id="opencv-matrix">
  <rows>3</rows>
  <cols>1</cols>
  <dt>d</dt>
  <data>
    -1.9377404402319723e+03 1.3649962371105889e+03
    5.3520286880199073e+03</data></offsetMatrix>
<deltaXY>
  1830. -5215.</deltaXY>
<headLocation>
  1830. -5215.</headLocation>
<pointA>
  2.5830637465951293e+02 1.1233896433922453e+03</pointA>
<pointB>
  1.5875107764372033e+03 1.1433621181589021e+03</pointB>
<pointV>
  9.6090686035156250e+02 6.0352545166015625e+02</pointV>
<cameraLocation>
  1.8929266357421875e+03 -5.3469838867187500e+03 1.4452883300781250e+03</cameraLocation>
<extrinsicMatrix type_id="opencv-matrix">
  <rows>4</rows>
  <cols>4</cols>
  <dt>d</dt>
  <data>
    9.9986163113400450e-01 -4.0703997255341360e-03
    1.6129179524139982e-02 -1.9377404402319723e+03
    1.6090878367863087e-02 -9.2732511480854585e-03
    -9.9982753035035754e-01 1.3649962371105889e+03
    4.2192676376594761e-03 9.9994871801468843e-01
    -9.2064717119478556e-03 5.3520286880199073e+03 0. 0. 0. 1.</data></extrinsicMatrix>
 <!-- resumed -->

<yaw_z>2.3322740133938419e-01</yaw_z>
<pitch_x>9.0531322920013466e+01</pitch_x>
<roll_z>0.</roll_z>
</opencv_storage>
