<?xml version="1.0"?>
<opencv_storage>
<camera_name>RC</camera_name>
<camera_model>PINHOLE</camera_model>
<calibration_time>"2023-2-07 17:18:39"</calibration_time>
<camIntrinsicMat type_id="opencv-matrix">
  <rows>3</rows>
  <cols>3</cols>
  <dt>d</dt>
  <data>
    1962.6447805057458 0. 968.89601882736201 0.
    1966.824592933652 621.76524544749816 0. 0. 1.</data></camIntrinsicMat>
<distortion_coefficients type_id="opencv-matrix">
  <rows>1</rows>
  <cols>5</cols>
  <dt>d</dt>
  <data>
    -0.49434444037339464 0.19524730085208614
     -0.001025165566912946 -0.0037441783257584696
    0</data></distortion_coefficients>
<camIntriMatrix type_id="opencv-matrix">
  <rows>3</rows>
  <cols>4</cols>
  <dt>d</dt>
  <data>
    1962.6447805057458 0. 968.89601882736201 0. 0.
    1966.824592933652 621.76524544749816 0. 0. 0. 1. 0.</data></camIntriMatrix>
<avg_reprojection_error>2.4702149572606177e-01</avg_reprojection_error>
</opencv_storage>
