<?xml version="1.0"?>
<opencv_storage>
<camera_name>FC120</camera_name>
<calibration_time>"2022-07-14 23:53:54"</calibration_time>
<undistort>1</undistort>
<rotationMatrix type_id="opencv-matrix">
  <rows>3</rows>
  <cols>3</cols>
  <dt>d</dt>
  <data>
    9.9987883979730630e-01 1.4368869620609549e-02
    -5.9867613463770158e-03 -5.8285888233108240e-03
    -1.1024748570116883e-02 -9.9992223821219950e-01
    -1.4433754810212279e-02 9.9983598180141109e-01
    -1.0939662576471188e-02</data></rotationMatrix>
<offsetMatrix type_id="opencv-matrix">
  <rows>3</rows>
  <cols>1</cols>
  <dt>d</dt>
  <data>
    -1.3437134672627872e+03 1.3931439577384115e+03
    3.2766420873004809e+03</data></offsetMatrix>
<deltaXY>
  1430. -3135.</deltaXY>
<headLocation>
  1430. -3135.</headLocation>
<pointA>
  5.5828022775084742e+02 1.0263256002408930e+03</pointA>
<pointB>
  1.4078053512072074e+03 1.0265888163926456e+03</pointB>
<pointV>
  9.7382342529296875e+02 5.9971038818359375e+02</pointV>
<cameraLocation>
  1.3989649658203125e+03 -3.2414379882812500e+03 1.4208365478515625e+03</cameraLocation>
<extrinsicMatrix type_id="opencv-matrix">
  <rows>4</rows>
  <cols>4</cols>
  <dt>d</dt>
  <data>
    9.9987883979730630e-01 1.4368869620609549e-02
    -5.9867613463770158e-03 -1.3437134672627872e+03
    -5.8285888233108240e-03 -1.1024748570116883e-02
    -9.9992223821219950e-01 1.3931439577384115e+03
    -1.4433754810212279e-02 9.9983598180141109e-01
    -1.0939662576471188e-02 3.2766420873004809e+03 0. 0. 0. 1.</data></extrinsicMatrix>
 <!-- resumed -->

<yaw_z>8.2702196481766943e-01</yaw_z>
<pitch_x>9.0626874303103932e+01</pitch_x>
<roll_z>-3.3399022383689009e-01</roll_z>
</opencv_storage>
