<?xml version="1.0"?>
<opencv_storage>
<camera_name>RC</camera_name>
<camera_model>PINHOLE</camera_model>
<calibration_time>"2022-06-17 23:20:32"</calibration_time>
<camIntrinsicMat type_id="opencv-matrix">
  <rows>3</rows>
  <cols>3</cols>
  <dt>d</dt>
  <data>
    1.9511080445631681e+03 0. 9.4644550690671883e+02 0.
    1.9528747699216472e+03 6.0171745056160159e+02 0. 0. 1.</data></camIntrinsicMat>
<distortion_coefficients type_id="opencv-matrix">
  <rows>1</rows>
  <cols>5</cols>
  <dt>d</dt>
  <data>
    -5.0443637174354361e-01 2.8585490672524833e-01
    9.7173959464828523e-05 -7.6073559132609281e-04
    -1.0605721702574376e-01</data></distortion_coefficients>
<camIntriMatrix type_id="opencv-matrix">
  <rows>3</rows>
  <cols>4</cols>
  <dt>d</dt>
  <data>
    1.9511080445631681e+03 0. 9.4644550690671883e+02 0. 0.
    1.9528747699216472e+03 6.0171745056160159e+02 0. 0. 0. 1. 0.</data></camIntriMatrix>
<avg_reprojection_error>1.9795128957616362e-01</avg_reprojection_error>
</opencv_storage>
