<?xml version="1.0"?>
<opencv_storage>
<camera_name>FC60</camera_name>
<calibration_time>"2022-06-21 12:28:55"</calibration_time>
<undistort>1</undistort>
<rotationMatrix type_id="opencv-matrix">
  <rows>3</rows>
  <cols>3</cols>
  <dt>d</dt>
  <data>
    9.9997825531786855e-01 -6.5336484982078339e-03
    8.9461093975308330e-04 8.7560940613395281e-04
    -2.9105393848155750e-03 -9.9999538102366115e-01
    6.5362221198142535e-03 9.9997441977172163e-01
    -2.9047551719804175e-03</data></rotationMatrix>
<offsetMatrix type_id="opencv-matrix">
  <rows>3</rows>
  <cols>1</cols>
  <dt>d</dt>
  <data>
    -1.9197666486765563e+03 1.4208090957435429e+03
    5.4111834380160726e+03</data></offsetMatrix>
<deltaXY>
  1835. -5320.</deltaXY>
<headLocation>
  1835. -5320.</headLocation>
<pointA>
  2.5423608639404165e+02 1.1144818518678790e+03</pointA>
<pointB>
  1.5621744324351857e+03 1.1133839254724830e+03</pointB>
<pointV>
  9.3369732666015625e+02 5.9603338623046875e+02</pointV>
<cameraLocation>
  1.8831121826171875e+03 -5.4194526367187500e+03 1.4382381591796875e+03</cameraLocation>
<extrinsicMatrix type_id="opencv-matrix">
  <rows>4</rows>
  <cols>4</cols>
  <dt>d</dt>
  <data>
    9.9997825531786855e-01 -6.5336484982078339e-03
    8.9461093975308330e-04 -1.9197666486765563e+03
    8.7560940613395281e-04 -2.9105393848155750e-03
    -9.9999538102366115e-01 1.4208090957435429e+03
    6.5362221198142535e-03 9.9997441977172163e-01
    -2.9047551719804175e-03 5.4111834380160726e+03 0. 0. 0. 1.</data></extrinsicMatrix>
 <!-- resumed -->

<yaw_z>-3.7450059947636738e-01</yaw_z>
<pitch_x>9.0166434001180789e+01</pitch_x>
<roll_z>5.0169801577951270e-02</roll_z>
</opencv_storage>
