<?xml version="1.0"?>
<opencv_storage>
<camera_name>FL</camera_name>
<camera_model>FISHEYE</camera_model>
<calibration_time>"2022-07-07 17:13:25"</calibration_time>
<camIntrinsicMat type_id="opencv-matrix">
  <rows>3</rows>
  <cols>3</cols>
  <dt>d</dt>
  <data>
    1.1500749373225390e+03 0. 9.6067185283893332e+02 0.
    1.1516601610677092e+03 5.8665715538537461e+02 0. 0. 1.</data></camIntrinsicMat>
<distortion_coefficients type_id="opencv-matrix">
  <rows>4</rows>
  <cols>1</cols>
  <dt>d</dt>
  <data>
    -3.5395363460281250e-02 -2.3019740210006079e-02
    3.7365788399405048e-02 -2.9324642009115658e-02</data></distortion_coefficients>
<camIntriMatrix type_id="opencv-matrix">
  <rows>3</rows>
  <cols>4</cols>
  <dt>d</dt>
  <data>
    1.1500749373225390e+03 0. 9.6067185283893332e+02 0. 0.
    1.1516601610677092e+03 5.8665715538537461e+02 0. 0. 0. 1. 0.</data></camIntriMatrix>
<avg_reprojection_error>2.2484554443116475e-01</avg_reprojection_error>
</opencv_storage>
