<?xml version="1.0"?>
<opencv_storage>
<camera_name>FC60</camera_name>
<camera_model>PINHOLE</camera_model>
<calibration_time>"2022-12-09 14:25:10"</calibration_time>
<camIntrinsicMat type_id="opencv-matrix">
  <rows>3</rows>
  <cols>3</cols>
  <dt>d</dt>
  <data>
    1.9450888875463918e+03 0. 9.6642016341667534e+02 0.
    1.9436494749347937e+03 6.5578808379699444e+02 0. 0. 1.</data></camIntrinsicMat>
<distortion_coefficients type_id="opencv-matrix">
  <rows>1</rows>
  <cols>5</cols>
  <dt>d</dt>
  <data>
    -4.9787160966097083e-01 2.6357270430014879e-01
    -6.6087987139307460e-03 -2.1302228057490935e-03
    -7.5134202395523389e-02</data></distortion_coefficients>
<camIntriMatrix type_id="opencv-matrix">
  <rows>3</rows>
  <cols>4</cols>
  <dt>d</dt>
  <data>
    1.9450888875463918e+03 0. 9.6642016341667534e+02 0. 0.
    1.9436494749347937e+03 6.5578808379699444e+02 0. 0. 0. 1. 0.</data></camIntriMatrix>
<avg_reprojection_error>3.6565773320494849e-01</avg_reprojection_error>
</opencv_storage>
