<?xml version="1.0"?>
<opencv_storage>
<camera_name>FC60</camera_name>
<calibration_time>"2022-12-09 15:06:51"</calibration_time>
<undistort>1</undistort>
<rotationMatrix type_id="opencv-matrix">
  <rows>3</rows>
  <cols>3</cols>
  <dt>d</dt>
  <data>
    9.9994227524672641e-01 -1.0148558500133294e-02
    3.5288716000331428e-03 3.1805516033161637e-03
    -3.4135795868863915e-02 -9.9941214297800973e-01
    1.0263053439342074e-02 9.9936567591686309e-01
    -3.4101547374460632e-02</data></rotationMatrix>
<offsetMatrix type_id="opencv-matrix">
  <rows>3</rows>
  <cols>1</cols>
  <dt>d</dt>
  <data>
    -1.9356511627473569e+03 1.2520800169282857e+03
    5.1999667397318262e+03</data></offsetMatrix>
<deltaXY>
  1840. -5150.</deltaXY>
<headLocation>
  1840. -5150.</headLocation>
<pointA>
  2.4237446172814737e+02 1.1237919748381353e+03</pointA>
<pointB>
  1.5993199275981931e+03 1.1247502068538643e+03</pointB>
<pointV>
  9.4666778564453125e+02 5.8939794921875000e+02</pointV>
<cameraLocation>
  1.8781895751953125e+03 -5.1735717773437500e+03 1.4355015869140625e+03</cameraLocation>
<extrinsicMatrix type_id="opencv-matrix">
  <rows>4</rows>
  <cols>4</cols>
  <dt>d</dt>
  <data>
    9.9994227524672641e-01 -1.0148558500133294e-02
    3.5288716000331428e-03 -1.9356511627473569e+03
    3.1805516033161637e-03 -3.4135795868863915e-02
    -9.9941214297800973e-01 1.2520800169282857e+03
    1.0263053439342074e-02 9.9936567591686309e-01
    -3.4101547374460632e-02 5.1999667397318262e+03 0. 0. 0. 1.</data></extrinsicMatrix>
 <!-- resumed -->

<yaw_z>5.8181861875098784e-01</yaw_z>
<pitch_x>9.1956216494094008e+01</pitch_x>
<roll_z>0.</roll_z>
</opencv_storage>
