<?xml version="1.0"?>
<opencv_storage>
<camera_name>RR</camera_name>
<camera_model>FISHEYE</camera_model>
<calibration_time>"2023-01-03 10:06:03"</calibration_time>
<camIntrinsicMat type_id="opencv-matrix">
  <rows>3</rows>
  <cols>3</cols>
  <dt>d</dt>
  <data>
    1.1402674068023225e+03 0. 9.6411846405657252e+02 0.
    1.1400533856383004e+03 5.9599948151028696e+02 0. 0. 1.</data></camIntrinsicMat>
<distortion_coefficients type_id="opencv-matrix">
  <rows>4</rows>
  <cols>1</cols>
  <dt>d</dt>
  <data>
    -2.7114004252611425e-02 -3.7457325288527549e-02
    5.0402395204212358e-02 -3.5510149013902766e-02</data></distortion_coefficients>
<camIntriMatrix type_id="opencv-matrix">
  <rows>3</rows>
  <cols>4</cols>
  <dt>d</dt>
  <data>
    1.1402674068023225e+03 0. 9.6411846405657252e+02 0. 0.
    1.1400533856383004e+03 5.9599948151028696e+02 0. 0. 0. 1. 0.</data></camIntriMatrix>
<avg_reprojection_error>2.3834999066665016e-01</avg_reprojection_error>
</opencv_storage>
