<?xml version="1.0"?>
<opencv_storage>
<camera_name>RR</camera_name>
<calibration_time>"2023-01-03 10:24:41"</calibration_time>
<undistort>1</undistort>
<rotationMatrix type_id="opencv-matrix">
  <rows>3</rows>
  <cols>3</cols>
  <dt>d</dt>
  <data>
    7.0349448177056872e-01 -7.0845150673285762e-01
    5.6497581596939184e-02 3.5800769724399994e-02
    -4.4069066153253372e-02 -9.9838680995670237e-01
    7.0979843547693133e-01 7.0438226838579898e-01
    -5.6392356021486012e-03</data></rotationMatrix>
<offsetMatrix type_id="opencv-matrix">
  <rows>3</rows>
  <cols>1</cols>
  <dt>d</dt>
  <data>
    -7.6748702435554251e+03 7.8670755780729621e+02
    5.7325633957858072e+03</data></offsetMatrix>
<deltaXY>
  0. 0.</deltaXY>
<headLocation>
  0. 0.</headLocation>
<pointA>
  0. 0.</pointA>
<pointB>
  0. 0.</pointB>
<pointV>
  0. 0.</pointV>
<cameraLocation>
  1.3020996093750000e+03 -9.4405195312500000e+03 1.2513773193359375e+03</cameraLocation>
<extrinsicMatrix type_id="opencv-matrix">
  <rows>4</rows>
  <cols>4</cols>
  <dt>d</dt>
  <data>
    7.0349448177056872e-01 -7.0845150673285762e-01
    5.6497581596939184e-02 -7.6748702435554251e+03
    3.5800769724399994e-02 -4.4069066153253372e-02
    -9.9838680995670237e-01 7.8670755780729621e+02
    7.0979843547693133e-01 7.0438226838579898e-01
    -5.6392356021486012e-03 5.7325633957858072e+03 0. 0. 0. 1.</data></extrinsicMatrix>
 <!-- resumed -->

<bsd_deltaXY>
  2330. -6675.</bsd_deltaXY>
<yaw>-4.5218518289236776e+01</yaw>
<pitch>9.0458696238296014e+01</pitch>
<roll>2.9132637977476405e+00</roll>
<avg_reprojection_error>3.7689170241355896e-01</avg_reprojection_error>
</opencv_storage>
