<?xml version="1.0"?>
<opencv_storage>
<camera_name>RL</camera_name>
<calibration_time>"2022-12-25 17:43:22"</calibration_time>
<undistort>1</undistort>
<rotationMatrix type_id="opencv-matrix">
  <rows>3</rows>
  <cols>3</cols>
  <dt>d</dt>
  <data>
    7.0168448696620644e-01 7.1238880126893889e-01 1.1877566146982599e-02
    3.8582137160314556e-04 1.6290632592986298e-02
    -9.9986722440111497e-01 -7.1248770648541071e-01
    7.0159590300708341e-01 1.1156029348944246e-02</data></rotationMatrix>
<offsetMatrix type_id="opencv-matrix">
  <rows>3</rows>
  <cols>1</cols>
  <dt>d</dt>
  <data>
    7.6735974653643098e+03 1.3904686482667614e+03 5.7087291355121888e+03</data></offsetMatrix>
<deltaXY>
  0. 0.</deltaXY>
<headLocation>
  0. 0.</headLocation>
<pointA>
  0. 0.</pointA>
<pointB>
  0. 0.</pointB>
<pointV>
  0. 0.</pointV>
<cameraLocation>
  -1.3175814208984375e+03 -9.4944570312500000e+03 1.2354536132812500e+03</cameraLocation>
<extrinsicMatrix type_id="opencv-matrix">
  <rows>4</rows>
  <cols>4</cols>
  <dt>d</dt>
  <data>
    7.0168448696620644e-01 7.1238880126893889e-01 1.1877566146982599e-02
    7.6735974653643098e+03 3.8582137160314556e-04 1.6290632592986298e-02
    -9.9986722440111497e-01 1.3904686482667614e+03
    -7.1248770648541071e-01 7.0159590300708341e-01
    1.1156029348944246e-02 5.7087291355121888e+03 0. 0. 0. 1.</data></extrinsicMatrix>
 <!-- resumed -->

<bsd_deltaXY>
  -3130. -6705.</bsd_deltaXY>
<yaw>4.5437684079830802e+01</yaw>
<pitch>8.9089020428851128e+01</pitch>
<roll>3.1504093964774348e-02</roll>
<avg_reprojection_error>3.9640709757804871e-01</avg_reprojection_error>
</opencv_storage>
