<?xml version="1.0"?>
<opencv_storage>
<camera_name>RC</camera_name>
<calibration_time>"2022-01-20 16:36:36"</calibration_time>
<undistort>1</undistort>
<rotationMatrix type_id="opencv-matrix">
  <rows>3</rows>
  <cols>3</cols>
  <dt>d</dt>
  <data>
    9.9998416033426174e-01 5.5491582868712707e-04
    -5.6009953583786723e-03 -5.5932579109009553e-03
    -1.3081553302952678e-02 -9.9989878909273822e-01
    -6.2812938448287279e-04 9.9991427884174411e-01
    -1.3078242308172333e-02</data></rotationMatrix>
<offsetMatrix type_id="opencv-matrix">
  <rows>3</rows>
  <cols>1</cols>
  <dt>d</dt>
  <data>
    -1.7355662909492503e+03 1.1468639518037287e+03
    4.7646617701562100e+03</data></offsetMatrix>
<deltaXY>
  1740. -4795.</deltaXY>
<headLocation>
  1740. -4795.</headLocation>
<pointA>
  4.3108785609879487e+02 1.5660376255952810e+03</pointA>
<pointB>
  2.3827187509455207e+03 1.5554077322740150e+03</pointB>
<pointV>
  1.3973571777343750e+03 8.9344116210937500e+02</pointV>
<cameraLocation>
  1.7449462890625000e+03 -4.7482875976562500e+03 1.1993403320312500e+03</cameraLocation>
<extrinsicMatrix type_id="opencv-matrix">
  <rows>4</rows>
  <cols>4</cols>
  <dt>d</dt>
  <data>
    9.9998416033426174e-01 5.5491582868712707e-04
    -5.6009953583786723e-03 -1.7355662909492503e+03
    -5.5932579109009553e-03 -1.3081553302952678e-02
    -9.9989878909273822e-01 1.1468639518037287e+03
    -6.2812938448287279e-04 9.9991427884174411e-01
    -1.3078242308172333e-02 4.7646617701562100e+03 0. 0. 0. 1.</data></extrinsicMatrix>
 <!-- resumed -->

<yaw_z>3.5989164421249289e-02</yaw_z>
<pitch_x>9.0749349598085786e+01</pitch_x>
<roll_z>-3.2047180622697335e-01</roll_z>
</opencv_storage>
