<?xml version="1.0"?>
<opencv_storage>
<camera_name>FC120</camera_name>
<camera_model>FISHEYE</camera_model>
<calibration_time>"2022-06-24 16:02:10"</calibration_time>
<camIntrinsicMat type_id="opencv-matrix">
  <rows>3</rows>
  <cols>3</cols>
  <dt>d</dt>
  <data>
    9.7854047936313680e+02 0. 9.6417987557692516e+02 0.
    9.7886405471396483e+02 6.0337524510517346e+02 0. 0. 1.</data></camIntrinsicMat>
<distortion_coefficients type_id="opencv-matrix">
  <rows>4</rows>
  <cols>1</cols>
  <dt>d</dt>
  <data>
    -4.2946411069190282e-02 1.2546304970792958e-02
    -3.0083686628908177e-02 1.3444415269719101e-02</data></distortion_coefficients>
<camIntriMatrix type_id="opencv-matrix">
  <rows>3</rows>
  <cols>4</cols>
  <dt>d</dt>
  <data>
    9.7854047936313680e+02 0. 9.6417987557692516e+02 0. 0.
    9.7886405471396483e+02 6.0337524510517346e+02 0. 0. 0. 1. 0.</data></camIntriMatrix>
<avg_reprojection_error>2.2894467161049539e-01</avg_reprojection_error>
</opencv_storage>
