<?xml version="1.0"?>
<opencv_storage>
<camera_name>FC120</camera_name>
<calibration_time>"2022-06-24 16:57:22"</calibration_time>
<undistort>1</undistort>
<rotationMatrix type_id="opencv-matrix">
  <rows>3</rows>
  <cols>3</cols>
  <dt>d</dt>
  <data>
    9.9983496742260880e-01 3.4092488026769710e-03
    -1.7844185092973117e-02 -1.7873724536242346e-02
    8.8399548437641199e-03 -9.9980117281865732e-01
    -3.2508291609013875e-03 9.9995511510315371e-01
    8.8994319372067924e-03</data></rotationMatrix>
<offsetMatrix type_id="opencv-matrix">
  <rows>3</rows>
  <cols>1</cols>
  <dt>d</dt>
  <data>
    -1.7307319790620570e+03 1.4913032813323757e+03
    3.1857206113986012e+03</data></offsetMatrix>
<deltaXY>
  1830. -3120.</deltaXY>
<headLocation>
  1830. -3120.</headLocation>
<pointA>
  4.3256034360014826e+02 1.0616022382539459e+03</pointA>
<pointB>
  1.5526406077600091e+03 1.0432452438353114e+03</pointB>
<pointV>
  9.6751611328125000e+02 6.1202874755859375e+02</pointV>
<cameraLocation>
  1.7674577636718750e+03 -3.1928601074218750e+03 1.4317722167968750e+03</cameraLocation>
<extrinsicMatrix type_id="opencv-matrix">
  <rows>4</rows>
  <cols>4</cols>
  <dt>d</dt>
  <data>
    9.9983496742260880e-01 3.4092488026769710e-03
    -1.7844185092973117e-02 -1.7307319790620570e+03
    -1.7873724536242346e-02 8.8399548437641199e-03
    -9.9980117281865732e-01 1.4913032813323757e+03
    -3.2508291609013875e-03 9.9995511510315371e-01
    8.8994319372067924e-03 3.1857206113986012e+03 0. 0. 0. 1.</data></extrinsicMatrix>
 <!-- resumed -->

<yaw_z>1.8625912278397216e-01</yaw_z>
<pitch_x>8.9490090684614046e+01</pitch_x>
<roll_z>-1.0241489277066727e+00</roll_z>
</opencv_storage>
