<?xml version="1.0"?>
<opencv_storage>
<camera_name>RL</camera_name>
<calibration_time>"2023-01-07 13:31:47"</calibration_time>
<undistort>1</undistort>
<rotationMatrix type_id="opencv-matrix">
  <rows>3</rows>
  <cols>3</cols>
  <dt>d</dt>
  <data>
    6.7578911553232768e-01 7.3667244466599424e-01 2.4955572481146382e-02
    -7.8439668531666840e-03 4.1042181681922502e-02
    -9.9912662436089372e-01 -7.3705328403856973e-01
    6.7500314709830478e-01 3.3514293895944791e-02</data></rotationMatrix>
<offsetMatrix type_id="opencv-matrix">
  <rows>3</rows>
  <cols>1</cols>
  <dt>d</dt>
  <data>
    7.7625991426297005e+03 1.6399328441415480e+03 5.3211476041462292e+03</data></offsetMatrix>
<deltaXY>
  0. 0.</deltaXY>
<headLocation>
  0. 0.</headLocation>
<pointA>
  0. 0.</pointA>
<pointB>
  0. 0.</pointB>
<pointV>
  0. 0.</pointV>
<cameraLocation>
  -1.3110471191406250e+03 -9.3775908203125000e+03 1.2664459228515625e+03</cameraLocation>
<extrinsicMatrix type_id="opencv-matrix">
  <rows>4</rows>
  <cols>4</cols>
  <dt>d</dt>
  <data>
    6.7578911553232768e-01 7.3667244466599424e-01 2.4955572481146382e-02
    7.7625991426297005e+03 -7.8439668531666840e-03
    4.1042181681922502e-02 -9.9912662436089372e-01
    1.6399328441415480e+03 -7.3705328403856973e-01
    6.7500314709830478e-01 3.3514293895944791e-02 5.3211476041462292e+03
    0. 0. 0. 1.</data></extrinsicMatrix>
 <!-- resumed -->

<bsd_deltaXY>
  -3130. -6650.</bsd_deltaXY>
<yaw>4.7481001066816177e+01</yaw>
<pitch>8.7157565813263204e+01</pitch>
<roll>-6.6500925156224866e-01</roll>
<avg_reprojection_error>2.8211334347724915e-01</avg_reprojection_error>
</opencv_storage>
