<?xml version="1.0"?>
<opencv_storage>
<camera_name>RL</camera_name>
<camera_model>FISHEYE</camera_model>
<calibration_time>"2023-01-7 13:13:19"</calibration_time>
<camIntrinsicMat type_id="opencv-matrix">
  <rows>3</rows>
  <cols>3</cols>
  <dt>d</dt>
  <data>
    1150.6609893659108 0. 959.78764486779971 0.
    1150.9666901891192 594.34053110049149 0. 0. 1.</data></camIntrinsicMat>
<distortion_coefficients type_id="opencv-matrix">
  <rows>4</rows>
  <cols>1</cols>
  <dt>d</dt>
  <data>
    -0.019498976289010077 -0.066569455198835989
    0.083274567161526231 -0.04575344232463352</data></distortion_coefficients>
<camIntriMatrix type_id="opencv-matrix">
  <rows>3</rows>
  <cols>4</cols>
  <dt>d</dt>
  <data>
    1150.6609893659108 0. 959.78764486779971 0. 0.
    1150.9666901891192 594.34053110049149 0. 0. 0. 1. 0.</data></camIntriMatrix>
<avg_reprojection_error>2.5577851203661700e-01</avg_reprojection_error>
</opencv_storage>
