<?xml version="1.0"?>
<opencv_storage>
<camera_name>FC120</camera_name>
<calibration_time>"2022-07-07 17:45:34"</calibration_time>
<undistort>1</undistort>
<rotationMatrix type_id="opencv-matrix">
  <rows>3</rows>
  <cols>3</cols>
  <dt>d</dt>
  <data>
    9.9984652070668689e-01 1.6590191382036944e-02
    -5.6303268679728886e-03 -5.4911102341401643e-03
    -8.4251400602075536e-03 -9.9994943108307355e-01
    -1.6636788726474575e-02 9.9982687629652822e-01
    -8.3327484059808020e-03</data></rotationMatrix>
<offsetMatrix type_id="opencv-matrix">
  <rows>3</rows>
  <cols>1</cols>
  <dt>d</dt>
  <data>
    -1.6783697977510153e+03 1.4191474418356790e+03
    3.4158384972160275e+03</data></offsetMatrix>
<deltaXY>
  1825. -3300.</deltaXY>
<headLocation>
  1825. -3300.</headLocation>
<pointA>
  4.8681250228864258e+02 1.0029745726513258e+03</pointA>
<pointB>
  1.5325044599668147e+03 1.0044716678095812e+03</pointB>
<pointV>
  9.8052893066406250e+02 5.9126898193359375e+02</pointV>
<cameraLocation>
  1.7427335205078125e+03 -3.3754460449218750e+03 1.4380892333984375e+03</cameraLocation>
<extrinsicMatrix type_id="opencv-matrix">
  <rows>4</rows>
  <cols>4</cols>
  <dt>d</dt>
  <data>
    9.9984652070668689e-01 1.6590191382036944e-02
    -5.6303268679728886e-03 -1.6783697977510153e+03
    -5.4911102341401643e-03 -8.4251400602075536e-03
    -9.9994943108307355e-01 1.4191474418356790e+03
    -1.6636788726474575e-02 9.9982687629652822e-01
    -8.3327484059808020e-03 3.4158384972160275e+03 0. 0. 0. 1.</data></extrinsicMatrix>
 <!-- resumed -->

<yaw_z>9.5326175751649900e-01</yaw_z>
<pitch_x>9.0477502929016737e+01</pitch_x>
<roll_z>-3.1466257238732626e-01</roll_z>
</opencv_storage>
