<?xml version="1.0"?>
<opencv_storage>
<camera_name>RL</camera_name>
<calibration_time>"2021-12-17 01:22:03"</calibration_time>
<undistort>1</undistort>
<rotationMatrix type_id="opencv-matrix">
  <rows>3</rows>
  <cols>3</cols>
  <dt>d</dt>
  <data>
    7.2274514718627358e-01 6.9103786941110723e-01
    -1.0301226065332625e-02 -2.3831793552710201e-02
    1.0023373162065169e-02 -9.9966573293602246e-01
    -6.9070362517852235e-01 7.2274905398084843e-01
    2.3713016152229954e-02</data></rotationMatrix>
<offsetMatrix type_id="opencv-matrix">
  <rows>3</rows>
  <cols>1</cols>
  <dt>d</dt>
  <data>
    7.5359020657226465e+03 1.3570054141389721e+03 5.9612501780179546e+03</data></offsetMatrix>
<deltaXY>
  0. 0.</deltaXY>
<headLocation>
  0. 0.</headLocation>
<pointA>
  0. 0.</pointA>
<pointB>
  0. 0.</pointB>
<pointV>
  0. 0.</pointV>
<cameraLocation>
  -1.2967396240234375e+03 -9.5296835937500000e+03 1.2928216552734375e+03</cameraLocation>
<extrinsicMatrix type_id="opencv-matrix">
  <rows>4</rows>
  <cols>4</cols>
  <dt>d</dt>
  <data>
    7.2274514718627358e-01 6.9103786941110723e-01
    -1.0301226065332625e-02 7.5359020657226465e+03
    -2.3831793552710201e-02 1.0023373162065169e-02
    -9.9966573293602246e-01 1.3570054141389721e+03
    -6.9070362517852235e-01 7.2274905398084843e-01
    2.3713016152229954e-02 5.9612501780179546e+03 0. 0. 0. 1.</data></extrinsicMatrix>
 <!-- resumed -->

<bsd_deltaXY>
  -3210. -6530.</bsd_deltaXY>
<image_points type_id="opencv-matrix">
  <rows>56</rows>
  <cols>2</cols>
  <dt>f</dt>
  <data>
    1.17730762e+03 1.03560120e+03 1.23004224e+03 1.04676404e+03
    1.28579346e+03 1.05814026e+03 1.34426782e+03 1.07012061e+03
    1.40452649e+03 1.07987292e+03 1.46767993e+03 1.08988831e+03
    1.53177930e+03 1.09906348e+03 1.20983032e+03 1.01933191e+03
    1.26065369e+03 1.02894165e+03 1.31507971e+03 1.03878662e+03
    1.37106848e+03 1.04868469e+03 1.42907996e+03 1.05799524e+03
    1.48923486e+03 1.06479492e+03 1.55047241e+03 1.07498657e+03
    1.23941956e+03 1.00338525e+03 1.28916772e+03 1.01192023e+03
    1.34148730e+03 1.02104590e+03 1.39608362e+03 1.02943286e+03
    1.45138574e+03 1.03735828e+03 1.50877026e+03 1.04505872e+03
    1.56716016e+03 1.05214331e+03 1.26715637e+03 9.88437317e+02
    1.31522290e+03 9.96619202e+02 1.36571582e+03 1.00402051e+03
    1.41805933e+03 1.01173169e+03 1.47102441e+03 1.01845471e+03
    1.52622974e+03 1.02511731e+03 1.58208862e+03 1.03144507e+03
    1.29163196e+03 9.75173401e+02 1.33858081e+03 9.81166443e+02
    1.38741089e+03 9.89409302e+02 1.43769336e+03 9.95804749e+02
    1.48919214e+03 1.00165625e+03 1.54181909e+03 1.00701300e+03
    1.59514160e+03 1.01273749e+03 1.31489087e+03 9.62187622e+02
    1.36031360e+03 9.68600647e+02 1.40734094e+03 9.75056152e+02
    1.45607397e+03 9.80912292e+02 1.50504749e+03 9.85951355e+02
    1.55569055e+03 9.90595520e+02 1.60690747e+03 9.95217896e+02
    1.33663025e+03 9.50231873e+02 1.38032605e+03 9.55291443e+02
    1.42651355e+03 9.61935547e+02 1.47276819e+03 9.66099304e+02
    1.52059070e+03 9.71583801e+02 1.56838794e+03 9.74929199e+02
    1.61799268e+03 9.79579407e+02 1.35593335e+03 9.38849182e+02
    1.39858801e+03 9.44038879e+02 1.44305298e+03 9.49952087e+02
    1.48769910e+03 9.54122803e+02 1.53404858e+03 9.58390259e+02
    1.58046130e+03 9.61068176e+02 1.62754907e+03 9.64790649e+02</data></image_points>
</opencv_storage>
