<?xml version="1.0"?>
<opencv_storage>
<camera_name>FC60</camera_name>
<calibration_time>"2022-07-14 23:42:51"</calibration_time>
<undistort>1</undistort>
<rotationMatrix type_id="opencv-matrix">
  <rows>3</rows>
  <cols>3</cols>
  <dt>d</dt>
  <data>
    9.9998769480306027e-01 4.1827680031577856e-03
    -2.6673384287276853e-03 -2.7189834342333870e-03
    1.2390398812569514e-02 -9.9991953933621569e-01
    -4.1493820679677669e-03 9.9991448757836154e-01
    1.2401619223181790e-02</data></rotationMatrix>
<offsetMatrix type_id="opencv-matrix">
  <rows>3</rows>
  <cols>1</cols>
  <dt>d</dt>
  <data>
    -1.4074109079961588e+03 1.5075644076861547e+03
    5.2356572749576144e+03</data></offsetMatrix>
<deltaXY>
  1380. -5130.</deltaXY>
<headLocation>
  1380. -5130.</headLocation>
<pointA>
  4.2983131762299092e+02 1.1801907523267246e+03</pointA>
<pointB>
  1.4852552148139116e+03 1.1785789250112539e+03</pointB>
<pointV>
  9.6323034667968750e+02 6.4135559082031250e+02</pointV>
<cameraLocation>
  1.4332174072265625e+03 -5.2480019531250000e+03 1.4387584228515625e+03</cameraLocation>
<extrinsicMatrix type_id="opencv-matrix">
  <rows>4</rows>
  <cols>4</cols>
  <dt>d</dt>
  <data>
    9.9998769480306027e-01 4.1827680031577856e-03
    -2.6673384287276853e-03 -1.4074109079961588e+03
    -2.7189834342333870e-03 1.2390398812569514e-02
    -9.9991953933621569e-01 1.5075644076861547e+03
    -4.1493820679677669e-03 9.9991448757836154e-01
    1.2401619223181790e-02 5.2356572749576144e+03 0. 0. 0. 1.</data></extrinsicMatrix>
 <!-- resumed -->

<yaw_z>2.3774275620369481e-01</yaw_z>
<pitch_x>8.9289415226530153e+01</pitch_x>
<roll_z>-1.5578780843686990e-01</roll_z>
</opencv_storage>
