<?xml version="1.0"?>
<opencv_storage>
<camera_name>FC120</camera_name>
<camera_model>FISHEYE</camera_model>
<calibration_time>"2022-10-21 09:43:51"</calibration_time>
<camIntrinsicMat type_id="opencv-matrix">
  <rows>3</rows>
  <cols>3</cols>
  <dt>d</dt>
  <data>
    9.8074762930988425e+02 0. 9.7517760759801763e+02 0.
    9.8010078014726741e+02 5.9038022361728565e+02 0. 0. 1.</data></camIntrinsicMat>
<distortion_coefficients type_id="opencv-matrix">
  <rows>4</rows>
  <cols>1</cols>
  <dt>d</dt>
  <data>
    -3.5814723354141577e-02 -1.6778959613573913e-02
    1.0311657576851244e-02 -6.1412951168604889e-03</data></distortion_coefficients>
<camIntriMatrix type_id="opencv-matrix">
  <rows>3</rows>
  <cols>4</cols>
  <dt>d</dt>
  <data>
    9.8074762930988425e+02 0. 9.7517760759801763e+02 0. 0.
    9.8010078014726741e+02 5.9038022361728565e+02 0. 0. 0. 1. 0.</data></camIntriMatrix>
<avg_reprojection_error>1.4406949087768439e-01</avg_reprojection_error>
</opencv_storage>
