<?xml version="1.0"?>
<opencv_storage>
<camera_name>FC120</camera_name>
<calibration_time>"2022-10-21 10:18:42"</calibration_time>
<undistort>1</undistort>
<rotationMatrix type_id="opencv-matrix">
  <rows>3</rows>
  <cols>3</cols>
  <dt>d</dt>
  <data>
    9.9937568157343326e-01 -2.6310833378922208e-02
    -2.3579379265418501e-02 -2.3201074227136700e-02
    1.4592147991071107e-02 -9.9962431911779426e-01
    2.6645022693605420e-02 9.9954730216429144e-01 1.3972598245994892e-02</data></rotationMatrix>
<offsetMatrix type_id="opencv-matrix">
  <rows>3</rows>
  <cols>1</cols>
  <dt>d</dt>
  <data>
    -1.8553558857200489e+03 1.5357797544728476e+03
    3.2631167455816549e+03</data></offsetMatrix>
<deltaXY>
  1850. -3225.</deltaXY>
<headLocation>
  1850. -3225.</headLocation>
<pointA>
  4.1754022336715525e+02 1.0516628110488639e+03</pointA>
<pointB>
  1.4925404302026357e+03 1.0138157794355650e+03</pointB>
<pointV>
  9.4936163330078125e+02 6.0468847656250000e+02</pointV>
<cameraLocation>
  1.8028834228515625e+03 -3.3328657226562500e+03 1.4458604736328125e+03</cameraLocation>
<extrinsicMatrix type_id="opencv-matrix">
  <rows>4</rows>
  <cols>4</cols>
  <dt>d</dt>
  <data>
    9.9937568157343326e-01 -2.6310833378922208e-02
    -2.3579379265418501e-02 -1.8553558857200489e+03
    -2.3201074227136700e-02 1.4592147991071107e-02
    -9.9962431911779426e-01 1.5357797544728476e+03
    2.6645022693605420e-02 9.9954730216429144e-01 1.3972598245994892e-02
    3.2631167455816549e+03 0. 0. 0. 1.</data></extrinsicMatrix>
 <!-- resumed -->

<yaw_z>1.5078342687193074e+00</yaw_z>
<pitch_x>8.9163898557609400e+01</pitch_x>
<roll_z>0.</roll_z>
</opencv_storage>
