<?xml version="1.0"?>
<opencv_storage>
<camera_name>FC60</camera_name>
<camera_model>PINHOLE</camera_model>
<calibration_time>"2022-07-07 15:45:33"</calibration_time>
<camIntrinsicMat type_id="opencv-matrix">
  <rows>3</rows>
  <cols>3</cols>
  <dt>d</dt>
  <data>
    1.9531015683786582e+03 0. 9.3200315929665555e+02 0.
    1.9512758047718187e+03 5.8071379819737842e+02 0. 0. 1.</data></camIntrinsicMat>
<distortion_coefficients type_id="opencv-matrix">
  <rows>1</rows>
  <cols>5</cols>
  <dt>d</dt>
  <data>
    -4.9731542994802502e-01 2.4195455083182260e-01
    2.3884113585673377e-03 1.1979010650441870e-03
    -3.1104760191218283e-02</data></distortion_coefficients>
<camIntriMatrix type_id="opencv-matrix">
  <rows>3</rows>
  <cols>4</cols>
  <dt>d</dt>
  <data>
    1.9531015683786582e+03 0. 9.3200315929665555e+02 0. 0.
    1.9512758047718187e+03 5.8071379819737842e+02 0. 0. 0. 1. 0.</data></camIntriMatrix>
<avg_reprojection_error>2.3862132835253341e-01</avg_reprojection_error>
</opencv_storage>
