<?xml version="1.0"?>
<opencv_storage>
<camera_name>FC60</camera_name>
<calibration_time>"2022-07-08 15:15:22"</calibration_time>
<undistort>1</undistort>
<rotationMatrix type_id="opencv-matrix">
  <rows>3</rows>
  <cols>3</cols>
  <dt>d</dt>
  <data>
    9.9998241906212892e-01 5.2315549236541933e-03
    -2.7914870111252744e-03 -2.8617600767443211e-03
    1.3473541923801629e-02 -9.9990513249872393e-01
    -5.1934474018366537e-03 9.9989554179479578e-01
    1.3488276501317974e-02</data></rotationMatrix>
<offsetMatrix type_id="opencv-matrix">
  <rows>3</rows>
  <cols>1</cols>
  <dt>d</dt>
  <data>
    -1.9805285339462464e+03 1.5085263530699067e+03
    5.3401276548143496e+03</data></offsetMatrix>
<deltaXY>
  1965. -5250.</deltaXY>
<headLocation>
  1965. -5250.</headLocation>
<pointA>
  2.0764343685036204e+02 1.1319273953016057e+03</pointA>
<pointB>
  1.5410719817636432e+03 1.1300658235960914e+03</pointB>
<pointV>
  9.4222198486328125e+02 6.0700714111328125e+02</pointV>
<cameraLocation>
  2.0125444335937500e+03 -5.3495336914062500e+03 1.4308255615234375e+03</cameraLocation>
<extrinsicMatrix type_id="opencv-matrix">
  <rows>4</rows>
  <cols>4</cols>
  <dt>d</dt>
  <data>
    9.9998241906212892e-01 5.2315549236541933e-03
    -2.7914870111252744e-03 -1.9805285339462464e+03
    -2.8617600767443211e-03 1.3473541923801629e-02
    -9.9990513249872393e-01 1.5085263530699067e+03
    -5.1934474018366537e-03 9.9989554179479578e-01
    1.3488276501317974e-02 5.3401276548143496e+03 0. 0. 0. 1.</data></extrinsicMatrix>
 <!-- resumed -->

<yaw_z>2.9756395032340577e-01</yaw_z>
<pitch_x>8.9227144824568725e+01</pitch_x>
<roll_z>-1.6396920948413124e-01</roll_z>
</opencv_storage>
