<?xml version="1.0"?>
<opencv_storage>
<camera_name>FL</camera_name>
<camera_model>FISHEYE</camera_model>
<calibration_time>"2022-12-09 14:44:42"</calibration_time>
<camIntrinsicMat type_id="opencv-matrix">
  <rows>3</rows>
  <cols>3</cols>
  <dt>d</dt>
  <data>
    1.1472062406470534e+03 0. 9.7291445926391918e+02 0.
    1.1455201546062970e+03 5.9725641822684452e+02 0. 0. 1.</data></camIntrinsicMat>
<distortion_coefficients type_id="opencv-matrix">
  <rows>4</rows>
  <cols>1</cols>
  <dt>d</dt>
  <data>
    -2.1168420557575767e-02 -4.8189912323453224e-02
    4.1454452870435032e-02 -1.2541340104731919e-02</data></distortion_coefficients>
<camIntriMatrix type_id="opencv-matrix">
  <rows>3</rows>
  <cols>4</cols>
  <dt>d</dt>
  <data>
    1.1472062406470534e+03 0. 9.7291445926391918e+02 0. 0.
    1.1455201546062970e+03 5.9725641822684452e+02 0. 0. 0. 1. 0.</data></camIntriMatrix>
<avg_reprojection_error>2.8540215719900897e-01</avg_reprojection_error>
</opencv_storage>
