<?xml version="1.0"?>
<opencv_storage>
<camera_name>FL</camera_name>
<calibration_time>"2022-12-09 15:13:37"</calibration_time>
<undistort>1</undistort>
<rotationMatrix type_id="opencv-matrix">
  <rows>3</rows>
  <cols>3</cols>
  <dt>d</dt>
  <data>
    -6.7663631146992365e-01 7.3545773399238779e-01
    3.5569980477343111e-02 -1.7128267197406621e-02
    3.2573288360244201e-02 -9.9932257221990861e-01
    -7.3611814572335521e-01 -6.7678719136533760e-01
    -9.4431531083012388e-03</data></rotationMatrix>
<offsetMatrix type_id="opencv-matrix">
  <rows>3</rows>
  <cols>1</cols>
  <dt>d</dt>
  <data>
    2.7842791809862497e+03 1.4100468011944456e+03
    -4.4053814048338772e+03</data></offsetMatrix>
<deltaXY>
  0. 0.</deltaXY>
<headLocation>
  0. 0.</headLocation>
<pointA>
  0. 0.</pointA>
<pointB>
  0. 0.</pointB>
<pointV>
  0. 0.</pointV>
<cameraLocation>
  -1.3347851562500000e+03 -5.0751552734375000e+03 1.2684541015625000e+03</cameraLocation>
<extrinsicMatrix type_id="opencv-matrix">
  <rows>4</rows>
  <cols>4</cols>
  <dt>d</dt>
  <data>
    -6.7663631146992365e-01 7.3545773399238779e-01
    3.5569980477343111e-02 2.7842791809862497e+03
    -1.7128267197406621e-02 3.2573288360244201e-02
    -9.9932257221990861e-01 1.4100468011944456e+03
    -7.3611814572335521e-01 -6.7678719136533760e-01
    -9.4431531083012388e-03 -4.4053814048338772e+03 0. 0. 0. 1.</data></extrinsicMatrix>
 <!-- resumed -->

<bsd_deltaXY>
  -3150. -8700.</bsd_deltaXY>
<yaw>4.7401782888920231e+01</yaw>
<pitch>-9.0799391179383505e+01</pitch>
<roll>-1.7854993315388887e+02</roll>
<avg_reprojection_error>5.2715688943862915e-01</avg_reprojection_error>
</opencv_storage>
