<?xml version="1.0"?>
<opencv_storage>
<camera_name>FR</camera_name>
<calibration_time>"2022-10-12 08:04:52"</calibration_time>
<undistort>1</undistort>
<rotationMatrix type_id="opencv-matrix">
  <rows>3</rows>
  <cols>3</cols>
  <dt>d</dt>
  <data>
    -7.2437777166048622e-01 -6.8928217044094786e-01
    -1.2920272303805103e-02 1.4403930297568812e-02
    3.6051433386992127e-03 -9.9988975879018305e-01
    6.8925276257420343e-01 -7.2448401808026353e-01
    7.3168866401848165e-03</data></rotationMatrix>
<offsetMatrix type_id="opencv-matrix">
  <rows>3</rows>
  <cols>1</cols>
  <dt>d</dt>
  <data>
    -2.5493028005538390e+03 1.2608278041544618e+03
    -4.5978568457700449e+03</data></offsetMatrix>
<deltaXY>
  0. 0.</deltaXY>
<headLocation>
  0. 0.</headLocation>
<pointA>
  0. 0.</pointA>
<pointB>
  0. 0.</pointB>
<pointV>
  0. 0.</pointV>
<cameraLocation>
  1.3042663574218750e+03 -5.0928081054687500e+03 1.2613930664062500e+03</cameraLocation>
<extrinsicMatrix type_id="opencv-matrix">
  <rows>4</rows>
  <cols>4</cols>
  <dt>d</dt>
  <data>
    -7.2437777166048622e-01 -6.8928217044094786e-01
    -1.2920272303805103e-02 -2.5493028005538390e+03
    1.4403930297568812e-02 3.6051433386992127e-03
    -9.9988975879018305e-01 1.2608278041544618e+03
    6.8925276257420343e-01 -7.2448401808026353e-01
    7.3168866401848165e-03 -4.5978568457700449e+03 0. 0. 0. 1.</data></extrinsicMatrix>
 <!-- resumed -->

<bsd_deltaXY>
  2330. -8660.</bsd_deltaXY>
<yaw>-4.3570986992849470e+01</yaw>
<pitch>-8.9421364087366157e+01</pitch>
<roll>1.7886084899169160e+02</roll>
<avg_reprojection_error>3.6745706200599670e-01</avg_reprojection_error>
</opencv_storage>
