<?xml version="1.0"?>
<opencv_storage>
<camera_name>FR</camera_name>
<camera_model>FISHEYE</camera_model>
<calibration_time>"2022-10-12 07:36:43"</calibration_time>
<camIntrinsicMat type_id="opencv-matrix">
  <rows>3</rows>
  <cols>3</cols>
  <dt>d</dt>
  <data>
    1.1499895870140326e+03 0. 9.6945101435158335e+02 0.
    1.1488631825400698e+03 5.8881965167875774e+02 0. 0. 1.</data></camIntrinsicMat>
<distortion_coefficients type_id="opencv-matrix">
  <rows>4</rows>
  <cols>1</cols>
  <dt>d</dt>
  <data>
    -3.3550590218503207e-02 -2.0965818972097126e-02
    2.4213310892376046e-02 -1.8465647915115298e-02</data></distortion_coefficients>
<camIntriMatrix type_id="opencv-matrix">
  <rows>3</rows>
  <cols>4</cols>
  <dt>d</dt>
  <data>
    1.1499895870140326e+03 0. 9.6945101435158335e+02 0. 0.
    1.1488631825400698e+03 5.8881965167875774e+02 0. 0. 0. 1. 0.</data></camIntriMatrix>
<avg_reprojection_error>1.7639150427265909e-01</avg_reprojection_error>
</opencv_storage>
