<?xml version="1.0"?>
<opencv_storage>
<camera_name>FL</camera_name>
<camera_model>FISHEYE</camera_model>
<calibration_time>"2022-07-22 22:56:14"</calibration_time>
<camIntrinsicMat type_id="opencv-matrix">
  <rows>3</rows>
  <cols>3</cols>
  <dt>d</dt>
  <data>
    1.1488695841886720e+03 0. 9.6605005520888074e+02 0.
    1.1485432070361414e+03 5.8424790725005016e+02 0. 0. 1.</data></camIntrinsicMat>
<distortion_coefficients type_id="opencv-matrix">
  <rows>4</rows>
  <cols>1</cols>
  <dt>d</dt>
  <data>
    -3.7191799058713490e-02 6.1214333938556017e-03
    -3.5095424262493610e-02 2.7997057007852443e-02</data></distortion_coefficients>
<camIntriMatrix type_id="opencv-matrix">
  <rows>3</rows>
  <cols>4</cols>
  <dt>d</dt>
  <data>
    1.1488695841886720e+03 0. 9.6605005520888074e+02 0. 0.
    1.1485432070361414e+03 5.8424790725005016e+02 0. 0. 0. 1. 0.</data></camIntriMatrix>
<avg_reprojection_error>2.9612589535969897e-01</avg_reprojection_error>
</opencv_storage>
