<?xml version="1.0"?>
<opencv_storage>
<camera_name>FL</camera_name>
<calibration_time>"2022-12-07 17:20:23"</calibration_time>
<undistort>1</undistort>
<rotationMatrix type_id="opencv-matrix">
  <rows>3</rows>
  <cols>3</cols>
  <dt>d</dt>
  <data>
    -7.2833242005074317e-01 6.8496379928161466e-01
    1.8880666744684749e-02 9.6749464305687094e-03 3.7830968487376437e-02
    -9.9923731577382213e-01 -6.8515566210503831e-01
    -7.2759426296322838e-01 -3.4180508896202499e-02</data></rotationMatrix>
<offsetMatrix type_id="opencv-matrix">
  <rows>3</rows>
  <cols>1</cols>
  <dt>d</dt>
  <data>
    2.5723555184566021e+03 1.4888422929149392e+03
    -4.6044896365566419e+03</data></offsetMatrix>
<deltaXY>
  0. 0.</deltaXY>
<headLocation>
  0. 0.</headLocation>
<pointA>
  0. 0.</pointA>
<pointB>
  0. 0.</pointB>
<pointV>
  0. 0.</pointV>
<cameraLocation>
  -1.2956667480468750e+03 -5.1684951171875000e+03 1.2817552490234375e+03</cameraLocation>
<extrinsicMatrix type_id="opencv-matrix">
  <rows>4</rows>
  <cols>4</cols>
  <dt>d</dt>
  <data>
    -7.2833242005074317e-01 6.8496379928161466e-01
    1.8880666744684749e-02 2.5723555184566021e+03 9.6749464305687094e-03
    3.7830968487376437e-02 -9.9923731577382213e-01
    1.4888422929149392e+03 -6.8515566210503831e-01
    -7.2759426296322838e-01 -3.4180508896202499e-02
    -4.6044896365566419e+03 0. 0. 0. 1.</data></extrinsicMatrix>
 <!-- resumed -->

<bsd_deltaXY>
  -2835. -8775.</bsd_deltaXY>
<yaw>4.3247851208156796e+01</yaw>
<pitch>-9.2689631097705728e+01</pitch>
<roll>1.7923894504705731e+02</roll>
<avg_reprojection_error>1.0424129962921143e+00</avg_reprojection_error>
</opencv_storage>
