<?xml version="1.0"?>
<opencv_storage>
<camera_name>FC60</camera_name>
<camera_model>PINHOLE</camera_model>
<calibration_time>"2022-06-24 15:58:02"</calibration_time>
<camIntrinsicMat type_id="opencv-matrix">
  <rows>3</rows>
  <cols>3</cols>
  <dt>d</dt>
  <data>
    1.9520556944918103e+03 0. 9.3478991595842319e+02 0.
    1.9537216935519959e+03 5.9954912277023084e+02 0. 0. 1.</data></camIntrinsicMat>
<distortion_coefficients type_id="opencv-matrix">
  <rows>1</rows>
  <cols>5</cols>
  <dt>d</dt>
  <data>
    -5.1739578256067542e-01 3.6697565588662701e-01
    1.4372958513516148e-04 -7.9637988726261955e-04
    -2.6564242957810086e-01</data></distortion_coefficients>
<camIntriMatrix type_id="opencv-matrix">
  <rows>3</rows>
  <cols>4</cols>
  <dt>d</dt>
  <data>
    1.9520556944918103e+03 0. 9.3478991595842319e+02 0. 0.
    1.9537216935519959e+03 5.9954912277023084e+02 0. 0. 0. 1. 0.</data></camIntriMatrix>
<avg_reprojection_error>2.2498768938648200e-01</avg_reprojection_error>
</opencv_storage>
