<?xml version="1.0"?>
<opencv_storage>
<camera_name>RR</camera_name>
<calibration_time>"2022-12-20 10:47:35"</calibration_time>
<undistort>1</undistort>
<rotationMatrix type_id="opencv-matrix">
  <rows>3</rows>
  <cols>3</cols>
  <dt>d</dt>
  <data>
    6.9586262453206194e-01 -7.1762926964744811e-01
    2.7989982576284211e-02 2.3469988892960258e-02
    -1.6229406298933796e-02 -9.9959280009039109e-01
    7.1779131187324552e-01 6.9623619391443192e-01 5.5493137261155290e-03</data></rotationMatrix>
<offsetMatrix type_id="opencv-matrix">
  <rows>3</rows>
  <cols>1</cols>
  <dt>d</dt>
  <data>
    -7.5551013283566035e+03 1.0974703130051550e+03
    5.4089624229807341e+03</data></offsetMatrix>
<deltaXY>
  0. 0.</deltaXY>
<headLocation>
  0. 0.</headLocation>
<pointA>
  0. 0.</pointA>
<pointB>
  0. 0.</pointB>
<pointV>
  0. 0.</pointV>
<cameraLocation>
  1.3490488281250000e+03 -9.1698662109375000e+03 1.2784744873046875e+03</cameraLocation>
<extrinsicMatrix type_id="opencv-matrix">
  <rows>4</rows>
  <cols>4</cols>
  <dt>d</dt>
  <data>
    6.9586262453206194e-01 -7.1762926964744811e-01
    2.7989982576284211e-02 -7.5551013283566035e+03
    2.3469988892960258e-02 -1.6229406298933796e-02
    -9.9959280009039109e-01 1.0974703130051550e+03
    7.1779131187324552e-01 6.9623619391443192e-01 5.5493137261155290e-03
    5.4089624229807341e+03 0. 0. 0. 1.</data></extrinsicMatrix>
 <!-- resumed -->

<bsd_deltaXY>
  2340. -6660.</bsd_deltaXY>
<yaw>-4.5872426936665136e+01</yaw>
<pitch>8.9543336692667864e+01</pitch>
<roll>1.9317343679053853e+00</roll>
<avg_reprojection_error>4.0433612823486328e+01</avg_reprojection_error>
</opencv_storage>
