<?xml version="1.0"?>
<opencv_storage>
<camera_name>RL</camera_name>
<camera_model>FISHEYE</camera_model>
<calibration_time>"2022-10-21 09:47:55"</calibration_time>
<camIntrinsicMat type_id="opencv-matrix">
  <rows>3</rows>
  <cols>3</cols>
  <dt>d</dt>
  <data>
    1.1537021072737234e+03 0. 9.7248178842383777e+02 0.
    1.1526347403242644e+03 5.9448417617566213e+02 0. 0. 1.</data></camIntrinsicMat>
<distortion_coefficients type_id="opencv-matrix">
  <rows>4</rows>
  <cols>1</cols>
  <dt>d</dt>
  <data>
    -2.8404441480628824e-02 -4.6037323843649204e-02
    6.8952870305968431e-02 -4.7643292996219382e-02</data></distortion_coefficients>
<camIntriMatrix type_id="opencv-matrix">
  <rows>3</rows>
  <cols>4</cols>
  <dt>d</dt>
  <data>
    1.1537021072737234e+03 0. 9.7248178842383777e+02 0. 0.
    1.1526347403242644e+03 5.9448417617566213e+02 0. 0. 0. 1. 0.</data></camIntriMatrix>
<avg_reprojection_error>1.6048906047255951e-01</avg_reprojection_error>
</opencv_storage>
