<?xml version="1.0"?>
<opencv_storage>
<camera_name>RL</camera_name>
<calibration_time>"2022-10-21 10:09:35"</calibration_time>
<undistort>1</undistort>
<rotationMatrix type_id="opencv-matrix">
  <rows>3</rows>
  <cols>3</cols>
  <dt>d</dt>
  <data>
    7.3073294728806049e-01 6.8264993450182876e-01 4.2926300042115395e-03
    -1.7655002629601513e-02 2.5183758932391345e-02
    -9.9952692768538443e-01 -6.8243509627645393e-01
    7.3031147136730912e-01 3.0454788777185396e-02</data></rotationMatrix>
<offsetMatrix type_id="opencv-matrix">
  <rows>3</rows>
  <cols>1</cols>
  <dt>d</dt>
  <data>
    7.2164909881695921e+03 1.4628859027046879e+03 5.7899047174933730e+03</data></offsetMatrix>
<deltaXY>
  0. 0.</deltaXY>
<headLocation>
  0. 0.</headLocation>
<pointA>
  0. 0.</pointA>
<pointB>
  0. 0.</pointB>
<pointV>
  0. 0.</pointV>
<cameraLocation>
  -1.2962662353515625e+03 -9.1916123046875000e+03 1.2548857421875000e+03</cameraLocation>
<extrinsicMatrix type_id="opencv-matrix">
  <rows>4</rows>
  <cols>4</cols>
  <dt>d</dt>
  <data>
    7.3073294728806049e-01 6.8264993450182876e-01 4.2926300042115395e-03
    7.2164909881695921e+03 -1.7655002629601513e-02
    2.5183758932391345e-02 -9.9952692768538443e-01
    1.4628859027046879e+03 -6.8243509627645393e-01
    7.3031147136730912e-01 3.0454788777185396e-02 5.7899047174933730e+03
    0. 0. 0. 1.</data></extrinsicMatrix>
 <!-- resumed -->

<bsd_deltaXY>
  -3070. -6335.</bsd_deltaXY>
<yaw>4.3034224807549151e+01</yaw>
<pitch>8.7612086735770248e+01</pitch>
<roll>-1.3840355528153954e+00</roll>
<avg_reprojection_error>4.1636294126510620e-01</avg_reprojection_error>
</opencv_storage>
