<?xml version="1.0"?>
<opencv_storage>
<camera_name>FC120</camera_name>
<calibration_time>"2022-07-14 23:44:55"</calibration_time>
<undistort>1</undistort>
<rotationMatrix type_id="opencv-matrix">
  <rows>3</rows>
  <cols>3</cols>
  <dt>d</dt>
  <data>
    9.9931653657094488e-01 2.1830574104428235e-02
    -2.9830953221819303e-02 -2.9974694917652991e-02
    6.2870183884892929e-03 -9.9953088549798019e-01
    -2.1632785314076690e-02 9.9974191641345811e-01
    6.9370862400004165e-03</data></rotationMatrix>
<offsetMatrix type_id="opencv-matrix">
  <rows>3</rows>
  <cols>1</cols>
  <dt>d</dt>
  <data>
    -1.2022091348453951e+03 1.5012620995338611e+03
    3.2656417084042046e+03</data></offsetMatrix>
<deltaXY>
  1380. -3130.</deltaXY>
<headLocation>
  1380. -3130.</headLocation>
<pointA>
  5.9934884689301668e+02 1.0601065611352933e+03</pointA>
<pointB>
  1.4549316178312029e+03 1.0428370290519520e+03</pointB>
<pointV>
  9.8113159179687500e+02 6.1664508056640625e+02</pointV>
<cameraLocation>
  1.3170322265625000e+03 -3.2479924316406250e+03 1.4420407714843750e+03</cameraLocation>
<extrinsicMatrix type_id="opencv-matrix">
  <rows>4</rows>
  <cols>4</cols>
  <dt>d</dt>
  <data>
    9.9931653657094488e-01 2.1830574104428235e-02
    -2.9830953221819303e-02 -1.2022091348453951e+03
    -2.9974694917652991e-02 6.2870183884892929e-03
    -9.9953088549798019e-01 1.5012620995338611e+03
    -2.1632785314076690e-02 9.9974191641345811e-01
    6.9370862400004165e-03 3.2656417084042046e+03 0. 0. 0. 1.</data></extrinsicMatrix>
 <!-- resumed -->

<yaw_z>1.2395639815326285e+00</yaw_z>
<pitch_x>8.9602438010983903e+01</pitch_x>
<roll_z>-1.7180829736796632e+00</roll_z>
</opencv_storage>
