<?xml version="1.0"?>
<opencv_storage>
<camera_name>FR</camera_name>
<calibration_time>"2023-01-05 09:39:00"</calibration_time>
<undistort>1</undistort>
<rotationMatrix type_id="opencv-matrix">
  <rows>3</rows>
  <cols>3</cols>
  <dt>d</dt>
  <data>
    -7.1648097532328736e-01 -6.9760271926888318e-01
    -2.3362509391229858e-03 2.4841310657736482e-02
    -2.2166442704897205e-02 -9.9944562538570159e-01
    6.9716419965786880e-01 -7.1614181199429350e-01
    3.3211200353692516e-02</data></rotationMatrix>
<offsetMatrix type_id="opencv-matrix">
  <rows>3</rows>
  <cols>1</cols>
  <dt>d</dt>
  <data>
    -2.6201658301066386e+03 1.1242097099741877e+03
    -4.6351345721001362e+03</data></offsetMatrix>
<deltaXY>
  0. 0.</deltaXY>
<headLocation>
  0. 0.</headLocation>
<pointA>
  0. 0.</pointA>
<pointB>
  0. 0.</pointB>
<pointV>
  0. 0.</pointV>
<cameraLocation>
  1.3262241210937500e+03 -5.1223286132812500e+03 1.2714034423828125e+03</cameraLocation>
<extrinsicMatrix type_id="opencv-matrix">
  <rows>4</rows>
  <cols>4</cols>
  <dt>d</dt>
  <data>
    -7.1648097532328736e-01 -6.9760271926888318e-01
    -2.3362509391229858e-03 -2.6201658301066386e+03
    2.4841310657736482e-02 -2.2166442704897205e-02
    -9.9944562538570159e-01 1.1242097099741877e+03
    6.9716419965786880e-01 -7.1614181199429350e-01
    3.3211200353692516e-02 -4.6351345721001362e+03 0. 0. 0. 1.</data></extrinsicMatrix>
 <!-- resumed -->

<bsd_deltaXY>
  2325. -8625.</bsd_deltaXY>
<yaw>-4.4199927466207754e+01</yaw>
<pitch>-8.7344800702106539e+01</pitch>
<roll>1.7801427755622689e+02</roll>
<avg_reprojection_error>4.1442033648490906e-01</avg_reprojection_error>
</opencv_storage>
