<?xml version="1.0"?>
<opencv_storage>
<camera_name>FR</camera_name>
<camera_model>FISHEYE</camera_model>
<calibration_time>"2023-01-05 09:17:46"</calibration_time>
<camIntrinsicMat type_id="opencv-matrix">
  <rows>3</rows>
  <cols>3</cols>
  <dt>d</dt>
  <data>
    1150.7838954734216 0. 974.64326995517104 0.
    1151.1386723774901  591.9014359629823 0. 0. 1.</data></camIntrinsicMat>
<distortion_coefficients type_id="opencv-matrix">
  <rows>4</rows>
  <cols>1</cols>
  <dt>d</dt>
  <data>
    -0.034221049215029768 -0.0092227558626878786
    -0.015227139168120754 0.025131003078797204</data></distortion_coefficients>
<camIntriMatrix type_id="opencv-matrix">
  <rows>3</rows>
  <cols>4</cols>
  <dt>d</dt>
  <data>
    1150.7838954734216 0. 974.64326995517104 0. 0.
    1151.1386723774901  591.9014359629823 0. 0. 0. 1. 0.</data></camIntriMatrix>
<avg_reprojection_error>2.0286284796585730e-01</avg_reprojection_error>
</opencv_storage>
