<?xml version="1.0"?>
<opencv_storage>
<camera_name>FC60</camera_name>
<camera_model>PINHOLE</camera_model>
<calibration_time>"2022-08-12 02:16:31"</calibration_time>
<camIntrinsicMat type_id="opencv-matrix">
  <rows>3</rows>
  <cols>3</cols>
  <dt>d</dt>
  <data>
    1.9451595936469178e+03 0. 9.6189438375708914e+02 0.
    1.9442866625093488e+03 6.5861344972916538e+02 0. 0. 1.</data></camIntrinsicMat>
<distortion_coefficients type_id="opencv-matrix">
  <rows>1</rows>
  <cols>5</cols>
  <dt>d</dt>
  <data>
    -4.8243566789803621e-01 2.1472409135323184e-01
    -7.8089979460870956e-03 -1.4180309653069681e-03
    -5.5881677369120551e-02</data></distortion_coefficients>
<camIntriMatrix type_id="opencv-matrix">
  <rows>3</rows>
  <cols>4</cols>
  <dt>d</dt>
  <data>
    1.9451595936469178e+03 0. 9.6189438375708914e+02 0. 0.
    1.9442866625093488e+03 6.5861344972916538e+02 0. 0. 0. 1. 0.</data></camIntriMatrix>
<avg_reprojection_error>2.7813096970529366e-01</avg_reprojection_error>
</opencv_storage>
