<?xml version="1.0"?>
<opencv_storage>
<camera_name>RR</camera_name>
<camera_model>FISHEYE</camera_model>
<calibration_time>"2022-01-10 22:46:28"</calibration_time>
<camIntrinsicMat type_id="opencv-matrix">
  <rows>3</rows>
  <cols>3</cols>
  <dt>d</dt>
  <data>
    1.1479932807370017e+03 0. 9.6259793224957912e+02 0.
    1.1480402467870542e+03 6.0790264633229799e+02 0. 0. 1.</data></camIntrinsicMat>
<distortion_coefficients type_id="opencv-matrix">
  <rows>4</rows>
  <cols>1</cols>
  <dt>d</dt>
  <data>
    -3.6348113751412281e-02 -3.3208232049184031e-03
    -1.2674015153170567e-02 5.2727562749093418e-03</data></distortion_coefficients>
<camIntriMatrix type_id="opencv-matrix">
  <rows>3</rows>
  <cols>4</cols>
  <dt>d</dt>
  <data>
    1.1479932807370017e+03 0. 9.6259793224957912e+02 0. 0.
    1.1480402467870542e+03 6.0790264633229799e+02 0. 0. 0. 1. 0.</data></camIntriMatrix>
<avg_reprojection_error>2.6457125923997610e-01</avg_reprojection_error>
</opencv_storage>
