<?xml version="1.0"?>
<opencv_storage>
<camera_name>FC120</camera_name>
<calibration_time>"2022-07-15 13:41:05"</calibration_time>
<undistort>1</undistort>
<rotationMatrix type_id="opencv-matrix">
  <rows>3</rows>
  <cols>3</cols>
  <dt>d</dt>
  <data>
    9.9996065562270342e-01 -3.5199707773432157e-03
    8.1422977309709224e-03 8.1748177892791707e-03 9.3252312270975316e-03
    -9.9992310325178158e-01 3.4437712939754395e-03
    9.9995032370027648e-01 9.3536394514101232e-03</data></rotationMatrix>
<offsetMatrix type_id="opencv-matrix">
  <rows>3</rows>
  <cols>1</cols>
  <dt>d</dt>
  <data>
    -1.8103908923286408e+03 1.4498226980081920e+03
    3.3894569576447948e+03</data></offsetMatrix>
<deltaXY>
  1865. -3170.</deltaXY>
<headLocation>
  1865. -3170.</headLocation>
<pointA>
  4.4211628998970161e+02 1.0106791990110960e+03</pointA>
<pointB>
  1.4883091257483661e+03 1.0176759499054347e+03</pointB>
<pointV>
  9.6000109863281250e+02 6.0240600585937500e+02</pointV>
<cameraLocation>
  1.7867951660156250e+03 -3.4091811523437500e+03 1.4327481689453125e+03</cameraLocation>
<extrinsicMatrix type_id="opencv-matrix">
  <rows>4</rows>
  <cols>4</cols>
  <dt>d</dt>
  <data>
    9.9996065562270342e-01 -3.5199707773432157e-03
    8.1422977309709224e-03 -1.8103908923286408e+03
    8.1748177892791707e-03 9.3252312270975316e-03
    -9.9992310325178158e-01 1.4498226980081920e+03
    3.4437712939754395e-03 9.9995032370027648e-01 9.3536394514101232e-03
    3.3894569576447948e+03 0. 0. 0. 1.</data></extrinsicMatrix>
 <!-- resumed -->

<yaw_z>2.0168865600130653e-01</yaw_z>
<pitch_x>8.9465697296275579e+01</pitch_x>
<roll_z>0.</roll_z>
</opencv_storage>
