<?xml version="1.0"?>
<opencv_storage>
<camera_name>FC120</camera_name>
<camera_model>FISHEYE</camera_model>
<calibration_time>"2022-07-15 13:39:15"</calibration_time>
<camIntrinsicMat type_id="opencv-matrix">
  <rows>3</rows>
  <cols>3</cols>
  <dt>d</dt>
  <data>
    9.7602879463129636e+02 0. 9.6343686214377817e+02 0.
    9.7575171936638992e+02 5.9330644342345454e+02 0. 0. 1.</data></camIntrinsicMat>
<distortion_coefficients type_id="opencv-matrix">
  <rows>4</rows>
  <cols>1</cols>
  <dt>d</dt>
  <data>
    -3.5176369326295850e-02 -8.5106740662275349e-03
    -5.1146760095911225e-03 2.5127249570915081e-03</data></distortion_coefficients>
<camIntriMatrix type_id="opencv-matrix">
  <rows>3</rows>
  <cols>4</cols>
  <dt>d</dt>
  <data>
    9.7602879463129636e+02 0. 9.6343686214377817e+02 0. 0.
    9.7575171936638992e+02 5.9330644342345454e+02 0. 0. 0. 1. 0.</data></camIntriMatrix>
<avg_reprojection_error>2.2475770892072344e-01</avg_reprojection_error>
</opencv_storage>
