<?xml version="1.0"?>
<opencv_storage>
<camera_name>FL</camera_name>
<calibration_time>"2022-10-21 10:16:16"</calibration_time>
<undistort>1</undistort>
<rotationMatrix type_id="opencv-matrix">
  <rows>3</rows>
  <cols>3</cols>
  <dt>d</dt>
  <data>
    -7.1307100589065264e-01 7.0045231150081366e-01
    2.9938267672996621e-02 -7.9391302019213850e-03
    3.4632194702504226e-02 -9.9936859131239708e-01
    -7.0104686774118741e-01 -7.1285845046773155e-01
    -1.9134231811473668e-02</data></rotationMatrix>
<offsetMatrix type_id="opencv-matrix">
  <rows>3</rows>
  <cols>1</cols>
  <dt>d</dt>
  <data>
    2.6082839110293212e+03 1.4235614505313085e+03
    -4.5215713613867665e+03</data></offsetMatrix>
<deltaXY>
  0. 0.</deltaXY>
<headLocation>
  0. 0.</headLocation>
<pointA>
  0. 0.</pointA>
<pointB>
  0. 0.</pointB>
<pointV>
  0. 0.</pointV>
<cameraLocation>
  -1.2986400146484375e+03 -5.0995200195312500e+03 1.2580583496093750e+03</cameraLocation>
<extrinsicMatrix type_id="opencv-matrix">
  <rows>4</rows>
  <cols>4</cols>
  <dt>d</dt>
  <data>
    -7.1307100589065264e-01 7.0045231150081366e-01
    2.9938267672996621e-02 2.6082839110293212e+03
    -7.9391302019213850e-03 3.4632194702504226e-02
    -9.9936859131239708e-01 1.4235614505313085e+03
    -7.0104686774118741e-01 -7.1285845046773155e-01
    -1.9134231811473668e-02 -4.5215713613867665e+03 0. 0. 0. 1.</data></extrinsicMatrix>
 <!-- resumed -->

<bsd_deltaXY>
  -3070. -8535.</bsd_deltaXY>
<yaw>4.4511054210858198e+01</yaw>
<pitch>-9.1537538839579881e+01</pitch>
<roll>-1.7936211140870353e+02</roll>
<avg_reprojection_error>3.2768189907073975e-01</avg_reprojection_error>
</opencv_storage>
