<?xml version="1.0"?>
<opencv_storage>
<camera_name>RC</camera_name>
<calibration_time>"2023-02-14 09:32:24"</calibration_time>
<undistort>1</undistort>
<rotationMatrix type_id="opencv-matrix">
  <rows>3</rows>
  <cols>3</cols>
  <dt>d</dt>
  <data>
    9.9973471785799473e-01 -1.5977490352291662e-02
    -1.6589566342679413e-02 -1.6308873767917561e-02
    1.7540923249102641e-02 -9.9971312717598704e-01
    1.6263903154466498e-02 9.9971847827956628e-01 1.7275695082126723e-02</data></rotationMatrix>
<offsetMatrix type_id="opencv-matrix">
  <rows>3</rows>
  <cols>1</cols>
  <dt>d</dt>
  <data>
    -1.6667274212372242e+03 1.5721877907369785e+03
    5.2937450383058949e+03</data></offsetMatrix>
<deltaXY>
  1540. -5140.</deltaXY>
<headLocation>
  1540. -5140.</headLocation>
<pointA>
  3.7568754681286021e+02 1.1728986514464425e+03</pointA>
<pointB>
  1.5155398631496637e+03 1.1489113210312780e+03</pointB>
<pointV>
  9.6012792968750000e+02 6.2625000000000000e+02</pointV>
<cameraLocation>
  1.6058289794921875e+03 -5.3464624023437500e+03 1.4526334228515625e+03</cameraLocation>
<extrinsicMatrix type_id="opencv-matrix">
  <rows>4</rows>
  <cols>4</cols>
  <dt>d</dt>
  <data>
    9.9973471785799473e-01 -1.5977490352291662e-02
    -1.6589566342679413e-02 -1.6667274212372242e+03
    -1.6308873767917561e-02 1.7540923249102641e-02
    -9.9971312717598704e-01 1.5721877907369785e+03
    1.6263903154466498e-02 9.9971847827956628e-01 1.7275695082126723e-02
    5.2937450383058949e+03 0. 0. 0. 1.</data></extrinsicMatrix>
 <!-- resumed -->

<yaw_z>9.1562261001164602e-01</yaw_z>
<pitch_x>8.8994926507732444e+01</pitch_x>
<roll_z>0.</roll_z>
</opencv_storage>
