<?xml version="1.0"?>
<opencv_storage>
<camera_name>RC</camera_name>
<camera_model>PINHOLE</camera_model>
<calibration_time>"2022-12-20 16:18:39"</calibration_time>
<camIntrinsicMat type_id="opencv-matrix">
  <rows>3</rows>
  <cols>3</cols>
  <dt>d</dt>
  <data>
    1.9555234859583893e+03 0. 9.9138108576034676e+02 0.
    1.9562021554976168e+03 5.9192674538899837e+02 0. 0. 1.</data></camIntrinsicMat>
<distortion_coefficients type_id="opencv-matrix">
  <rows>1</rows>
  <cols>5</cols>
  <dt>d</dt>
  <data>
    -5.0651880764341506e-01 3.0928656840689628e-01
    1.6256816152052042e-03 -1.8461936827120946e-03
    -1.8202361170901776e-01</data></distortion_coefficients>
<camIntriMatrix type_id="opencv-matrix">
  <rows>3</rows>
  <cols>4</cols>
  <dt>d</dt>
  <data>
    1.9555234859583893e+03 0. 9.9138108576034676e+02 0. 0.
    1.9562021554976168e+03 5.9192674538899837e+02 0. 0. 0. 1. 0.</data></camIntriMatrix>
<avg_reprojection_error>2.4702149572606177e-01</avg_reprojection_error>
</opencv_storage>
