<?xml version="1.0"?>
<opencv_storage>
<camera_name>FC28</camera_name>
<calibration_time>"2022-07-20 22:12:45"</calibration_time>
<undistort>1</undistort>
<rotationMatrix type_id="opencv-matrix">
  <rows>3</rows>
  <cols>3</cols>
  <dt>d</dt>
  <data>
    9.9992222513181483e-01 -3.5877813438186428e-03
    -1.1944518092795356e-02 -1.1961645439396186e-02
    -4.7908906247634405e-03 -9.9991697975652150e-01
    3.5302586055898401e-03 9.9998208743559525e-01
    -4.8334337822254492e-03</data></rotationMatrix>
<offsetMatrix type_id="opencv-matrix">
  <rows>3</rows>
  <cols>1</cols>
  <dt>d</dt>
  <data>
    -1.9062684535977194e+03 2.2895519466232540e+03
    1.6766358147055711e+04</data></offsetMatrix>
<deltaXY>
  1885. -16675.</deltaXY>
<headLocation>
  1885. -16675.</headLocation>
<pointA>
  1.0617684399839061e+03 2.0032090216613690e+03</pointA>
<pointB>
  2.7488091038596981e+03 1.9821585481947072e+03</pointB>
<pointV>
  1.8566741943359375e+03 9.7965698242187500e+02</pointV>
<cameraLocation>
  1.8743173828125000e+03 -1.6761927734375000e+04 2.3476315917968750e+03</cameraLocation>
<extrinsicMatrix type_id="opencv-matrix">
  <rows>4</rows>
  <cols>4</cols>
  <dt>d</dt>
  <data>
    9.9992222513181483e-01 -3.5877813438186428e-03
    -1.1944518092795356e-02 -1.9062684535977194e+03
    -1.1961645439396186e-02 -4.7908906247634405e-03
    -9.9991697975652150e-01 2.2895519466232540e+03
    3.5302586055898401e-03 9.9998208743559525e-01
    -4.8334337822254492e-03 1.6766358147055711e+04 0. 0. 0. 1.</data></extrinsicMatrix>
 <!-- resumed -->

<yaw_z>-2.0226934431198093e-01</yaw_z>
<pitch_x>9.0276938160307566e+01</pitch_x>
<roll_z>-6.8537241524872405e-01</roll_z>
</opencv_storage>
