<?xml version="1.0"?>
<opencv_storage>
<camera_name>FC28</camera_name>
<camera_model>PINHOLE</camera_model>
<calibration_time>"2022-07-17 20:01:13"</calibration_time>
<camIntrinsicMat type_id="opencv-matrix">
  <rows>3</rows>
  <cols>3</cols>
  <dt>d</dt>
  <data>
    7.2193154212911240e+03 0. 1.8825759834870546e+03 0.
    7.2413987445384591e+03 1.0143503532244966e+03 0. 0. 1.</data></camIntrinsicMat>
<distortion_coefficients type_id="opencv-matrix">
  <rows>1</rows>
  <cols>5</cols>
  <dt>d</dt>
  <data>
    -2.2765180291499590e-01 5.2129829276727790e-01
    1.9553970407889033e-03 1.6617935489993416e-03
    -2.9532627957386017e+00</data></distortion_coefficients>
<camIntriMatrix type_id="opencv-matrix">
  <rows>3</rows>
  <cols>4</cols>
  <dt>d</dt>
  <data>
    7.2193154212911240e+03 0. 1.8825759834870546e+03 0. 0.
    7.2413987445384591e+03 1.0143503532244966e+03 0. 0. 0. 1. 0.</data></camIntriMatrix>
<avg_reprojection_error>1.5261844409053116e-01</avg_reprojection_error>
</opencv_storage>
