<?xml version="1.0"?>
<opencv_storage>
<camera_name>FC120</camera_name>
<calibration_time>"2023-01-03 10:11:35"</calibration_time>
<undistort>1</undistort>
<rotationMatrix type_id="opencv-matrix">
  <rows>3</rows>
  <cols>3</cols>
  <dt>d</dt>
  <data>
    9.9987843170306812e-01 7.8763288879839279e-03
    -1.3456792272356334e-02 -1.3398823956670322e-02
    -7.3668839082529913e-03 -9.9988309343545778e-01
    -7.9745427198803544e-03 9.9994184454133672e-01
    -7.2604547845276360e-03</data></rotationMatrix>
<offsetMatrix type_id="opencv-matrix">
  <rows>3</rows>
  <cols>1</cols>
  <dt>d</dt>
  <data>
    -1.7133278682420591e+03 1.4328802626789368e+03
    3.3533734274435642e+03</data></offsetMatrix>
<deltaXY>
  1820. -3275.</deltaXY>
<headLocation>
  1820. -3275.</headLocation>
<pointA>
  4.6857620209537765e+02 1.0138246333537562e+03</pointA>
<pointB>
  1.5353052378826405e+03 1.0031437517747487e+03</pointB>
<pointV>
  9.7613684082031250e+02 5.8945886230468750e+02</pointV>
<cameraLocation>
  1.7590600585937500e+03 -3.3291279296875000e+03 1.4340039062500000e+03</cameraLocation>
<extrinsicMatrix type_id="opencv-matrix">
  <rows>4</rows>
  <cols>4</cols>
  <dt>d</dt>
  <data>
    9.9987843170306812e-01 7.8763288879839279e-03
    -1.3456792272356334e-02 -1.7133278682420591e+03
    -1.3398823956670322e-02 -7.3668839082529913e-03
    -9.9988309343545778e-01 1.4328802626789368e+03
    -7.9745427198803544e-03 9.9994184454133672e-01
    -7.2604547845276360e-03 3.3533734274435642e+03 0. 0. 0. 1.</data></extrinsicMatrix>
 <!-- resumed -->

<yaw_z>-4.5129733225004071e-01</yaw_z>
<pitch_x>9.0422094534806618e+01</pitch_x>
<roll_z>0.</roll_z>
</opencv_storage>
