<?xml version="1.0"?>
<opencv_storage>
<camera_name>FC120</camera_name>
<camera_model>FISHEYE</camera_model>
<calibration_time>"2023-01-03 09:31:05"</calibration_time>
<camIntrinsicMat type_id="opencv-matrix">
  <rows>3</rows>
  <cols>3</cols>
  <dt>d</dt>
  <data>
    9.7832935880997081e+02 0. 9.6843074887824343e+02 0.
    9.7631102301641579e+02 5.9665165056949786e+02 0. 0. 1.</data></camIntrinsicMat>
<distortion_coefficients type_id="opencv-matrix">
  <rows>4</rows>
  <cols>1</cols>
  <dt>d</dt>
  <data>
    -3.8978465863497590e-02 5.5061242438251105e-03
    -2.4156299495157411e-02 1.1284678380104791e-02</data></distortion_coefficients>
<camIntriMatrix type_id="opencv-matrix">
  <rows>3</rows>
  <cols>4</cols>
  <dt>d</dt>
  <data>
    9.7832935880997081e+02 0. 9.6843074887824343e+02 0. 0.
    9.7631102301641579e+02 5.9665165056949786e+02 0. 0. 0. 1. 0.</data></camIntriMatrix>
<avg_reprojection_error>2.4613164675958227e-01</avg_reprojection_error>
</opencv_storage>
