<?xml version="1.0"?>
<opencv_storage>
<camera_name>RL</camera_name>
<camera_model>FISHEYE</camera_model>
<calibration_time>"2022-12-21 14:25:24"</calibration_time>
<camIntrinsicMat type_id="opencv-matrix">
  <rows>3</rows>
  <cols>3</cols>
  <dt>d</dt>
  <data>
    1144.4843686365664 0. 970.87757782148708 0.
    1145.4472189872233 605.38752584876329 0. 0. 1.</data></camIntrinsicMat>
<distortion_coefficients type_id="opencv-matrix">
  <rows>4</rows>
  <cols>1</cols>
  <dt>d</dt>
  <data>
    -0.036387908431657207 0.010033425685554893
    -0.061382424260639411 0.049797864286773547</data></distortion_coefficients>
<camIntriMatrix type_id="opencv-matrix">
  <rows>3</rows>
  <cols>4</cols>
  <dt>d</dt>
  <data>
    1144.4843686365664 0. 970.87757782148708 0. 0.
    1145.4472189872233 605.38752584876329 0. 0. 0. 1. 0.</data></camIntriMatrix>
<avg_reprojection_error>2.0585591140929968e-01</avg_reprojection_error>
</opencv_storage>
