<?xml version="1.0"?>
<opencv_storage>
<calibration_time>"2020年08月11日 星期二 15时41分55秒"</calibration_time>
<camIntrinsicMat type_id="opencv-matrix">
  <rows>3</rows>
  <cols>3</cols>
  <dt>d</dt>
  <data>
    1.9210109058429973e+03 0. 9.3873461613107429e+02 0.
    1.9171972852594349e+03 6.1853949900048860e+02 0. 0. 1.</data></camIntrinsicMat>
<distortion_coefficients type_id="opencv-matrix">
  <rows>5</rows>
  <cols>1</cols>
  <dt>d</dt>
  <data>
    -4.7400398235722063e-01 1.6081287171898240e-01
    -1.7658951404277601e-03 3.7916610014185844e-03
    5.0954904520418752e-02</data></distortion_coefficients>
<undistort_roi>
  0 0 0 0</undistort_roi>
<camIntriMatrix type_id="opencv-matrix">
  <rows>3</rows>
  <cols>4</cols>
  <dt>d</dt>
  <data>
    1.9210109058429973e+03 0. 9.3873461613107429e+02 0. 0.
    1.9171972852594349e+03 6.1853949900048860e+02 0. 0. 0. 1. 0.</data></camIntriMatrix>
<avg_reprojection_error>7.5455073651190674e-01</avg_reprojection_error>
</opencv_storage>
