<?xml version="1.0"?>
<opencv_storage>
<camera_name>FL</camera_name>
<camera_model>FISHEYE</camera_model>
<calibration_time>"2023-01-03 09:42:37"</calibration_time>
<camIntrinsicMat type_id="opencv-matrix">
  <rows>3</rows>
  <cols>3</cols>
  <dt>d</dt>
  <data>
    1.1452143262137122e+03 0. 9.6307914129281778e+02 0.
    1.1452668541676035e+03 5.9177871718051813e+02 0. 0. 1.</data></camIntrinsicMat>
<distortion_coefficients type_id="opencv-matrix">
  <rows>4</rows>
  <cols>1</cols>
  <dt>d</dt>
  <data>
    -1.9669500455910375e-02 -7.8635603412305230e-02
    1.3238652646149163e-01 -9.4258828466921116e-02</data></distortion_coefficients>
<camIntriMatrix type_id="opencv-matrix">
  <rows>3</rows>
  <cols>4</cols>
  <dt>d</dt>
  <data>
    1.1452143262137122e+03 0. 9.6307914129281778e+02 0. 0.
    1.1452668541676035e+03 5.9177871718051813e+02 0. 0. 0. 1. 0.</data></camIntriMatrix>
<avg_reprojection_error>2.1517753691991673e-01</avg_reprojection_error>
</opencv_storage>
