<?xml version="1.0"?>
<opencv_storage>
<camera_name>FL</camera_name>
<calibration_time>"2022-10-12 06:55:13"</calibration_time>
<undistort>1</undistort>
<rotationMatrix type_id="opencv-matrix">
  <rows>3</rows>
  <cols>3</cols>
  <dt>d</dt>
  <data>
    -6.8838774264272728e-01 7.2424450243873495e-01
    3.9902587215861707e-02 -2.9805825828930599e-02
    2.6721140565776458e-02 -9.9919847547597818e-01
    -7.2473024535057562e-01 -6.8902531254964261e-01
    3.1921998623350989e-03</data></rotationMatrix>
<offsetMatrix type_id="opencv-matrix">
  <rows>3</rows>
  <cols>1</cols>
  <dt>d</dt>
  <data>
    2.7811817606835375e+03 1.3634296429569458e+03
    -4.4583434435816307e+03</data></offsetMatrix>
<deltaXY>
  0. 0.</deltaXY>
<headLocation>
  0. 0.</headLocation>
<pointA>
  0. 0.</pointA>
<pointB>
  0. 0.</pointB>
<pointV>
  0. 0.</pointV>
<cameraLocation>
  -1.2759267578125000e+03 -5.1225996093750000e+03 1.2655924072265625e+03</cameraLocation>
<extrinsicMatrix type_id="opencv-matrix">
  <rows>4</rows>
  <cols>4</cols>
  <dt>d</dt>
  <data>
    -6.8838774264272728e-01 7.2424450243873495e-01
    3.9902587215861707e-02 2.7811817606835375e+03
    -2.9805825828930599e-02 2.6721140565776458e-02
    -9.9919847547597818e-01 1.3634296429569458e+03
    -7.2473024535057562e-01 -6.8902531254964261e-01
    3.1921998623350989e-03 -4.4583434435816307e+03 0. 0. 0. 1.</data></extrinsicMatrix>
 <!-- resumed -->

<bsd_deltaXY>
  -3145. -8590.</bsd_deltaXY>
<yaw>4.6446410958630665e+01</yaw>
<pitch>-8.9734555077184055e+01</pitch>
<roll>-1.7752075474952503e+02</roll>
<avg_reprojection_error>4.0286071777343750e+01</avg_reprojection_error>
</opencv_storage>
