<?xml version="1.0"?>
<opencv_storage>
<camera_name>FC120</camera_name>
<camera_model>FISHEYE</camera_model>
<calibration_time>"2022-12-25 17:22:16"</calibration_time>
<camIntrinsicMat type_id="opencv-matrix">
  <rows>3</rows>
  <cols>3</cols>
  <dt>d</dt>
  <data>
    966.0957463710414 0. 962.52082743146343 0.
   966.96416211083681 592.61604562694981 0. 0. 1.</data></camIntrinsicMat>
<distortion_coefficients type_id="opencv-matrix">
  <rows>4</rows>
  <cols>1</cols>
  <dt>d</dt>
  <data>
   -0.020818532913037049 -0.033925090413019027
   0.016396090012040329 -0.0037371074783050526</data></distortion_coefficients>
<camIntriMatrix type_id="opencv-matrix">
  <rows>3</rows>
  <cols>4</cols>
  <dt>d</dt>
  <data>
    966.0957463710414 0. 962.52082743146343 0. 0.
    966.96416211083681 592.61604562694981 0. 0. 0. 1. 0.</data></camIntriMatrix>
<avg_reprojection_error>1.7707556883582912e-01</avg_reprojection_error>
</opencv_storage>
