<?xml version="1.0"?>
<opencv_storage>
<camera_name>FL</camera_name>
<camera_model>FISHEYE</camera_model>
<calibration_time>"2022-06-24 16:05:45"</calibration_time>
<camIntrinsicMat type_id="opencv-matrix">
  <rows>3</rows>
  <cols>3</cols>
  <dt>d</dt>
  <data>
    1.1493223735669926e+03 0. 9.6282332200834651e+02 0.
    1.1506327804219402e+03 5.9519775203944243e+02 0. 0. 1.</data></camIntrinsicMat>
<distortion_coefficients type_id="opencv-matrix">
  <rows>4</rows>
  <cols>1</cols>
  <dt>d</dt>
  <data>
    -4.1391835001863192e-02 1.8609611010698658e-03
    -1.2532106281007746e-02 4.0545904596061711e-03</data></distortion_coefficients>
<camIntriMatrix type_id="opencv-matrix">
  <rows>3</rows>
  <cols>4</cols>
  <dt>d</dt>
  <data>
    1.1493223735669926e+03 0. 9.6282332200834651e+02 0. 0.
    1.1506327804219402e+03 5.9519775203944243e+02 0. 0. 0. 1. 0.</data></camIntriMatrix>
<avg_reprojection_error>2.4842670937091690e-01</avg_reprojection_error>
</opencv_storage>
