<?xml version="1.0"?>
<opencv_storage>
<camera_name>FL</camera_name>
<calibration_time>"2022-06-24 17:10:08"</calibration_time>
<undistort>1</undistort>
<rotationMatrix type_id="opencv-matrix">
  <rows>3</rows>
  <cols>3</cols>
  <dt>d</dt>
  <data>
    -7.0870726017248442e-01 7.0505963358203938e-01
    2.4998649402939055e-02 -1.3613726127741754e-02
    2.1760239412442872e-02 -9.9967052494390973e-01
    -7.0537131061571356e-01 -7.0881408357472253e-01
    -5.8231508993779046e-03</data></rotationMatrix>
<offsetMatrix type_id="opencv-matrix">
  <rows>3</rows>
  <cols>1</cols>
  <dt>d</dt>
  <data>
    2.6568133718061204e+03 1.3583841989362081e+03
    -4.5525860104524045e+03</data></offsetMatrix>
<deltaXY>
  0. 0.</deltaXY>
<headLocation>
  0. 0.</headLocation>
<pointA>
  0. 0.</pointA>
<pointB>
  0. 0.</pointB>
<pointV>
  0. 0.</pointV>
<cameraLocation>
  -1.3098679199218750e+03 -5.1297075195312500e+03 1.2650095214843750e+03</cameraLocation>
<extrinsicMatrix type_id="opencv-matrix">
  <rows>4</rows>
  <cols>4</cols>
  <dt>d</dt>
  <data>
    -7.0870726017248442e-01 7.0505963358203938e-01
    2.4998649402939055e-02 2.6568133718061204e+03
    -1.3613726127741754e-02 2.1760239412442872e-02
    -9.9967052494390973e-01 1.3583841989362081e+03
    -7.0537131061571356e-01 -7.0881408357472253e-01
    -5.8231508993779046e-03 -4.5525860104524045e+03 0. 0. 0. 1.</data></extrinsicMatrix>
 <!-- resumed -->

<bsd_deltaXY>
  -3130. -8730.</bsd_deltaXY>
<yaw>4.4859550159470004e+01</yaw>
<pitch>-9.0470693898439777e+01</pitch>
<roll>-1.7889952710256046e+02</roll>
<avg_reprojection_error>4.3252044916152954e-01</avg_reprojection_error>
</opencv_storage>
