<?xml version="1.0"?>
<opencv_storage>
<camera_name>FR</camera_name>
<camera_model>FISHEYE</camera_model>
<calibration_time>"2022-01-10 22:30:07"</calibration_time>
<camIntrinsicMat type_id="opencv-matrix">
  <rows>3</rows>
  <cols>3</cols>
  <dt>d</dt>
  <data>
    1.1510455005458944e+03 0. 9.6040515954719729e+02 0.
    1.1507206503025157e+03 6.1068042193812994e+02 0. 0. 1.</data></camIntrinsicMat>
<distortion_coefficients type_id="opencv-matrix">
  <rows>4</rows>
  <cols>1</cols>
  <dt>d</dt>
  <data>
    -3.2340107651388693e-02 -2.7052447930226105e-02
    4.7062455566001277e-02 -4.1828565250659117e-02</data></distortion_coefficients>
<camIntriMatrix type_id="opencv-matrix">
  <rows>3</rows>
  <cols>4</cols>
  <dt>d</dt>
  <data>
    1.1510455005458944e+03 0. 9.6040515954719729e+02 0. 0.
    1.1507206503025157e+03 6.1068042193812994e+02 0. 0. 0. 1. 0.</data></camIntriMatrix>
<avg_reprojection_error>3.0351288070313914e-01</avg_reprojection_error>
</opencv_storage>
