<?xml version="1.0"?>
<opencv_storage>
<camera_name>FR</camera_name>
<calibration_time>"2022-01-10 22:32:53"</calibration_time>
<undistort>1</undistort>
<rotationMatrix type_id="opencv-matrix">
  <rows>3</rows>
  <cols>3</cols>
  <dt>d</dt>
  <data>
    -7.0869817066164109e-01 -7.0531935347142616e-01
    -1.6477636951124364e-02 2.5836418039786146e-02
    -2.6061126987891869e-03 -9.9966278698342814e-01
    7.0503856802569098e-01 -7.0888491153025035e-01
    2.0069872970009617e-02</data></rotationMatrix>
<offsetMatrix type_id="opencv-matrix">
  <rows>3</rows>
  <cols>1</cols>
  <dt>d</dt>
  <data>
    -2.7100357342530842e+03 1.2374051716887661e+03
    -4.4385410472389312e+03</data></offsetMatrix>
<deltaXY>
  0. 0.</deltaXY>
<headLocation>
  0. 0.</headLocation>
<pointA>
  0. 0.</pointA>
<pointB>
  0. 0.</pointB>
<pointV>
  0. 0.</pointV>
<cameraLocation>
  1.1767751464843750e+03 -5.0546303710937500e+03 1.2814138183593750e+03</cameraLocation>
<extrinsicMatrix type_id="opencv-matrix">
  <rows>4</rows>
  <cols>4</cols>
  <dt>d</dt>
  <data>
    -7.0869817066164109e-01 -7.0531935347142616e-01
    -1.6477636951124364e-02 -2.7100357342530842e+03
    2.5836418039786146e-02 -2.6061126987891869e-03
    -9.9966278698342814e-01 1.2374051716887661e+03
    7.0503856802569098e-01 -7.0888491153025035e-01
    2.0069872970009617e-02 -4.4385410472389312e+03 0. 0. 0. 1.</data></extrinsicMatrix>
 <!-- resumed -->

<bsd_deltaXY>
  2260. -9145.</bsd_deltaXY>
<yaw>-4.4832659666300266e+01</yaw>
<pitch>-8.8378281296070213e+01</pitch>
<roll>1.7791214019068244e+02</roll>
<avg_reprojection_error>6.1755663156509399e-01</avg_reprojection_error>
</opencv_storage>
