<?xml version="1.0"?>
<opencv_storage>
<camera_name>RR</camera_name>
<camera_model>FISHEYE</camera_model>
<calibration_time>"2022-10-21 10:33:40"</calibration_time>
<camIntrinsicMat type_id="opencv-matrix">
  <rows>3</rows>
  <cols>3</cols>
  <dt>d</dt>
  <data>
    1.1536473433533276e+03 0. 9.6482724773905818e+02 0.
    1.1518012137835788e+03 5.9306215575203532e+02 0. 0. 1.</data></camIntrinsicMat>
<distortion_coefficients type_id="opencv-matrix">
  <rows>4</rows>
  <cols>1</cols>
  <dt>d</dt>
  <data>
    -4.0367118797463283e-02 9.8174091676487205e-03
    -3.8730617176754037e-02 2.4373901003540963e-02</data></distortion_coefficients>
<camIntriMatrix type_id="opencv-matrix">
  <rows>3</rows>
  <cols>4</cols>
  <dt>d</dt>
  <data>
    1.1536473433533276e+03 0. 9.6482724773905818e+02 0. 0.
    1.1518012137835788e+03 5.9306215575203532e+02 0. 0. 0. 1. 0.</data></camIntriMatrix>
<avg_reprojection_error>1.8299500767322247e-01</avg_reprojection_error>
</opencv_storage>
