<?xml version="1.0"?>
<opencv_storage>
<camera_name>RR</camera_name>
<calibration_time>"2022-10-21 11:08:51"</calibration_time>
<undistort>1</undistort>
<rotationMatrix type_id="opencv-matrix">
  <rows>3</rows>
  <cols>3</cols>
  <dt>d</dt>
  <data>
    6.9888380929472027e-01 -7.1400700097034142e-01
    4.1897776445060930e-02 4.0853269032465223e-02
    -1.8632633049963987e-02 -9.9899140906966089e-01
    7.1406752587907429e-01 6.9989058255627679e-01 1.6147474538555501e-02</data></rotationMatrix>
<offsetMatrix type_id="opencv-matrix">
  <rows>3</rows>
  <cols>1</cols>
  <dt>d</dt>
  <data>
    -7.7108653669005471e+03 1.0331426706549853e+03
    5.6875242837118885e+03</data></offsetMatrix>
<deltaXY>
  0. 0.</deltaXY>
<headLocation>
  0. 0.</headLocation>
<pointA>
  0. 0.</pointA>
<pointB>
  0. 0.</pointB>
<pointV>
  0. 0.</pointV>
<cameraLocation>
  1.2855152587890625e+03 -9.4670068359375000e+03 1.2633295898437500e+03</cameraLocation>
<extrinsicMatrix type_id="opencv-matrix">
  <rows>4</rows>
  <cols>4</cols>
  <dt>d</dt>
  <data>
    6.9888380929472027e-01 -7.1400700097034142e-01
    4.1897776445060930e-02 -7.7108653669005471e+03
    4.0853269032465223e-02 -1.8632633049963987e-02
    -9.9899140906966089e-01 1.0331426706549853e+03
    7.1406752587907429e-01 6.9989058255627679e-01 1.6147474538555501e-02
    5.6875242837118885e+03 0. 0. 0. 1.</data></extrinsicMatrix>
 <!-- resumed -->

<bsd_deltaXY>
  2310. -6655.</bsd_deltaXY>
<yaw>-4.5566832048096920e+01</yaw>
<pitch>8.8678339070394443e+01</pitch>
<roll>3.3454191448091621e+00</roll>
<avg_reprojection_error>3.9905908703804016e-01</avg_reprojection_error>
</opencv_storage>
