<?xml version="1.0"?>
<opencv_storage>
<camera_name>RR</camera_name>
<camera_model>FISHEYE</camera_model>
<calibration_time>"2022-12-09 15:01:50"</calibration_time>
<camIntrinsicMat type_id="opencv-matrix">
  <rows>3</rows>
  <cols>3</cols>
  <dt>d</dt>
  <data>
    1.1529258734535840e+03 0. 9.5770725210742012e+02 0.
    1.1500636748010027e+03 5.9334244766822121e+02 0. 0. 1.</data></camIntrinsicMat>
<distortion_coefficients type_id="opencv-matrix">
  <rows>4</rows>
  <cols>1</cols>
  <dt>d</dt>
  <data>
    -3.7180001549586977e-02 2.2381506741020899e-04
    -3.1219218945443300e-02 2.6338966744874633e-02</data></distortion_coefficients>
<camIntriMatrix type_id="opencv-matrix">
  <rows>3</rows>
  <cols>4</cols>
  <dt>d</dt>
  <data>
    1.1529258734535840e+03 0. 9.5770725210742012e+02 0. 0.
    1.1500636748010027e+03 5.9334244766822121e+02 0. 0. 0. 1. 0.</data></camIntriMatrix>
<avg_reprojection_error>2.8201623516182583e-01</avg_reprojection_error>
</opencv_storage>
