<?xml version="1.0"?>
<opencv_storage>
<camera_name>RR</camera_name>
<camera_model>FISHEYE</camera_model>
<calibration_time>"2023-01-7 22:46:28"</calibration_time>
<camIntrinsicMat type_id="opencv-matrix">
  <rows>3</rows>
  <cols>3</cols>
  <dt>d</dt>
  <data>
    1125.4483515098038 0. 962.6547490485043 0.
    1122.4803364050711 596.04532325967523 0. 0. 1.</data></camIntrinsicMat>
<distortion_coefficients type_id="opencv-matrix">
  <rows>4</rows>
  <cols>1</cols>
  <dt>d</dt>
  <data>
    -0.017103022490152955 -0.038449661395783485
    0.033917121909217571 -0.022265684741954842</data></distortion_coefficients>
<camIntriMatrix type_id="opencv-matrix">
  <rows>3</rows>
  <cols>4</cols>
  <dt>d</dt>
  <data>
    1125.4483515098038 0. 962.6547490485043 0. 0.
    1122.4803364050711 596.04532325967523 0. 0. 0. 1. 0.</data></camIntriMatrix>
<avg_reprojection_error>2.6457125923997610e-01</avg_reprojection_error>
</opencv_storage>
