<?xml version="1.0"?>
<opencv_storage>
<camera_name>RR</camera_name>
<calibration_time>"2023-01-07 11:56:39"</calibration_time>
<undistort>1</undistort>
<rotationMatrix type_id="opencv-matrix">
  <rows>3</rows>
  <cols>3</cols>
  <dt>d</dt>
  <data>
    6.8385153195791060e-01 -7.2909774872597144e-01
    2.7632499733803051e-02 2.8081811934062562e-02
    -1.1542993354342168e-02 -9.9953897930141844e-01
    7.2908058133331077e-01 6.8431223290771404e-01 1.2580692172524249e-02</data></rotationMatrix>
<offsetMatrix type_id="opencv-matrix">
  <rows>3</rows>
  <cols>1</cols>
  <dt>d</dt>
  <data>
    -7.8915146557711196e+03 1.0919250190122998e+03
    5.5309100678381155e+03</data></offsetMatrix>
<deltaXY>
  0. 0.</deltaXY>
<headLocation>
  0. 0.</headLocation>
<pointA>
  0. 0.</pointA>
<pointB>
  0. 0.</pointB>
<pointV>
  0. 0.</pointV>
<cameraLocation>
  1.3334820556640625e+03 -9.5259511718750000e+03 1.2399012451171875e+03</cameraLocation>
<extrinsicMatrix type_id="opencv-matrix">
  <rows>4</rows>
  <cols>4</cols>
  <dt>d</dt>
  <data>
    6.8385153195791060e-01 -7.2909774872597144e-01
    2.7632499733803051e-02 -7.8915146557711196e+03
    2.8081811934062562e-02 -1.1542993354342168e-02
    -9.9953897930141844e-01 1.0919250190122998e+03
    7.2908058133331077e-01 6.8431223290771404e-01 1.2580692172524249e-02
    5.5309100678381155e+03 0. 0. 0. 1.</data></extrinsicMatrix>
 <!-- resumed -->

<bsd_deltaXY>
  2320. -6760.</bsd_deltaXY>
<yaw>-4.6809371650941458e+01</yaw>
<pitch>8.8946768248133282e+01</pitch>
<roll>2.3514838516501593e+00</roll>
<avg_reprojection_error>7.2427284717559814e-01</avg_reprojection_error>
</opencv_storage>
