<?xml version="1.0"?>
<opencv_storage>
<camera_name>FC60</camera_name>
<camera_model>PINHOLE</camera_model>
<calibration_time>"2022-08-06 14:36:09"</calibration_time>
<camIntrinsicMat type_id="opencv-matrix">
  <rows>3</rows>
  <cols>3</cols>
  <dt>d</dt>
  <data>
    1.9455185793415960e+03 0. 9.3861812175587079e+02 0.
    1.9447581637400356e+03 6.5089722758164999e+02 0. 0. 1.</data></camIntrinsicMat>
<distortion_coefficients type_id="opencv-matrix">
  <rows>1</rows>
  <cols>5</cols>
  <dt>d</dt>
  <data>
    -4.8640743585731416e-01 2.1927244576366972e-01
    -7.2478861294554440e-03 7.2877025283970534e-04
    -4.2394168214078057e-02</data></distortion_coefficients>
<camIntriMatrix type_id="opencv-matrix">
  <rows>3</rows>
  <cols>4</cols>
  <dt>d</dt>
  <data>
    1.9455185793415960e+03 0. 9.3861812175587079e+02 0. 0.
    1.9447581637400356e+03 6.5089722758164999e+02 0. 0. 0. 1. 0.</data></camIntriMatrix>
<avg_reprojection_error>2.6804932089031736e-01</avg_reprojection_error>
</opencv_storage>
