<?xml version="1.0"?>
<opencv_storage>
<camera_name>FC60</camera_name>
<calibration_time>"2022-08-06 14:14:20"</calibration_time>
<undistort>1</undistort>
<rotationMatrix type_id="opencv-matrix">
  <rows>3</rows>
  <cols>3</cols>
  <dt>d</dt>
  <data>
    9.9993200658497339e-01 -1.1363036230944536e-02
    2.6198501031197649e-03 2.6166686623603570e-03
    -2.9483969282642310e-04 -9.9999653305132363e-01
    1.1363769271680769e-02 9.9993539515169161e-01
    -2.6508634485404462e-04</data></rotationMatrix>
<offsetMatrix type_id="opencv-matrix">
  <rows>3</rows>
  <cols>1</cols>
  <dt>d</dt>
  <data>
    -2.0519093707610818e+03 1.4523791424776152e+03
    5.2678492473021788e+03</data></offsetMatrix>
<deltaXY>
  1850. -5235.</deltaXY>
<headLocation>
  1850. -5235.</headLocation>
<pointA>
  2.1235064529588942e+02 1.1434675103985612e+03</pointA>
<pointB>
  1.5476084791031003e+03 1.1427809708133323e+03</pointB>
<pointV>
  9.4563330078125000e+02 6.0825762939453125e+02</pointV>
<cameraLocation>
  1.9881068115234375e+03 -5.2903964843750000e+03 1.4591462402343750e+03</cameraLocation>
<extrinsicMatrix type_id="opencv-matrix">
  <rows>4</rows>
  <cols>4</cols>
  <dt>d</dt>
  <data>
    9.9993200658497339e-01 -1.1363036230944536e-02
    2.6198501031197649e-03 -2.0519093707610818e+03
    2.6166686623603570e-03 -2.9483969282642310e-04
    -9.9999653305132363e-01 1.4523791424776152e+03
    1.1363769271680769e-02 9.9993539515169161e-01
    -2.6508634485404462e-04 5.2678492473021788e+03 0. 0. 0. 1.</data></extrinsicMatrix>
 <!-- resumed -->

<yaw_z>6.5106803911589595e-01</yaw_z>
<pitch_x>9.0016893562295607e+01</pitch_x>
<roll_z>0.</roll_z>
</opencv_storage>
