<?xml version="1.0"?>
<opencv_storage>
<camera_name>RC</camera_name>
<calibration_time>"2022-12-20 10:38:51"</calibration_time>
<undistort>1</undistort>
<rotationMatrix type_id="opencv-matrix">
  <rows>3</rows>
  <cols>3</cols>
  <dt>d</dt>
  <data>
    9.9966383713984985e-01 -1.5450874286717617e-02
    2.0820259330946826e-02 2.0813514751003678e-02
    -5.9720991298053830e-04 -9.9978319697023799e-01
    1.5459958555623050e-02 9.9988044976591872e-01
    -2.7542215330558025e-04</data></rotationMatrix>
<offsetMatrix type_id="opencv-matrix">
  <rows>3</rows>
  <cols>1</cols>
  <dt>d</dt>
  <data>
    -1.9670224129851943e+03 1.3968998603223968e+03
    5.2448588849825692e+03</data></offsetMatrix>
<deltaXY>
  1830. -5200.</deltaXY>
<headLocation>
  1830. -5200.</headLocation>
<pointA>
  2.5122525060329815e+02 1.1209384001186818e+03</pointA>
<pointB>
  1.5907425937648873e+03 1.1431981418976432e+03</pointB>
<pointV>
  9.4889868164062500e+02 6.0263928222656250e+02</pointV>
<cameraLocation>
  1.8562014160156250e+03 -5.2737900390625000e+03 1.4389954833984375e+03</cameraLocation>
<extrinsicMatrix type_id="opencv-matrix">
  <rows>4</rows>
  <cols>4</cols>
  <dt>d</dt>
  <data>
    9.9966383713984985e-01 -1.5450874286717617e-02
    2.0820259330946826e-02 -1.9670224129851943e+03
    2.0813514751003678e-02 -5.9720991298053830e-04
    -9.9978319697023799e-01 1.3968998603223968e+03
    1.5459958555623050e-02 9.9988044976591872e-01
    -2.7542215330558025e-04 5.2448588849825692e+03 0. 0. 0. 1.</data></extrinsicMatrix>
 <!-- resumed -->

<yaw_z>8.8530526791581066e-01</yaw_z>
<pitch_x>9.0034214922030756e+01</pitch_x>
<roll_z>0.</roll_z>
</opencv_storage>
