<?xml version="1.0"?>
<opencv_storage>
<camera_name>RL</camera_name>
<camera_model>FISHEYE</camera_model>
<calibration_time>"2022-01-10 22:43:19"</calibration_time>
<camIntrinsicMat type_id="opencv-matrix">
  <rows>3</rows>
  <cols>3</cols>
  <dt>d</dt>
  <data>
    1.1527734685329576e+03 0. 9.6117450058421036e+02 0.
    1.1529976050277683e+03 6.0619527307295198e+02 0. 0. 1.</data></camIntrinsicMat>
<distortion_coefficients type_id="opencv-matrix">
  <rows>4</rows>
  <cols>1</cols>
  <dt>d</dt>
  <data>
    -3.4246270881075992e-02 -1.6726528208158040e-02
    1.2912000134856477e-02 -8.0268480207954032e-03</data></distortion_coefficients>
<camIntriMatrix type_id="opencv-matrix">
  <rows>3</rows>
  <cols>4</cols>
  <dt>d</dt>
  <data>
    1.1527734685329576e+03 0. 9.6117450058421036e+02 0. 0.
    1.1529976050277683e+03 6.0619527307295198e+02 0. 0. 0. 1. 0.</data></camIntriMatrix>
<avg_reprojection_error>2.5577851203661700e-01</avg_reprojection_error>
</opencv_storage>
