<?xml version="1.0"?>
<opencv_storage>
<camera_name>FC120</camera_name>
<camera_model>FISHEYE</camera_model>
<calibration_time>"2022-12-25 18:22:16"</calibration_time>
<camIntrinsicMat type_id="opencv-matrix">
  <rows>3</rows>
  <cols>3</cols>
  <dt>d</dt>
  <data>
    976.50462592578469 0. 971.17311026876007 0.
   976.75162456014073 601.64619107971794 0. 0. 1.</data></camIntrinsicMat>
<distortion_coefficients type_id="opencv-matrix">
  <rows>4</rows>
  <cols>1</cols>
  <dt>d</dt>
  <data>
   -0.037007204380336785 -0.0035953010995327262
   -0.010361020224410695 0.0033847130842890876</data></distortion_coefficients>
<camIntriMatrix type_id="opencv-matrix">
  <rows>3</rows>
  <cols>4</cols>
  <dt>d</dt>
  <data>
    976.50462592578469 0. 971.17311026876007 0. 0.
    976.75162456014073 601.64619107971794 0. 0. 0. 1. 0.</data></camIntriMatrix>
<avg_reprojection_error>1.7707556883582912e-01</avg_reprojection_error>
</opencv_storage>
