<?xml version="1.0"?>
<opencv_storage>
<camera_name>FC120</camera_name>
<calibration_time>"2022-12-25 18:25:06"</calibration_time>
<undistort>1</undistort>
<rotationMatrix type_id="opencv-matrix">
  <rows>3</rows>
  <cols>3</cols>
  <dt>d</dt>
  <data>
    9.9985982000872287e-01 -1.0484727884223149e-02
    -1.3054149275917427e-02 -1.3195320770340749e-02
    -1.3510106901964381e-02 -9.9982166435883224e-01
    1.0306495131321600e-02 9.9985376305372342e-01
    -1.3646562402918772e-02</data></rotationMatrix>
<offsetMatrix type_id="opencv-matrix">
  <rows>3</rows>
  <cols>1</cols>
  <dt>d</dt>
  <data>
    -1.7912126403360496e+03 1.4273025622757227e+03
    3.3348520679336611e+03</data></offsetMatrix>
<deltaXY>
  1815. -3250.</deltaXY>
<headLocation>
  1815. -3250.</headLocation>
<pointA>
  4.4667385402778245e+02 1.0196917499357926e+03</pointA>
<pointB>
  1.5034823012631750e+03 1.0011802721930910e+03</pointB>
<pointV>
  9.6093322753906250e+02 5.8844824218750000e+02</pointV>
<cameraLocation>
  1.7754246826171875e+03 -3.3338618164062500e+03 1.4491745605468750e+03</cameraLocation>
<extrinsicMatrix type_id="opencv-matrix">
  <rows>4</rows>
  <cols>4</cols>
  <dt>d</dt>
  <data>
    9.9985982000872287e-01 -1.0484727884223149e-02
    -1.3054149275917427e-02 -1.7912126403360496e+03
    -1.3195320770340749e-02 -1.3510106901964381e-02
    -9.9982166435883224e-01 1.4273025622757227e+03
    1.0306495131321600e-02 9.9985376305372342e-01
    -1.3646562402918772e-02 3.3348520679336611e+03 0. 0. 0. 1.</data></extrinsicMatrix>
 <!-- resumed -->

<yaw_z>6.0079651280327984e-01</yaw_z>
<pitch_x>9.0774095163872389e+01</pitch_x>
<roll_z>0.</roll_z>
</opencv_storage>
