<?xml version="1.0"?>
<opencv_storage>
<camera_name>FC120</camera_name>
<camera_model>FISHEYE</camera_model>
<calibration_time>"2022-03-11 12:48:42"</calibration_time>
<camIntrinsicMat type_id="opencv-matrix">
  <rows>3</rows>
  <cols>3</cols>
  <dt>d</dt>
  <data>
    1.9662494622259453e+03 0. 1.9205012013678579e+03 0.
    1.9668344770044625e+03 1.0248792470993430e+03 0. 0. 1.</data></camIntrinsicMat>
<distortion_coefficients type_id="opencv-matrix">
  <rows>4</rows>
  <cols>1</cols>
  <dt>d</dt>
  <data>
    -5.7217813840384678e-02 6.2819988788615864e-03
    -4.0667434467315687e-04 -2.1753822999646178e-03</data></distortion_coefficients>
<camIntriMatrix type_id="opencv-matrix">
  <rows>3</rows>
  <cols>4</cols>
  <dt>d</dt>
  <data>
    1.9662494622259453e+03 0. 1.9205012013678579e+03 0. 0.
    1.9668344770044625e+03 1.0248792470993430e+03 0. 0. 0. 1. 0.</data></camIntriMatrix>
<avg_reprojection_error>3.8724474497886308e-01</avg_reprojection_error>
</opencv_storage>
