<?xml version="1.0"?>
<opencv_storage>
<camera_name>FC120</camera_name>
<calibration_time>"2022-03-11 12:57:20"</calibration_time>
<undistort>1</undistort>
<rotationMatrix type_id="opencv-matrix">
  <rows>3</rows>
  <cols>3</cols>
  <dt>d</dt>
  <data>
    9.9994542785446794e-01 2.9845777145914208e-04 1.0442807855355124e-02
    1.0446443690813824e-02 -1.7602681647644683e-02
    -9.9979048675861404e-01 -1.1457381841868748e-04
    9.9984501625090394e-01 -1.7604838853843684e-02</data></rotationMatrix>
<offsetMatrix type_id="opencv-matrix">
  <rows>3</rows>
  <cols>1</cols>
  <dt>d</dt>
  <data>
    -1.5774254735042837e+03 2.2545931757964454e+03
    3.7137197348270784e+03</data></offsetMatrix>
<deltaXY>
  1505. -3395.</deltaXY>
<headLocation>
  1505. -3395.</headLocation>
<pointA>
  1.0853245562665750e+03 2.2189412405744406e+03</pointA>
<pointB>
  2.9331325603797191e+03 2.2383805802055467e+03</pointB>
<pointV>
  1.9210881347656250e+03 9.9025231933593750e+02</pointV>
<cameraLocation>
  1.5542124023437500e+03 -3.6729865722656250e+03 2.3359729003906250e+03</cameraLocation>
<extrinsicMatrix type_id="opencv-matrix">
  <rows>4</rows>
  <cols>4</cols>
  <dt>d</dt>
  <data>
    9.9994542785446794e-01 2.9845777145914208e-04 1.0442807855355124e-02
    -1.5774254735042837e+03 1.0446443690813824e-02
    -1.7602681647644683e-02 -9.9979048675861404e-01
    2.2545931757964454e+03 -1.1457381841868748e-04
    9.9984501625090394e-01 -1.7604838853843684e-02
    3.7137197348270784e+03 0. 0. 0. 1.</data></extrinsicMatrix>
 <!-- resumed -->

<yaw_z>6.5645962093642133e-03</yaw_z>
<pitch_x>9.1008735082800527e+01</pitch_x>
<roll_z>5.9854802508002469e-01</roll_z>
</opencv_storage>
