<?xml version="1.0"?>
<opencv_storage>
<camera_name>RR</camera_name>
<calibration_time>"2023-02-12 11:14:34"</calibration_time>
<undistort>1</undistort>
<rotationMatrix type_id="opencv-matrix">
  <rows>3</rows>
  <cols>3</cols>
  <dt>d</dt>
  <data>
    6.9659801495923535e-01 -7.1595404007989660e-01
    4.6486751318275066e-02 6.6454009036889694e-02
    -1.2886397380576509e-04 -9.9778948084102459e-01
    7.1437740042485831e-01 6.9814740269326370e-01 4.7488249861114301e-02</data></rotationMatrix>
<offsetMatrix type_id="opencv-matrix">
  <rows>3</rows>
  <cols>1</cols>
  <dt>d</dt>
  <data>
    -7.9092814144766899e+03 1.1562029179659726e+03
    5.7652848727565370e+03</data></offsetMatrix>
<deltaXY>
  0. 0.</deltaXY>
<headLocation>
  0. 0.</headLocation>
<pointA>
  0. 0.</pointA>
<pointB>
  0. 0.</pointB>
<pointV>
  0. 0.</pointV>
<cameraLocation>
  1.3141661376953125e+03 -9.6875517578125000e+03 1.2475406494140625e+03</cameraLocation>
<extrinsicMatrix type_id="opencv-matrix">
  <rows>4</rows>
  <cols>4</cols>
  <dt>d</dt>
  <data>
    6.9659801495923535e-01 -7.1595404007989660e-01
    4.6486751318275066e-02 -7.9092814144766899e+03
    6.6454009036889694e-02 -1.2886397380576509e-04
    -9.9778948084102459e-01 1.1562029179659726e+03
    7.1437740042485831e-01 6.9814740269326370e-01 4.7488249861114301e-02
    5.7652848727565370e+03 0. 0. 0. 1.</data></extrinsicMatrix>
 <!-- resumed -->

<bsd_deltaXY>
  2050. -6950.</bsd_deltaXY>
<yaw>-4.5592198381886334e+01</yaw>
<pitch>8.6108713428365505e+01</pitch>
<roll>5.4494074634491749e+00</roll>
<avg_reprojection_error>8.3898067474365234e-01</avg_reprojection_error>
</opencv_storage>
