<?xml version="1.0"?>
<opencv_storage>
<camera_name>RR</camera_name>
<camera_model>FISHEYE</camera_model>
<calibration_time>"2022-07-04 10:17:57"</calibration_time>
<camIntrinsicMat type_id="opencv-matrix">
  <rows>3</rows>
  <cols>3</cols>
  <dt>d</dt>
  <data>
    1.1469472525342715e+03 0. 9.7322925201081762e+02 0.
    1.1432342541553601e+03 5.8466490566790117e+02 0. 0. 1.</data></camIntrinsicMat>
<distortion_coefficients type_id="opencv-matrix">
  <rows>4</rows>
  <cols>1</cols>
  <dt>d</dt>
  <data>
    -6.5447299647033136e-02 1.3941965535467565e-01
    -3.1405991007376566e-01 2.2275523984030715e-01</data></distortion_coefficients>
<camIntriMatrix type_id="opencv-matrix">
  <rows>3</rows>
  <cols>4</cols>
  <dt>d</dt>
  <data>
    1.1469472525342715e+03 0. 9.7322925201081762e+02 0. 0.
    1.1432342541553601e+03 5.8466490566790117e+02 0. 0. 0. 1. 0.</data></camIntriMatrix>
<avg_reprojection_error>3.7179543380191282e-01</avg_reprojection_error>
</opencv_storage>
