<?xml version="1.0"?>
<opencv_storage>
<camera_name>RR</camera_name>
<camera_model>FISHEYE</camera_model>
<calibration_time>"2022-10-12 07:56:09"</calibration_time>
<camIntrinsicMat type_id="opencv-matrix">
  <rows>3</rows>
  <cols>3</cols>
  <dt>d</dt>
  <data>
    1.1507477287020522e+03 0. 9.6996300619709780e+02 0.
    1.1492125689875977e+03 5.9733653302179607e+02 0. 0. 1.</data></camIntrinsicMat>
<distortion_coefficients type_id="opencv-matrix">
  <rows>4</rows>
  <cols>1</cols>
  <dt>d</dt>
  <data>
    -3.0379861981621986e-02 -4.0160414957718861e-02
    5.8928984193526185e-02 -4.1567451409424840e-02</data></distortion_coefficients>
<camIntriMatrix type_id="opencv-matrix">
  <rows>3</rows>
  <cols>4</cols>
  <dt>d</dt>
  <data>
    1.1507477287020522e+03 0. 9.6996300619709780e+02 0. 0.
    1.1492125689875977e+03 5.9733653302179607e+02 0. 0. 0. 1. 0.</data></camIntriMatrix>
<avg_reprojection_error>1.5288361810258222e-01</avg_reprojection_error>
</opencv_storage>
