<?xml version="1.0"?>
<opencv_storage>
<camera_name>RR</camera_name>
<calibration_time>"2022-10-12 08:10:03"</calibration_time>
<undistort>1</undistort>
<rotationMatrix type_id="opencv-matrix">
  <rows>3</rows>
  <cols>3</cols>
  <dt>d</dt>
  <data>
    6.9785818798408106e-01 -7.1613180444431390e-01
    1.2214259163187635e-02 1.8794280632673799e-02 1.2618495159001653e-03
    -9.9982257563594723e-01 7.1598933265732034e-01
    6.9796392915331229e-01 1.4339774119384141e-02</data></rotationMatrix>
<offsetMatrix type_id="opencv-matrix">
  <rows>3</rows>
  <cols>1</cols>
  <dt>d</dt>
  <data>
    -7.6939492839909508e+03 1.2504755521076124e+03
    5.6667619484367515e+03</data></offsetMatrix>
<deltaXY>
  0. 0.</deltaXY>
<headLocation>
  0. 0.</headLocation>
<pointA>
  0. 0.</pointA>
<pointB>
  0. 0.</pointB>
<pointV>
  0. 0.</pointV>
<cameraLocation>
  1.2884426269531250e+03 -9.4666552734375000e+03 1.2629694824218750e+03</cameraLocation>
<extrinsicMatrix type_id="opencv-matrix">
  <rows>4</rows>
  <cols>4</cols>
  <dt>d</dt>
  <data>
    6.9785818798408106e-01 -7.1613180444431390e-01
    1.2214259163187635e-02 -7.6939492839909508e+03
    1.8794280632673799e-02 1.2618495159001653e-03
    -9.9982257563594723e-01 1.2504755521076124e+03
    7.1598933265732034e-01 6.9796392915331229e-01 1.4339774119384141e-02
    5.6667619484367515e+03 0. 0. 0. 1.</data></extrinsicMatrix>
 <!-- resumed -->

<bsd_deltaXY>
  2330. -6760.</bsd_deltaXY>
<yaw>-4.5724336677478313e+01</yaw>
<pitch>8.8823015158857316e+01</pitch>
<roll>1.5426812339046987e+00</roll>
<avg_reprojection_error>5.3796917200088501e-01</avg_reprojection_error>
</opencv_storage>
