<?xml version="1.0"?>
<opencv_storage>
<camera_name>FC60</camera_name>
<calibration_time>"2022-03-24 19:27:37"</calibration_time>
<undistort>1</undistort>
<rotationMatrix type_id="opencv-matrix">
  <rows>3</rows>
  <cols>3</cols>
  <dt>d</dt>
  <data>
    9.9989129312632086e-01 6.5202914252706374e-03 1.3224512463726402e-02
    1.3250528877519456e-02 -3.9631454307622526e-03
    -9.9990435390729282e-01 -6.4672571187278215e-03
    9.9997088921529309e-01 -4.0491119194329302e-03</data></rotationMatrix>
<offsetMatrix type_id="opencv-matrix">
  <rows>3</rows>
  <cols>1</cols>
  <dt>d</dt>
  <data>
    -1.8646613056226558e+03 1.3923474677864644e+03
    5.2575986240016882e+03</data></offsetMatrix>
<deltaXY>
  1820. -5160.</deltaXY>
<headLocation>
  1820. -5160.</headLocation>
<pointA>
  2.4305704060837127e+02 1.1193857734161156e+03</pointA>
<pointB>
  1.5900344123046370e+03 1.1396296111273400e+03</pointB>
<pointV>
  9.4721166992187500e+02 5.9431518554687500e+02</pointV>
<cameraLocation>
  1.8800114746093750e+03 -5.2397695312500000e+03 1.4381621093750000e+03</cameraLocation>
<extrinsicMatrix type_id="opencv-matrix">
  <rows>4</rows>
  <cols>4</cols>
  <dt>d</dt>
  <data>
    9.9989129312632086e-01 6.5202914252706374e-03 1.3224512463726402e-02
    -1.8646613056226558e+03 1.3250528877519456e-02
    -3.9631454307622526e-03 -9.9990435390729282e-01
    1.3923474677864644e+03 -6.4672571187278215e-03
    9.9997088921529309e-01 -4.0491119194329302e-03
    5.2575986240016882e+03 0. 0. 0. 1.</data></extrinsicMatrix>
 <!-- resumed -->

<yaw_z>-3.7359075031048167e-01</yaw_z>
<pitch_x>9.0227072143435237e+01</pitch_x>
<roll_z>0.</roll_z>
</opencv_storage>
