<?xml version="1.0"?>
<opencv_storage>
<camera_name>FC120</camera_name>
<camera_model>FISHEYE</camera_model>
<calibration_time>"2022-02-23 15:21:14"</calibration_time>
<camIntrinsicMat type_id="opencv-matrix">
  <rows>3</rows>
  <cols>3</cols>
  <dt>d</dt>
  <data>
    1.9526847685359241e+03 0. 1.8352940357415869e+03 0.
    1.9519567733238987e+03 1.0384468500958599e+03 0. 0. 1.</data></camIntrinsicMat>
<distortion_coefficients type_id="opencv-matrix">
  <rows>4</rows>
  <cols>1</cols>
  <dt>d</dt>
  <data>
    -5.1189957311284069e-02 -1.5403417195574316e-03
    2.7945562206958506e-03 -1.9068930880463562e-03</data></distortion_coefficients>
<camIntriMatrix type_id="opencv-matrix">
  <rows>3</rows>
  <cols>4</cols>
  <dt>d</dt>
  <data>
    1.9526847685359241e+03 0. 1.8352940357415869e+03 0. 0.
    1.9519567733238987e+03 1.0384468500958599e+03 0. 0. 0. 1. 0.</data></camIntriMatrix>
<avg_reprojection_error>3.7322718497815449e-01</avg_reprojection_error>
</opencv_storage>
