<?xml version="1.0"?>
<opencv_storage>
<camera_name>FC120</camera_name>
<calibration_time>"2022-03-12 14:37:22"</calibration_time>
<undistort>1</undistort>
<rotationMatrix type_id="opencv-matrix">
  <rows>3</rows>
  <cols>3</cols>
  <dt>d</dt>
  <data>
    9.9999841300489123e-01 1.6616099853637482e-03 6.4268184642817634e-04
    6.7621008320467417e-04 -2.0256970663143477e-02
    -9.9979457784060621e-01 -1.6482498665436540e-03
    9.9979342575944607e-01 -2.0258062112856568e-02</data></rotationMatrix>
<offsetMatrix type_id="opencv-matrix">
  <rows>3</rows>
  <cols>1</cols>
  <dt>d</dt>
  <data>
    -1.8554840516423699e+03 2.2133290254334111e+03
    5.1378561783266832e+03</data></offsetMatrix>
<deltaXY>
  1840. -4915.</deltaXY>
<headLocation>
  1840. -4915.</headLocation>
<pointA>
  1.1301019633773913e+03 1.8793272548479038e+03</pointA>
<pointB>
  2.4571995376620066e+03 1.8811673656073740e+03</pointB>
<pointV>
  1.8385393066406250e+03 9.9889794921875000e+02</pointV>
<cameraLocation>
  1.8624528808593750e+03 -5.0888764648437500e+03 2.3181499023437500e+03</cameraLocation>
<extrinsicMatrix type_id="opencv-matrix">
  <rows>4</rows>
  <cols>4</cols>
  <dt>d</dt>
  <data>
    9.9999841300489123e-01 1.6616099853637482e-03 6.4268184642817634e-04
    -1.8554840516423699e+03 6.7621008320467417e-04
    -2.0256970663143477e-02 -9.9979457784060621e-01
    2.2133290254334111e+03 -1.6482498665436540e-03
    9.9979342575944607e-01 -2.0258062112856568e-02
    5.1378561783266832e+03 0. 0. 0. 1.</data></extrinsicMatrix>
 <!-- resumed -->

<yaw_z>9.4437804880731280e-02</yaw_z>
<pitch_x>9.1160782441694678e+01</pitch_x>
<roll_z>3.8744039413042976e-02</roll_z>
</opencv_storage>
