<?xml version="1.0"?>
<opencv_storage>
<camera_name>RL</camera_name>
<camera_model>FISHEYE</camera_model>
<calibration_time>"2022-09-19 10:36:28"</calibration_time>
<camIntrinsicMat type_id="opencv-matrix">
  <rows>3</rows>
  <cols>3</cols>
  <dt>d</dt>
  <data>
    1.1470831953786462e+03 0. 9.6487162917263606e+02 0.
    1.1456431827059257e+03 5.9976986153437292e+02 0. 0. 1.</data></camIntrinsicMat>
<distortion_coefficients type_id="opencv-matrix">
  <rows>4</rows>
  <cols>1</cols>
  <dt>d</dt>
  <data>
    -2.0269522478788611e-02 -7.3006051882956738e-02
    1.0647343128661704e-01 -6.6260984905310544e-02</data></distortion_coefficients>
<camIntriMatrix type_id="opencv-matrix">
  <rows>3</rows>
  <cols>4</cols>
  <dt>d</dt>
  <data>
    1.1470831953786462e+03 0. 9.6487162917263606e+02 0. 0.
    1.1456431827059257e+03 5.9976986153437292e+02 0. 0. 0. 1. 0.</data></camIntriMatrix>
<avg_reprojection_error>1.8387839090980820e-01</avg_reprojection_error>
</opencv_storage>
