<?xml version="1.0"?>
<opencv_storage>
<camera_name>RL</camera_name>
<calibration_time>"2022-09-19 19:08:56"</calibration_time>
<undistort>1</undistort>
<rotationMatrix type_id="opencv-matrix">
  <rows>3</rows>
  <cols>3</cols>
  <dt>d</dt>
  <data>
    7.0503749046262398e-01 7.0870117566850488e-01 2.5783340517566478e-02
    -8.2851617210599748e-04 3.7180183072450745e-02
    -9.9930823450407524e-01 -7.0916954996891846e-01
    7.0452840793879867e-01 2.6800593353573460e-02</data></rotationMatrix>
<offsetMatrix type_id="opencv-matrix">
  <rows>3</rows>
  <cols>1</cols>
  <dt>d</dt>
  <data>
    7.6341062147053817e+03 1.6077300704438890e+03 5.7121513895276939e+03</data></offsetMatrix>
<deltaXY>
  0. 0.</deltaXY>
<headLocation>
  0. 0.</headLocation>
<pointA>
  0. 0.</pointA>
<pointB>
  0. 0.</pointB>
<pointV>
  0. 0.</pointV>
<cameraLocation>
  -1.3301152343750000e+03 -9.4944482421875000e+03 1.2566960449218750e+03</cameraLocation>
<extrinsicMatrix type_id="opencv-matrix">
  <rows>4</rows>
  <cols>4</cols>
  <dt>d</dt>
  <data>
    7.0503749046262398e-01 7.0870117566850488e-01 2.5783340517566478e-02
    7.6341062147053817e+03 -8.2851617210599748e-04
    3.7180183072450745e-02 -9.9930823450407524e-01
    1.6077300704438890e+03 -7.0916954996891846e-01
    7.0452840793879867e-01 2.6800593353573460e-02 5.7121513895276939e+03
    0. 0. 0. 1.</data></extrinsicMatrix>
 <!-- resumed -->

<bsd_deltaXY>
  -3160. -6620.</bsd_deltaXY>
<yaw>4.5167388790498649e+01</yaw>
<pitch>8.7821491907401494e+01</pitch>
<roll>-6.7330402582484711e-02</roll>
<avg_reprojection_error>5.5213787078857422e+01</avg_reprojection_error>
</opencv_storage>
