<?xml version="1.0"?>
<opencv_storage>
<camera_name>RC</camera_name>
<calibration_time>"2022-12-07 16:51:43"</calibration_time>
<undistort>1</undistort>
<rotationMatrix type_id="opencv-matrix">
  <rows>3</rows>
  <cols>3</cols>
  <dt>d</dt>
  <data>
    9.9960582996449954e-01 -2.8067653225607676e-02
    -6.2573428138719173e-04 -9.3542127684589070e-04
    -1.1021817895327754e-02 -9.9993882038718596e-01
    2.8059039328150424e-02 9.9954525979201625e-01
    -1.1043728504995040e-02</data></rotationMatrix>
<offsetMatrix type_id="opencv-matrix">
  <rows>3</rows>
  <cols>1</cols>
  <dt>d</dt>
  <data>
    -1.7913186250385345e+03 1.3853460992196619e+03
    5.1557860079223246e+03</data></offsetMatrix>
<deltaXY>
  1575. -5210.</deltaXY>
<headLocation>
  1575. -5210.</headLocation>
<pointA>
  3.1481555600934973e+02 1.1339865387002567e+03</pointA>
<pointB>
  1.4686931347852446e+03 1.1242988119034683e+03</pointB>
<pointV>
  9.3421795654296875e+02 5.9148510742187500e+02</pointV>
<cameraLocation>
  1.6472420654296875e+03 -5.1884506835937500e+03 1.4410795898437500e+03</cameraLocation>
<extrinsicMatrix type_id="opencv-matrix">
  <rows>4</rows>
  <cols>4</cols>
  <dt>d</dt>
  <data>
    9.9960582996449954e-01 -2.8067653225607676e-02
    -6.2573428138719173e-04 -1.7913186250385345e+03
    -9.3542127684589070e-04 -1.1021817895327754e-02
    -9.9993882038718596e-01 1.3853460992196619e+03
    2.8059039328150424e-02 9.9954525979201625e-01
    -1.1043728504995040e-02 5.1557860079223246e+03 0. 0. 0. 1.</data></extrinsicMatrix>
 <!-- resumed -->

<yaw_z>1.6084670742991019e+00</yaw_z>
<pitch_x>9.0631514964948380e+01</pitch_x>
<roll_z>0.</roll_z>
</opencv_storage>
