<?xml version="1.0"?>
<opencv_storage>
<camera_name>RC</camera_name>
<camera_model>PINHOLE</camera_model>
<calibration_time>"2022-08-23 05:18:40"</calibration_time>
<camIntrinsicMat type_id="opencv-matrix">
  <rows>3</rows>
  <cols>3</cols>
  <dt>d</dt>
  <data>
    1.9428168108673385e+03 0. 9.4090932901003202e+02 0.
    1.9474255824194074e+03 6.1586508484251328e+02 0. 0. 1.</data></camIntrinsicMat>
<distortion_coefficients type_id="opencv-matrix">
  <rows>1</rows>
  <cols>5</cols>
  <dt>d</dt>
  <data>
    -4.7283311069159933e-01 1.3220034965935834e-01
    -3.0844890511216318e-03 -3.4756575732639835e-04
    1.4866834533296411e-01</data></distortion_coefficients>
<camIntriMatrix type_id="opencv-matrix">
  <rows>3</rows>
  <cols>4</cols>
  <dt>d</dt>
  <data>
    1.9428168108673385e+03 0. 9.4090932901003202e+02 0. 0.
    1.9474255824194074e+03 6.1586508484251328e+02 0. 0. 0. 1. 0.</data></camIntriMatrix>
<avg_reprojection_error>2.8871173787601850e-01</avg_reprojection_error>
</opencv_storage>
