<?xml version="1.0"?>
<opencv_storage>
<camera_name>RC</camera_name>
<calibration_time>"2022-07-04 11:09:23"</calibration_time>
<undistort>1</undistort>
<rotationMatrix type_id="opencv-matrix">
  <rows>3</rows>
  <cols>3</cols>
  <dt>d</dt>
  <data>
    9.9993534153240216e-01 -1.1192290117905989e-02
    2.0113170796216247e-03 2.2040342774019227e-03 1.7233136014975572e-02
    -9.9984906923794914e-01 1.1155939556227037e-02
    9.9978885354108937e-01 1.7256689937871432e-02</data></rotationMatrix>
<offsetMatrix type_id="opencv-matrix">
  <rows>3</rows>
  <cols>1</cols>
  <dt>d</dt>
  <data>
    -2.0503469598113070e+03 1.5249359000105146e+03
    5.3149910225328731e+03</data></offsetMatrix>
<deltaXY>
  1920. -5410.</deltaXY>
<headLocation>
  1920. -5410.</headLocation>
<pointA>
  2.2564806970114603e+02 1.1119749506246271e+03</pointA>
<pointB>
  1.5200539452583087e+03 1.1106885664734407e+03</pointB>
<pointV>
  9.3794525146484375e+02 5.9849670410156250e+02</pointV>
<cameraLocation>
  1.9875596923828125e+03 -5.3630961914062500e+03 1.4371104736328125e+03</cameraLocation>
<extrinsicMatrix type_id="opencv-matrix">
  <rows>4</rows>
  <cols>4</cols>
  <dt>d</dt>
  <data>
    9.9993534153240216e-01 -1.1192290117905989e-02
    2.0113170796216247e-03 -2.0503469598113070e+03
    2.2040342774019227e-03 1.7233136014975572e-02
    -9.9984906923794914e-01 1.5249359000105146e+03
    1.1155939556227037e-02 9.9978885354108937e-01 1.7256689937871432e-02
    5.3149910225328731e+03 0. 0. 0. 1.</data></extrinsicMatrix>
 <!-- resumed -->

<yaw_z>-6.3920151078449960e-01</yaw_z>
<pitch_x>8.9011153877033962e+01</pitch_x>
<roll_z>1.2628982319526313e-01</roll_z>
</opencv_storage>
