<?xml version="1.0"?>
<opencv_storage>
<camera_name>RC</camera_name>
<camera_model>PINHOLE</camera_model>
<calibration_time>"2022-07-04 10:18:15"</calibration_time>
<camIntrinsicMat type_id="opencv-matrix">
  <rows>3</rows>
  <cols>3</cols>
  <dt>d</dt>
  <data>
    1.9016289161251757e+03 0. 9.5923332889288179e+02 0.
    1.9040600377829478e+03 5.6567684869351797e+02 0. 0. 1.</data></camIntrinsicMat>
<distortion_coefficients type_id="opencv-matrix">
  <rows>1</rows>
  <cols>5</cols>
  <dt>d</dt>
  <data>
    -4.7827816126058281e-01 2.3352732554424963e-01
    5.4860963763582729e-03 7.9321467477230659e-04
    -9.3635264230788939e-02</data></distortion_coefficients>
<camIntriMatrix type_id="opencv-matrix">
  <rows>3</rows>
  <cols>4</cols>
  <dt>d</dt>
  <data>
    1.9016289161251757e+03 0. 9.5923332889288179e+02 0. 0.
    1.9040600377829478e+03 5.6567684869351797e+02 0. 0. 0. 1. 0.</data></camIntriMatrix>
<avg_reprojection_error>4.5021869873581299e-01</avg_reprojection_error>
</opencv_storage>
