<?xml version="1.0"?>
<opencv_storage>
<camera_name>FL</camera_name>
<calibration_time>"2022-06-24 13:12:51"</calibration_time>
<undistort>1</undistort>
<rotationMatrix type_id="opencv-matrix">
  <rows>3</rows>
  <cols>3</cols>
  <dt>d</dt>
  <data>
    -6.5977723271139066e-01 7.5143995557310361e-01
    5.6565328595790665e-03 2.2791075540073980e-04 7.7274759051715325e-03
    -9.9997011663990376e-01 -7.5146121074369976e-01
    -6.5975622716608529e-01 -5.2696739164708184e-03</data></rotationMatrix>
<offsetMatrix type_id="opencv-matrix">
  <rows>3</rows>
  <cols>1</cols>
  <dt>d</dt>
  <data>
    2.9385704256575373e+03 1.3239860389783619e+03
    -4.3809924112028248e+03</data></offsetMatrix>
<deltaXY>
  0. 0.</deltaXY>
<headLocation>
  0. 0.</headLocation>
<pointA>
  0. 0.</pointA>
<pointB>
  0. 0.</pointB>
<pointV>
  0. 0.</pointV>
<cameraLocation>
  -1.3536457519531250e+03 -5.1087773437500000e+03 1.2842379150390625e+03</cameraLocation>
<extrinsicMatrix type_id="opencv-matrix">
  <rows>4</rows>
  <cols>4</cols>
  <dt>d</dt>
  <data>
    -6.5977723271139066e-01 7.5143995557310361e-01
    5.6565328595790665e-03 2.9385704256575373e+03 2.2791075540073980e-04
    7.7274759051715325e-03 -9.9997011663990376e-01
    1.3239860389783619e+03 -7.5146121074369976e-01
    -6.5975622716608529e-01 -5.2696739164708184e-03
    -4.3809924112028248e+03 0. 0. 0. 1.</data></extrinsicMatrix>
 <!-- resumed -->

<bsd_deltaXY>
  -2948. -10075.</bsd_deltaXY>
<yaw>4.8717110993817997e+01</yaw>
<pitch>-9.0457629108888980e+01</pitch>
<roll>1.7998020798047693e+02</roll>
<avg_reprojection_error>1.8968829512596130e-01</avg_reprojection_error>
</opencv_storage>
