<?xml version="1.0"?>
<opencv_storage>
<camera_name>FC120</camera_name>
<calibration_time>"2022-08-12 11:24:33"</calibration_time>
<undistort>1</undistort>
<rotationMatrix type_id="opencv-matrix">
  <rows>3</rows>
  <cols>3</cols>
  <dt>d</dt>
  <data>
    9.9991448754477807e-01 5.3171445010849472e-03 1.1947617855384901e-02
    1.1802095828127648e-02 2.6606250321302302e-02
    -9.9957631923625723e-01 -5.6327730406454286e-03
    9.9963184994186471e-01 2.6541221706579275e-02</data></rotationMatrix>
<offsetMatrix type_id="opencv-matrix">
  <rows>3</rows>
  <cols>1</cols>
  <dt>d</dt>
  <data>
    -1.7371698552901514e+03 1.5512543637458082e+03
    3.3641995802033548e+03</data></offsetMatrix>
<deltaXY>
  1780. -3340.</deltaXY>
<headLocation>
  1780. -3340.</headLocation>
<pointA>
  4.6725051666302136e+02 1.0398421980931776e+03</pointA>
<pointB>
  1.5222133969091205e+03 1.0550565339364441e+03</pointB>
<pointV>
  9.7573565673828125e+02 6.1696307373046875e+02</pointV>
<cameraLocation>
  1.7376630859375000e+03 -3.3949973144531250e+03 1.4820622558593750e+03</cameraLocation>
<extrinsicMatrix type_id="opencv-matrix">
  <rows>4</rows>
  <cols>4</cols>
  <dt>d</dt>
  <data>
    9.9991448754477807e-01 5.3171445010849472e-03 1.1947617855384901e-02
    -1.7371698552901514e+03 1.1802095828127648e-02
    2.6606250321302302e-02 -9.9957631923625723e-01
    1.5512543637458082e+03 -5.6327730406454286e-03
    9.9963184994186471e-01 2.6541221706579275e-02 3.3641995802033548e+03
    0. 0. 0. 1.</data></extrinsicMatrix>
 <!-- resumed -->

<yaw_z>-3.0475925214541372e-01</yaw_z>
<pitch_x>8.8475394998704601e+01</pitch_x>
<roll_z>0.</roll_z>
</opencv_storage>
