<?xml version="1.0"?>
<opencv_storage>
<camera_name>FC28</camera_name>
<calibration_time>"2022-09-10 17:11:33"</calibration_time>
<undistort>1</undistort>
<rotationMatrix type_id="opencv-matrix">
  <rows>3</rows>
  <cols>3</cols>
  <dt>d</dt>
  <data>
    9.9968727168018590e-01 1.0684054390158878e-02
    -2.2609949633160667e-02 -2.2422671093188250e-02
    -1.7334981479517068e-02 -9.9959828042976917e-01
    -1.1071705454564595e-02 9.9979265320309929e-01
    -1.7089995302352706e-02</data></rotationMatrix>
<offsetMatrix type_id="opencv-matrix">
  <rows>3</rows>
  <cols>1</cols>
  <dt>d</dt>
  <data>
    -1.4381022030296012e+03 2.0907166606267615e+03
    1.7732240728468390e+04</data></offsetMatrix>
<deltaXY>
  1715. -17130.</deltaXY>
<headLocation>
  1715. -17130.</headLocation>
<pointA>
  1.3012207607298728e+03 1.9240269620984402e+03</pointA>
<pointB>
  2.7379263640307117e+03 1.8936356523008776e+03</pointB>
<pointV>
  1.9883493652343750e+03 9.1107324218750000e+02</pointV>
<cameraLocation>
  1.6808580322265625e+03 -1.7676957031250000e+04 2.3604052734375000e+03</cameraLocation>
<extrinsicMatrix type_id="opencv-matrix">
  <rows>4</rows>
  <cols>4</cols>
  <dt>d</dt>
  <data>
    9.9968727168018590e-01 1.0684054390158878e-02
    -2.2609949633160667e-02 -1.4381022030296012e+03
    -2.2422671093188250e-02 -1.7334981479517068e-02
    -9.9959828042976917e-01 2.0907166606267615e+03
    -1.1071705454564595e-02 9.9979265320309929e-01
    -1.7089995302352706e-02 1.7732240728468390e+04 0. 0. 0. 1.</data></extrinsicMatrix>
 <!-- resumed -->

<yaw_z>6.3437494311511444e-01</yaw_z>
<pitch_x>9.0979292303540333e+01</pitch_x>
<roll_z>-1.2849108677344379e+00</roll_z>
</opencv_storage>
