<?xml version="1.0"?>
<opencv_storage>
<camera_name>RL</camera_name>
<calibration_time>"2022-11-01 17:46:02"</calibration_time>
<undistort>1</undistort>
<rotationMatrix type_id="opencv-matrix">
  <rows>3</rows>
  <cols>3</cols>
  <dt>d</dt>
  <data>
    7.3287900921226967e-01 6.8019917866629620e-01
    -1.4745684037652307e-02 -2.6166465185225307e-02
    6.5224009021802032e-03 -9.9963632106190581e-01
    -6.7985562728843585e-01 7.3299831898045131e-01
    2.2578538838465473e-02</data></rotationMatrix>
<offsetMatrix type_id="opencv-matrix">
  <rows>3</rows>
  <cols>1</cols>
  <dt>d</dt>
  <data>
    7.4280397495382840e+03 1.2802697100901864e+03 6.0522083315846130e+03</data></offsetMatrix>
<deltaXY>
  0. 0.</deltaXY>
<headLocation>
  0. 0.</headLocation>
<pointA>
  0. 0.</pointA>
<pointB>
  0. 0.</pointB>
<pointV>
  0. 0.</pointV>
<cameraLocation>
  -1.2957264404296875e+03 -9.4971552734375000e+03 1.2526856689453125e+03</cameraLocation>
<extrinsicMatrix type_id="opencv-matrix">
  <rows>4</rows>
  <cols>4</cols>
  <dt>d</dt>
  <data>
    7.3287900921226967e-01 6.8019917866629620e-01
    -1.4745684037652307e-02 7.4280397495382840e+03
    -2.6166465185225307e-02 6.5224009021802032e-03
    -9.9963632106190581e-01 1.2802697100901864e+03
    -6.7985562728843585e-01 7.3299831898045131e-01
    2.2578538838465473e-02 6.0522083315846130e+03 0. 0. 0. 1.</data></extrinsicMatrix>
 <!-- resumed -->

<bsd_deltaXY>
  -3100. -6695.</bsd_deltaXY>
<yaw>4.2832362060925135e+01</yaw>
<pitch>8.8235676628507505e+01</pitch>
<roll>-2.0448006288982401e+00</roll>
<avg_reprojection_error>3.5228025913238525e-01</avg_reprojection_error>
</opencv_storage>
