<?xml version="1.0"?>
<opencv_storage>
<camera_name>RL</camera_name>
<camera_model>FISHEYE</camera_model>
<calibration_time>"2022-11-01 17:20:29"</calibration_time>
<camIntrinsicMat type_id="opencv-matrix">
  <rows>3</rows>
  <cols>3</cols>
  <dt>d</dt>
  <data>
    1.1574674775890176e+03 0. 9.6886871946836663e+02 0.
    1.1565810595661233e+03 5.9186580982219459e+02 0. 0. 1.</data></camIntrinsicMat>
<distortion_coefficients type_id="opencv-matrix">
  <rows>4</rows>
  <cols>1</cols>
  <dt>d</dt>
  <data>
    -4.1708785085802495e-02 7.3352600357161806e-03
    -2.8472799932799147e-02 1.6171729262157715e-02</data></distortion_coefficients>
<camIntriMatrix type_id="opencv-matrix">
  <rows>3</rows>
  <cols>4</cols>
  <dt>d</dt>
  <data>
    1.1574674775890176e+03 0. 9.6886871946836663e+02 0. 0.
    1.1565810595661233e+03 5.9186580982219459e+02 0. 0. 0. 1. 0.</data></camIntriMatrix>
<avg_reprojection_error>1.8440147383058483e-01</avg_reprojection_error>
</opencv_storage>
