<?xml version="1.0"?>
<opencv_storage>
<camera_name>FL</camera_name>
<calibration_time>"2022-08-06 15:57:38"</calibration_time>
<undistort>1</undistort>
<rotationMatrix type_id="opencv-matrix">
  <rows>3</rows>
  <cols>3</cols>
  <dt>d</dt>
  <data>
    -7.0385923837546271e-01 7.0996975605424772e-01
    2.2915454212941611e-02 2.3262338457165632e-03 3.4563502525538525e-02
    -9.9939979634241560e-01 -7.1033566796945269e-01
    -7.0338347278098501e-01 -2.5979396239182662e-02</data></rotationMatrix>
<offsetMatrix type_id="opencv-matrix">
  <rows>3</rows>
  <cols>1</cols>
  <dt>d</dt>
  <data>
    2.7197245865679242e+03 1.4502245139325673e+03
    -4.4028625198675891e+03</data></offsetMatrix>
<deltaXY>
  0. 0.</deltaXY>
<headLocation>
  0. 0.</headLocation>
<pointA>
  0. 0.</pointA>
<pointB>
  0. 0.</pointB>
<pointV>
  0. 0.</pointV>
<cameraLocation>
  -1.2165805664062500e+03 -5.0779477539062500e+03 1.2726466064453125e+03</cameraLocation>
<extrinsicMatrix type_id="opencv-matrix">
  <rows>4</rows>
  <cols>4</cols>
  <dt>d</dt>
  <data>
    -7.0385923837546271e-01 7.0996975605424772e-01
    2.2915454212941611e-02 2.7197245865679242e+03 2.3262338457165632e-03
    3.4563502525538525e-02 -9.9939979634241560e-01
    1.4502245139325673e+03 -7.1033566796945269e-01
    -7.0338347278098501e-01 -2.5979396239182662e-02
    -4.4028625198675891e+03 0. 0. 0. 1.</data></extrinsicMatrix>
 <!-- resumed -->

<bsd_deltaXY>
  -3150. -8520.</bsd_deltaXY>
<yaw>4.5262232685343037e+01</yaw>
<pitch>-9.2115252208068299e+01</pitch>
<roll>1.7981063984248661e+02</roll>
<avg_reprojection_error>5.9067434072494507e-01</avg_reprojection_error>
</opencv_storage>
