<?xml version="1.0"?>
<opencv_storage>
<camera_name>FL</camera_name>
<camera_model>FISHEYE</camera_model>
<calibration_time>"2022-08-06 15:47:31"</calibration_time>
<camIntrinsicMat type_id="opencv-matrix">
  <rows>3</rows>
  <cols>3</cols>
  <dt>d</dt>
  <data>
    1.1545754062372948e+03 0. 9.7623043313917378e+02 0.
    1.1512790272946741e+03 5.9883184632859422e+02 0. 0. 1.</data></camIntrinsicMat>
<distortion_coefficients type_id="opencv-matrix">
  <rows>4</rows>
  <cols>1</cols>
  <dt>d</dt>
  <data>
    -4.5348957438033605e-02 4.7594000010722053e-02
    -1.4460800888203434e-01 1.2618854032604884e-01</data></distortion_coefficients>
<camIntriMatrix type_id="opencv-matrix">
  <rows>3</rows>
  <cols>4</cols>
  <dt>d</dt>
  <data>
    1.1545754062372948e+03 0. 9.7623043313917378e+02 0. 0.
    1.1512790272946741e+03 5.9883184632859422e+02 0. 0. 0. 1. 0.</data></camIntriMatrix>
<avg_reprojection_error>2.4044624052981906e-01</avg_reprojection_error>
</opencv_storage>
