<?xml version="1.0"?>
<opencv_storage>
<camera_name>FC60</camera_name>
<calibration_time>"2023-01-07 11:47:59"</calibration_time>
<undistort>1</undistort>
<rotationMatrix type_id="opencv-matrix">
  <rows>3</rows>
  <cols>3</cols>
  <dt>d</dt>
  <data>
    9.9991387426814449e-01 9.8450413449679194e-03 8.6786638940133509e-03
    9.0599753582679965e-03 -3.9371780331578010e-02
    -9.9918355659009406e-01 -9.4953089774348753e-03
    9.9917612965604707e-01 -3.9457585240169034e-02</data></rotationMatrix>
<offsetMatrix type_id="opencv-matrix">
  <rows>3</rows>
  <cols>1</cols>
  <dt>d</dt>
  <data>
    -1.8245872495766530e+03 1.1944926918941351e+03
    5.4042258418729434e+03</data></offsetMatrix>
<deltaXY>
  1830. -5190.</deltaXY>
<headLocation>
  1830. -5190.</headLocation>
<pointA>
  3.0080644766062960e+02 1.0756637342072770e+03</pointA>
<pointB>
  1.6120571068775980e+03 1.0904090100243670e+03</pointB>
<pointV>
  9.7515985107421875e+02 5.6799395751953125e+02</pointV>
<cameraLocation>
  1.8649228515625000e+03 -5.3347812500000000e+03 1.4225900878906250e+03</cameraLocation>
<extrinsicMatrix type_id="opencv-matrix">
  <rows>4</rows>
  <cols>4</cols>
  <dt>d</dt>
  <data>
    9.9991387426814449e-01 9.8450413449679194e-03 8.6786638940133509e-03
    -1.8245872495766530e+03 9.0599753582679965e-03
    -3.9371780331578010e-02 -9.9918355659009406e-01
    1.1944926918941351e+03 -9.4953089774348753e-03
    9.9917612965604707e-01 -3.9457585240169034e-02
    5.4042258418729434e+03 0. 0. 0. 1.</data></extrinsicMatrix>
 <!-- resumed -->

<yaw_z>-5.6452618059810222e-01</yaw_z>
<pitch_x>9.2256416968494406e+01</pitch_x>
<roll_z>0.</roll_z>
</opencv_storage>
