<?xml version="1.0"?>
<opencv_storage>
<camera_name>FC120</camera_name>
<camera_model>FISHEYE</camera_model>
<calibration_time>"2022-12-12 11:21:05"</calibration_time>
<camIntrinsicMat type_id="opencv-matrix">
  <rows>3</rows>
  <cols>3</cols>
  <dt>d</dt>
  <data>
    9.8055639104612067e+02 0. 9.6839100485644758e+02 0.
    9.7923853269354697e+02 6.1246400224503304e+02 0. 0. 1.</data></camIntrinsicMat>
<distortion_coefficients type_id="opencv-matrix">
  <rows>4</rows>
  <cols>1</cols>
  <dt>d</dt>
  <data>
    -3.8258471150730791e-02 3.0132508559277751e-03
    -2.2740509603504863e-02 1.0672292450636028e-02</data></distortion_coefficients>
<camIntriMatrix type_id="opencv-matrix">
  <rows>3</rows>
  <cols>4</cols>
  <dt>d</dt>
  <data>
    9.8055639104612067e+02 0. 9.6839100485644758e+02 0. 0.
    9.7923853269354697e+02 6.1246400224503304e+02 0. 0. 0. 1. 0.</data></camIntriMatrix>
<avg_reprojection_error>1.9917479729182921e-01</avg_reprojection_error>
</opencv_storage>
