<?xml version="1.0"?>
<opencv_storage>
<camera_name>cam_frb</camera_name>
<camera_model>FISHEYE</camera_model>
<calibration_time>""</calibration_time>
<camIntrinsicMat type_id="opencv-matrix">
  <rows>3</rows>
  <cols>3</cols>
  <dt>d</dt>
  <data>
    1.1437138671875000e+03 0. 9.7056390380859375e+02 0.
    1.1430473632812500e+03 5.9286157226562500e+02 0. 0. 1.</data></camIntrinsicMat>
<distortion_coefficients type_id="opencv-matrix">
  <rows>4</rows>
  <cols>1</cols>
  <dt>d</dt>
  <data>
    -4.6204943209886551e-02 3.3793747425079346e-02
    -8.2381054759025574e-02 5.4313547909259796e-02</data></distortion_coefficients>
<camIntriMatrix type_id="opencv-matrix">
  <rows>3</rows>
  <cols>4</cols>
  <dt>d</dt>
  <data>
    1.1437138671875000e+03 0. 9.7056390380859375e+02 0. 0.
    1.1430473632812500e+03 5.9286157226562500e+02 0. 0. 0. 1. 0.</data></camIntriMatrix>
<avg_reprojection_error>0</avg_reprojection_error>
</opencv_storage>
