<?xml version="1.0"?>
<opencv_storage>
<camera_name>cam_frb</camera_name>
<calibration_time>""</calibration_time>
<undistort>1</undistort>
<rotationMatrix type_id="opencv-matrix">
  <rows>3</rows>
  <cols>3</cols>
  <dt>d</dt>
  <data>
    -6.8859297915120743e-01 -7.2514624227505931e-01
    1.6236927129189558e-03 2.3819155225603982e-03
    -4.5009430863227140e-03 -9.9998703391082899e-01
    7.2514414811271022e-01 -6.8858018329436033e-01
    4.8265548994022951e-03</data></rotationMatrix>
<offsetMatrix type_id="opencv-matrix">
  <rows>3</rows>
  <cols>1</cols>
  <dt>d</dt>
  <data>
    -5.1857025069026877e+03 1.2658585285060158e+03
    -9.2394541554966145e+03</data></offsetMatrix>
<deltaXY>
  1820. -5225.</deltaXY>
<headLocation>
  1820. -5225.</headLocation>
<pointV>
  2.1750130488028667e+03 6.0033316562819607e+02</pointV>
<extrinsicMatrix type_id="opencv-matrix">
  <rows>4</rows>
  <cols>4</cols>
  <dt>d</dt>
  <data>
    -6.8859297915120743e-01 -7.2514624227505931e-01
    1.6236927129189558e-03 -5.1857025069026877e+03
    2.3819155225603982e-03 -4.5009430863227140e-03
    -9.9998703391082899e-01 1.2658585285060158e+03
    7.2514414811271022e-01 -6.8858018329436033e-01
    4.8265548994022951e-03 -9.2394541554966145e+03 0. 0. 0. 1.</data></extrinsicMatrix>
</opencv_storage>
