<?xml version="1.0"?>
<opencv_storage>
<camera_name>FC120</camera_name>
<camera_model>FISHEYE</camera_model>
<calibration_time>"2022-07-07 15:48:20"</calibration_time>
<camIntrinsicMat type_id="opencv-matrix">
  <rows>3</rows>
  <cols>3</cols>
  <dt>d</dt>
  <data>
    9.7358016254086158e+02 0. 9.7375573070227620e+02 0.
    9.7326680440749681e+02 6.0036186259715782e+02 0. 0. 1.</data></camIntrinsicMat>
<distortion_coefficients type_id="opencv-matrix">
  <rows>4</rows>
  <cols>1</cols>
  <dt>d</dt>
  <data>
    -3.8530406636496019e-02 -3.1914023974186300e-03
    -8.2432732274601399e-03 2.6697797321819923e-03</data></distortion_coefficients>
<camIntriMatrix type_id="opencv-matrix">
  <rows>3</rows>
  <cols>4</cols>
  <dt>d</dt>
  <data>
    9.7358016254086158e+02 0. 9.7375573070227620e+02 0. 0.
    9.7326680440749681e+02 6.0036186259715782e+02 0. 0. 0. 1. 0.</data></camIntriMatrix>
<avg_reprojection_error>1.4557863695743586e-01</avg_reprojection_error>
</opencv_storage>
