<?xml version="1.0"?>
<opencv_storage>
<camera_name>FC120</camera_name>
<calibration_time>"2022-07-08 15:19:55"</calibration_time>
<undistort>1</undistort>
<rotationMatrix type_id="opencv-matrix">
  <rows>3</rows>
  <cols>3</cols>
  <dt>d</dt>
  <data>
    9.9987040222608359e-01 -1.5441565581753464e-02
    -4.5537681796575429e-03 -4.3673869737421642e-03
    1.2082413104310213e-02 -9.9991746720646812e-01
    1.5495311654537382e-02 9.9980776819644734e-01 1.2013407958092422e-02</data></rotationMatrix>
<offsetMatrix type_id="opencv-matrix">
  <rows>3</rows>
  <cols>1</cols>
  <dt>d</dt>
  <data>
    -1.9480342378606101e+03 1.4765154347183409e+03
    3.2599343640200750e+03</data></offsetMatrix>
<deltaXY>
  1965. -3250.</deltaXY>
<headLocation>
  1965. -3250.</headLocation>
<pointA>
  3.9197484858884218e+02 1.0411816148803102e+03</pointA>
<pointB>
  1.4703291732707617e+03 1.0290188499955614e+03</pointB>
<pointV>
  9.5871923828125000e+02 6.1212353515625000e+02</pointV>
<cameraLocation>
  1.9037165527343750e+03 -3.3072282714843750e+03 1.4283597412109375e+03</cameraLocation>
<extrinsicMatrix type_id="opencv-matrix">
  <rows>4</rows>
  <cols>4</cols>
  <dt>d</dt>
  <data>
    9.9987040222608359e-01 -1.5441565581753464e-02
    -4.5537681796575429e-03 -1.9480342378606101e+03
    -4.3673869737421642e-03 1.2082413104310213e-02
    -9.9991746720646812e-01 1.4765154347183409e+03
    1.5495311654537382e-02 9.9980776819644734e-01 1.2013407958092422e-02
    3.2599343640200750e+03 0. 0. 0. 1.</data></extrinsicMatrix>
 <!-- resumed -->

<yaw_z>-8.8785147799009623e-01</yaw_z>
<pitch_x>8.9311583213813464e+01</pitch_x>
<roll_z>-2.5026368333169396e-01</roll_z>
</opencv_storage>
