<?xml version="1.0"?>
<opencv_storage>
<camera_name>FR</camera_name>
<calibration_time>"2022-12-20 10:52:12"</calibration_time>
<undistort>1</undistort>
<rotationMatrix type_id="opencv-matrix">
  <rows>3</rows>
  <cols>3</cols>
  <dt>d</dt>
  <data>
    -6.9694898358443103e-01 -7.1708192097573298e-01
    -7.4587458986800081e-03 3.0388028157712355e-02
    -1.9140032169720933e-02 -9.9935490538308169e-01
    7.1647657465217562e-01 -6.9672604212724432e-01
    3.5130331572457374e-02</data></rotationMatrix>
<offsetMatrix type_id="opencv-matrix">
  <rows>3</rows>
  <cols>1</cols>
  <dt>d</dt>
  <data>
    -2.4936368646159017e+03 1.1590114614545034e+03
    -4.3741583877923294e+03</data></offsetMatrix>
<deltaXY>
  0. 0.</deltaXY>
<headLocation>
  0. 0.</headLocation>
<pointA>
  0. 0.</pointA>
<pointB>
  0. 0.</pointB>
<pointV>
  0. 0.</pointV>
<cameraLocation>
  1.3608242187500000e+03 -4.8135483398437500e+03 1.2933300781250000e+03</cameraLocation>
<extrinsicMatrix type_id="opencv-matrix">
  <rows>4</rows>
  <cols>4</cols>
  <dt>d</dt>
  <data>
    -6.9694898358443103e-01 -7.1708192097573298e-01
    -7.4587458986800081e-03 -2.4936368646159017e+03
    3.0388028157712355e-02 -1.9140032169720933e-02
    -9.9935490538308169e-01 1.1590114614545034e+03
    7.1647657465217562e-01 -6.9672604212724432e-01
    3.5130331572457374e-02 -4.3741583877923294e+03 0. 0. 0. 1.</data></extrinsicMatrix>
 <!-- resumed -->

<bsd_deltaXY>
  2340. -8560.</bsd_deltaXY>
<yaw>-4.5764340775850087e+01</yaw>
<pitch>-8.7113475851726676e+01</pitch>
<roll>1.7750339877800681e+02</roll>
<avg_reprojection_error>3.8248464465141296e-01</avg_reprojection_error>
</opencv_storage>
