<?xml version="1.0"?>
<opencv_storage>
<camera_name>FC120</camera_name>
<calibration_time>"2022-07-20 14:58:17"</calibration_time>
<undistort>1</undistort>
<rotationMatrix type_id="opencv-matrix">
  <rows>3</rows>
  <cols>3</cols>
  <dt>d</dt>
  <data>
    9.9983523141068009e-01 1.1537887176064701e-02
    -1.4013821372638969e-02 -1.4316250459053586e-02
    2.6560393975160863e-02 -9.9954469156945547e-01
    -1.1160421262007947e-02 9.9958062337732256e-01
    2.6721196939094638e-02</data></rotationMatrix>
<offsetMatrix type_id="opencv-matrix">
  <rows>3</rows>
  <cols>1</cols>
  <dt>d</dt>
  <data>
    -1.7163439351915802e+03 1.5533037809785965e+03
    3.2926594022594204e+03</data></offsetMatrix>
<deltaXY>
  1810. -3205.</deltaXY>
<headLocation>
  1810. -3205.</headLocation>
<pointA>
  4.6104034887063182e+02 1.0589341028928816e+03</pointA>
<pointB>
  1.5533596721674421e+03 1.0489886997473147e+03</pointB>
<pointV>
  9.8413330078125000e+02 6.2192083740234375e+02</pointV>
<cameraLocation>
  1.7750461425781250e+03 -3.3127319335937500e+03 1.4405601806640625e+03</cameraLocation>
<extrinsicMatrix type_id="opencv-matrix">
  <rows>4</rows>
  <cols>4</cols>
  <dt>d</dt>
  <data>
    9.9983523141068009e-01 1.1537887176064701e-02
    -1.4013821372638969e-02 -1.7163439351915802e+03
    -1.4316250459053586e-02 2.6560393975160863e-02
    -9.9954469156945547e-01 1.5533037809785965e+03
    -1.1160421262007947e-02 9.9958062337732256e-01
    2.6721196939094638e-02 3.2926594022594204e+03 0. 0. 0. 1.</data></extrinsicMatrix>
 <!-- resumed -->

<yaw_z>-6.6132020642093792e-01</yaw_z>
<pitch_x>8.8478024621535056e+01</pitch_x>
<roll_z>0.</roll_z>
</opencv_storage>
