<?xml version="1.0"?>
<opencv_storage>
<camera_name>FC28</camera_name>
<calibration_time>"2022-06-07 19:48:54"</calibration_time>
<undistort>1</undistort>
<rotationMatrix type_id="opencv-matrix">
  <rows>3</rows>
  <cols>3</cols>
  <dt>d</dt>
  <data>
    9.9984840428934041e-01 -1.7399662780459343e-02
    -6.4820921455909842e-04 -8.1779152595275401e-04
    -9.7409536257949784e-03 -9.9995222137834183e-01
    1.7392517272655544e-02 9.9980116301071909e-01
    -9.7537062357838707e-03</data></rotationMatrix>
<offsetMatrix type_id="opencv-matrix">
  <rows>3</rows>
  <cols>1</cols>
  <dt>d</dt>
  <data>
    -1.9973164005301137e+03 2.1641934999761547e+03
    1.7554675049330795e+04</data></offsetMatrix>
<deltaXY>
  1735. -17090.</deltaXY>
<headLocation>
  1735. -17090.</headLocation>
<pointA>
  1.1371310860414042e+03 1.9718813282367910e+03</pointA>
<pointB>
  2.5723255465037687e+03 1.9676105451803887e+03</pointB>
<pointV>
  1.8523699951171875e+03 9.7822998046875000e+02</pointV>
<cameraLocation>
  1.6934635009765625e+03 -1.7564855468750000e+04 2.3340185546875000e+03</cameraLocation>
<extrinsicMatrix type_id="opencv-matrix">
  <rows>4</rows>
  <cols>4</cols>
  <dt>d</dt>
  <data>
    9.9984840428934041e-01 -1.7399662780459343e-02
    -6.4820921455909842e-04 -1.9973164005301137e+03
    -8.1779152595275401e-04 -9.7409536257949784e-03
    -9.9995222137834183e-01 2.1641934999761547e+03
    1.7392517272655544e-02 9.9980116301071909e-01
    -9.7537062357838707e-03 1.7554675049330795e+04 0. 0. 0. 1.</data></extrinsicMatrix>
 <!-- resumed -->

<yaw_z>-9.9656809798895474e-01</yaw_z>
<pitch_x>9.0558939611848658e+01</pitch_x>
<roll_z>-4.6863096754449725e-02</roll_z>
</opencv_storage>
