<?xml version="1.0"?>
<opencv_storage>
<camera_name>FL</camera_name>
<camera_model>FISHEYE</camera_model>
<calibration_time>"2022-06-22 16:19:05"</calibration_time>
<camIntrinsicMat type_id="opencv-matrix">
  <rows>3</rows>
  <cols>3</cols>
  <dt>d</dt>
  <data>
    1.1545790667266665e+03 0. 9.6595447747778235e+02 0.
    1.1545112026296629e+03 6.0058014325554200e+02 0. 0. 1.</data></camIntrinsicMat>
<distortion_coefficients type_id="opencv-matrix">
  <rows>4</rows>
  <cols>1</cols>
  <dt>d</dt>
  <data>
    -3.9464517477554403e-02 -4.0929912774036337e-03
    -2.6139881612961351e-03 -2.9802171685867989e-03</data></distortion_coefficients>
<camIntriMatrix type_id="opencv-matrix">
  <rows>3</rows>
  <cols>4</cols>
  <dt>d</dt>
  <data>
    1.1545790667266665e+03 0. 9.6595447747778235e+02 0. 0.
    1.1545112026296629e+03 6.0058014325554200e+02 0. 0. 0. 1. 0.</data></camIntriMatrix>
<avg_reprojection_error>1.4499603955594526e-01</avg_reprojection_error>
</opencv_storage>
