<?xml version="1.0"?>
<opencv_storage>
<camera_name>FL</camera_name>
<calibration_time>"2022-06-22 17:23:47"</calibration_time>
<undistort>1</undistort>
<rotationMatrix type_id="opencv-matrix">
  <rows>3</rows>
  <cols>3</cols>
  <dt>d</dt>
  <data>
    -7.1261211798676027e-01 7.0078078372873986e-01
    3.3019122564913628e-02 -1.2996804907934145e-02
    3.3870372505938495e-02 -9.9934172380046937e-01
    -7.0143784639881579e-01 -7.1257216548419966e-01
    -1.5028526759106264e-02</data></rotationMatrix>
<offsetMatrix type_id="opencv-matrix">
  <rows>3</rows>
  <cols>1</cols>
  <dt>d</dt>
  <data>
    2.6129006624841177e+03 1.4229654181570922e+03
    -4.5379749004302794e+03</data></offsetMatrix>
<deltaXY>
  0. 0.</deltaXY>
<headLocation>
  0. 0.</headLocation>
<pointA>
  0. 0.</pointA>
<pointB>
  0. 0.</pointB>
<pointV>
  0. 0.</pointV>
<cameraLocation>
  -1.3026286621093750e+03 -5.1129013671875000e+03 1.2675539550781250e+03</cameraLocation>
<extrinsicMatrix type_id="opencv-matrix">
  <rows>4</rows>
  <cols>4</cols>
  <dt>d</dt>
  <data>
    -7.1261211798676027e-01 7.0078078372873986e-01
    3.3019122564913628e-02 2.6129006624841177e+03
    -1.2996804907934145e-02 3.3870372505938495e-02
    -9.9934172380046937e-01 1.4229654181570922e+03
    -7.0143784639881579e-01 -7.1257216548419966e-01
    -1.5028526759106264e-02 -4.5379749004302794e+03 0. 0. 0. 1.</data></extrinsicMatrix>
 <!-- resumed -->

<bsd_deltaXY>
  -3160. -8430.</bsd_deltaXY>
<yaw>4.4542476010166780e+01</yaw>
<pitch>-9.1208219405941733e+01</pitch>
<roll>-1.7895514053242934e+02</roll>
<avg_reprojection_error>4.3674749135971069e-01</avg_reprojection_error>
</opencv_storage>
