<?xml version="1.0"?>
<opencv_storage>
<camera_name>FR</camera_name>
<calibration_time>"2022-03-24 19:43:14"</calibration_time>
<undistort>1</undistort>
<rotationMatrix type_id="opencv-matrix">
  <rows>3</rows>
  <cols>3</cols>
  <dt>d</dt>
  <data>
    -7.0324824334381297e-01 -7.1039747700623346e-01
    2.7880690397103669e-02 -2.0619208547387302e-02
    -1.8819607897473278e-02 -9.9961025934984515e-01
    7.1064530989286112e-01 -7.0354903668597502e-01
    -1.4129775356117591e-03</data></rotationMatrix>
<offsetMatrix type_id="opencv-matrix">
  <rows>3</rows>
  <cols>1</cols>
  <dt>d</dt>
  <data>
    -2.7146538036046850e+03 1.1891022722168070e+03
    -4.4957326804580634e+03</data></offsetMatrix>
<deltaXY>
  0. 0.</deltaXY>
<headLocation>
  0. 0.</headLocation>
<pointA>
  0. 0.</pointA>
<pointB>
  0. 0.</pointB>
<pointV>
  0. 0.</pointV>
<cameraLocation>
  1.3103142089843750e+03 -5.0690732421875000e+03 1.2579729003906250e+03</cameraLocation>
<extrinsicMatrix type_id="opencv-matrix">
  <rows>4</rows>
  <cols>4</cols>
  <dt>d</dt>
  <data>
    -7.0324824334381297e-01 -7.1039747700623346e-01
    2.7880690397103669e-02 -2.7146538036046850e+03
    -2.0619208547387302e-02 -1.8819607897473278e-02
    -9.9961025934984515e-01 1.1891022722168070e+03
    7.1064530989286112e-01 -7.0354903668597502e-01
    -1.4129775356117591e-03 -4.4957326804580634e+03 0. 0. 0. 1.</data></extrinsicMatrix>
 <!-- resumed -->

<bsd_deltaXY>
  2305. -9385.</bsd_deltaXY>
<yaw>-4.5287443698519169e+01</yaw>
<pitch>-9.0115070217239534e+01</pitch>
<roll>-1.7832057132014629e+02</roll>
<avg_reprojection_error>4.2023316025733948e-01</avg_reprojection_error>
</opencv_storage>
