<?xml version="1.0"?>
<opencv_storage>
<camera_name>FR</camera_name>
<camera_model>FISHEYE</camera_model>
<calibration_time>"2022-03-24 19:41:45"</calibration_time>
<camIntrinsicMat type_id="opencv-matrix">
  <rows>3</rows>
  <cols>3</cols>
  <dt>d</dt>
  <data>
    1.1510221051949079e+03 0. 9.6932694519717631e+02 0.
    1.1520295831755393e+03 5.9845818587560836e+02 0. 0. 1.</data></camIntrinsicMat>
<distortion_coefficients type_id="opencv-matrix">
  <rows>4</rows>
  <cols>1</cols>
  <dt>d</dt>
  <data>
    -3.7561320372173412e-02 -5.5563125429326961e-03
    -5.0085333562345721e-03 1.4932436789757406e-03</data></distortion_coefficients>
<camIntriMatrix type_id="opencv-matrix">
  <rows>3</rows>
  <cols>4</cols>
  <dt>d</dt>
  <data>
    1.1510221051949079e+03 0. 9.6932694519717631e+02 0. 0.
    1.1520295831755393e+03 5.9845818587560836e+02 0. 0. 0. 1. 0.</data></camIntriMatrix>
<avg_reprojection_error>2.5535164053765458e-01</avg_reprojection_error>
</opencv_storage>
