<?xml version="1.0"?>
<opencv_storage>
<camera_name>FC120</camera_name>
<calibration_time>"2022-12-20 10:40:20"</calibration_time>
<undistort>1</undistort>
<rotationMatrix type_id="opencv-matrix">
  <rows>3</rows>
  <cols>3</cols>
  <dt>d</dt>
  <data>
    9.9975978666369070e-01 -2.1913958873316607e-02
    3.8389669233346047e-04 3.5624238906292575e-04
    -1.2658390788949385e-03 -9.9999913537101948e-01
    2.1914425877308102e-02 9.9975905900268036e-01
    -1.2577283264037095e-03</data></rotationMatrix>
<offsetMatrix type_id="opencv-matrix">
  <rows>3</rows>
  <cols>1</cols>
  <dt>d</dt>
  <data>
    -1.8217687507391724e+03 1.4273152171654970e+03
    3.2513059382186157e+03</data></offsetMatrix>
<deltaXY>
  1830. -3200.</deltaXY>
<headLocation>
  1830. -3200.</headLocation>
<pointA>
  4.2131601884276699e+02 1.0303460205090469e+03</pointA>
<pointB>
  1.5021404283931793e+03 1.0204462676370592e+03</pointB>
<pointV>
  9.4750994873046875e+02 5.9980432128906250e+02</pointV>
<cameraLocation>
  1.7495721435546875e+03 -3.2886379394531250e+03 1.4321026611328125e+03</cameraLocation>
<extrinsicMatrix type_id="opencv-matrix">
  <rows>4</rows>
  <cols>4</cols>
  <dt>d</dt>
  <data>
    9.9975978666369070e-01 -2.1913958873316607e-02
    3.8389669233346047e-04 -1.8217687507391724e+03
    3.5624238906292575e-04 -1.2658390788949385e-03
    -9.9999913537101948e-01 1.4273152171654970e+03
    2.1914425877308102e-02 9.9975905900268036e-01
    -1.2577283264037095e-03 3.2513059382186157e+03 0. 0. 0. 1.</data></extrinsicMatrix>
 <!-- resumed -->

<yaw_z>1.2556788390446576e+00</yaw_z>
<pitch_x>9.0072525453085362e+01</pitch_x>
<roll_z>0.</roll_z>
</opencv_storage>
