<?xml version="1.0"?>
<opencv_storage>
<camera_name>FC120</camera_name>
<camera_model>FISHEYE</camera_model>
<calibration_time>"2022-12-19 10:41:06"</calibration_time>
<camIntrinsicMat type_id="opencv-matrix">
  <rows>3</rows>
  <cols>3</cols>
  <dt>d</dt>
  <data>
    9.7732928451717248e+02 0. 9.6893226399106993e+02 0.
    9.7791787568676114e+02 6.0104250628158366e+02 0. 0. 1.</data></camIntrinsicMat>
<distortion_coefficients type_id="opencv-matrix">
  <rows>4</rows>
  <cols>1</cols>
  <dt>d</dt>
  <data>
    -3.1798301266736370e-02 -1.3110458353694971e-02
    -1.7996910424206668e-03 1.5400096558591686e-03</data></distortion_coefficients>
<camIntriMatrix type_id="opencv-matrix">
  <rows>3</rows>
  <cols>4</cols>
  <dt>d</dt>
  <data>
    9.7732928451717248e+02 0. 9.6893226399106993e+02 0. 0.
    9.7791787568676114e+02 6.0104250628158366e+02 0. 0. 0. 1. 0.</data></camIntriMatrix>
<avg_reprojection_error>1.8967837987604777e-01</avg_reprojection_error>
</opencv_storage>
