<?xml version="1.0"?>
<opencv_storage>
<camera_name>FL</camera_name>
<camera_model>FISHEYE</camera_model>
<calibration_time>"2022-07-28 09:47:27"</calibration_time>
<camIntrinsicMat type_id="opencv-matrix">
  <rows>3</rows>
  <cols>3</cols>
  <dt>d</dt>
  <data>
    1.1360139748808879e+03 0. 9.6014419198434814e+02 0.
    1.1384675484954882e+03 5.8808089639756145e+02 0. 0. 1.</data></camIntrinsicMat>
<distortion_coefficients type_id="opencv-matrix">
  <rows>4</rows>
  <cols>1</cols>
  <dt>d</dt>
  <data>
    -3.4957962518460881e-02 3.0665006263610042e-02
    -1.2049039460736412e-01 1.0110316495455804e-01</data></distortion_coefficients>
<camIntriMatrix type_id="opencv-matrix">
  <rows>3</rows>
  <cols>4</cols>
  <dt>d</dt>
  <data>
    1.1360139748808879e+03 0. 9.6014419198434814e+02 0. 0.
    1.1384675484954882e+03 5.8808089639756145e+02 0. 0. 0. 1. 0.</data></camIntriMatrix>
<avg_reprojection_error>3.0285704226192556e-01</avg_reprojection_error>
</opencv_storage>
