<?xml version="1.0"?>
<opencv_storage>
<camera_name>FL</camera_name>
<calibration_time>"2022-07-28 15:20:44"</calibration_time>
<undistort>1</undistort>
<rotationMatrix type_id="opencv-matrix">
  <rows>3</rows>
  <cols>3</cols>
  <dt>d</dt>
  <data>
    -6.8603077190295991e-01 7.2674052990031934e-01
    3.4784798438857623e-02 -1.9128702010445420e-02
    2.9776966101368818e-02 -9.9937351628367366e-01
    -7.2732102455629910e-01 -6.8626637283929437e-01
    -6.5263120040733869e-03</data></rotationMatrix>
<offsetMatrix type_id="opencv-matrix">
  <rows>3</rows>
  <cols>1</cols>
  <dt>d</dt>
  <data>
    2.7939419564730065e+03 1.3656148334169861e+03
    -4.4539133597687469e+03</data></offsetMatrix>
<deltaXY>
  0. 0.</deltaXY>
<headLocation>
  0. 0.</headLocation>
<pointA>
  0. 0.</pointA>
<pointB>
  0. 0.</pointB>
<pointV>
  0. 0.</pointV>
<cameraLocation>
  -1.2965722656250000e+03 -5.1277055664062500e+03 1.2385050048828125e+03</cameraLocation>
<extrinsicMatrix type_id="opencv-matrix">
  <rows>4</rows>
  <cols>4</cols>
  <dt>d</dt>
  <data>
    -6.8603077190295991e-01 7.2674052990031934e-01
    3.4784798438857623e-02 2.7939419564730065e+03
    -1.9128702010445420e-02 2.9776966101368818e-02
    -9.9937351628367366e-01 1.3656148334169861e+03
    -7.2732102455629910e-01 -6.8626637283929437e-01
    -6.5263120040733869e-03 -4.4539133597687469e+03 0. 0. 0. 1.</data></extrinsicMatrix>
 <!-- resumed -->

<bsd_deltaXY>
  -3230. -8600.</bsd_deltaXY>
<yaw>4.6662273224611731e+01</yaw>
<pitch>-9.0544859658800632e+01</pitch>
<roll>-1.7840282675963579e+02</roll>
<avg_reprojection_error>5.8197146654129028e-01</avg_reprojection_error>
</opencv_storage>
