<?xml version="1.0"?>
<opencv_storage>
<camera_name>RR</camera_name>
<camera_model>FISHEYE</camera_model>
<calibration_time>"2022-01-20 15:42:38"</calibration_time>
<camIntrinsicMat type_id="opencv-matrix">
  <rows>3</rows>
  <cols>3</cols>
  <dt>d</dt>
  <data>
    1.4213366303502539e+03 0. 1.4174143076420646e+03 0.
    1.4219979835624436e+03 8.9286824837788583e+02 0. 0. 1.</data></camIntrinsicMat>
<distortion_coefficients type_id="opencv-matrix">
  <rows>4</rows>
  <cols>1</cols>
  <dt>d</dt>
  <data>
    2.7587821728877391e-02 -1.7546874818087855e-02
    3.2124157618592872e-02 -1.7731699512980609e-02</data></distortion_coefficients>
<camIntriMatrix type_id="opencv-matrix">
  <rows>3</rows>
  <cols>4</cols>
  <dt>d</dt>
  <data>
    1.4213366303502539e+03 0. 1.4174143076420646e+03 0. 0.
    1.4219979835624436e+03 8.9286824837788583e+02 0. 0. 0. 1. 0.</data></camIntriMatrix>
<avg_reprojection_error>5.2400371084068276e-01</avg_reprojection_error>
</opencv_storage>
