<?xml version="1.0"?>
<opencv_storage>
<camera_name>RR</camera_name>
<calibration_time>"2022-01-24 10:44:30"</calibration_time>
<undistort>1</undistort>
<rotationMatrix type_id="opencv-matrix">
  <rows>3</rows>
  <cols>3</cols>
  <dt>d</dt>
  <data>
    6.8710631691592994e-01 -7.2652173663458519e-01
    -7.1467091512300573e-03 -1.3060554003489933e-02
    -2.5159772909048028e-03 -9.9991154198128629e-01
    7.2643948900328081e-01 6.8713887683330666e-01
    -1.1217520265822983e-02</data></rotationMatrix>
<offsetMatrix type_id="opencv-matrix">
  <rows>3</rows>
  <cols>1</cols>
  <dt>d</dt>
  <data>
    -9.6143388372443758e+02 1.6554562574577544e+03
    -9.0798885405221677e+02</data></offsetMatrix>
<deltaXY>
  0. 0.</deltaXY>
<headLocation>
  0. 0.</headLocation>
<pointA>
  0. 0.</pointA>
<pointB>
  0. 0.</pointB>
<pointV>
  0. 0.</pointV>
<cameraLocation>
  1.3418273925781250e+03 -7.0423080444335938e+01 1.6382532958984375e+03</cameraLocation>
<extrinsicMatrix type_id="opencv-matrix">
  <rows>4</rows>
  <cols>4</cols>
  <dt>d</dt>
  <data>
    6.8710631691592994e-01 -7.2652173663458519e-01
    -7.1467091512300573e-03 -9.6143388372443758e+02
    -1.3060554003489933e-02 -2.5159772909048028e-03
    -9.9991154198128629e-01 1.6554562574577544e+03
    7.2643948900328081e-01 6.8713887683330666e-01
    -1.1217520265822983e-02 -9.0798885405221677e+02 0. 0. 0. 1.</data></extrinsicMatrix>
 <!-- resumed -->

<bsd_deltaXY>
  2225. 3450.</bsd_deltaXY>
<yaw>-4.6588729492255254e+01</yaw>
<pitch>9.0935268696026299e+01</pitch>
<roll>-1.0889501377935245e+00</roll>
<avg_reprojection_error>2.7696964263916016e+01</avg_reprojection_error>
</opencv_storage>
