<?xml version="1.0"?>
<opencv_storage>
<camera_name>FC120</camera_name>
<calibration_time>"2022-06-24 17:21:41"</calibration_time>
<undistort>1</undistort>
<rotationMatrix type_id="opencv-matrix">
  <rows>3</rows>
  <cols>3</cols>
  <dt>d</dt>
  <data>
    9.9988873608366402e-01 1.4916584896719931e-02 1.0463284318892737e-04
    -1.8392249482019328e-04 1.9341913741769166e-02
    -9.9981291077147127e-01 -1.4915817963786836e-02
    9.9970164842708198e-01 1.9342505180205225e-02</data></rotationMatrix>
<offsetMatrix type_id="opencv-matrix">
  <rows>3</rows>
  <cols>1</cols>
  <dt>d</dt>
  <data>
    -1.7108906022194681e+03 1.5087015283490612e+03
    3.4595697092774440e+03</data></offsetMatrix>
<deltaXY>
  1810. -3370.</deltaXY>
<headLocation>
  1810. -3370.</headLocation>
<pointA>
  4.7953648346999876e+02 1.0242812673586675e+03</pointA>
<pointB>
  1.5115610432132439e+03 1.0308609094789822e+03</pointB>
<pointV>
  9.7650469970703125e+02 6.1730566406250000e+02</pointV>
<cameraLocation>
  1.7625800781250000e+03 -3.4621979980468750e+03 1.4416815185546875e+03</cameraLocation>
<extrinsicMatrix type_id="opencv-matrix">
  <rows>4</rows>
  <cols>4</cols>
  <dt>d</dt>
  <data>
    9.9988873608366402e-01 1.4916584896719931e-02 1.0463284318892737e-04
    -1.7108906022194681e+03 -1.8392249482019328e-04
    1.9341913741769166e-02 -9.9981291077147127e-01
    1.5087015283490612e+03 -1.4915817963786836e-02
    9.9970164842708198e-01 1.9342505180205225e-02 3.4595697092774440e+03
    0. 0. 0. 1.</data></extrinsicMatrix>
 <!-- resumed -->

<yaw_z>8.5464508864286659e-01</yaw_z>
<pitch_x>8.8891563645711997e+01</pitch_x>
<roll_z>-1.0539155219547494e-02</roll_z>
</opencv_storage>
