<?xml version="1.0"?>
<opencv_storage>
<camera_name>FC120</camera_name>
<camera_model>FISHEYE</camera_model>
<calibration_time>"2022-06-24 16:19:20"</calibration_time>
<camIntrinsicMat type_id="opencv-matrix">
  <rows>3</rows>
  <cols>3</cols>
  <dt>d</dt>
  <data>
    9.7548112782485566e+02 0. 9.6194951008496571e+02 0.
    9.7655211063673539e+02 5.9841164031251708e+02 0. 0. 1.</data></camIntrinsicMat>
<distortion_coefficients type_id="opencv-matrix">
  <rows>4</rows>
  <cols>1</cols>
  <dt>d</dt>
  <data>
    -3.0759566887751819e-02 -2.7640572326694215e-02
    2.2844081886572960e-02 -1.1023127876013701e-02</data></distortion_coefficients>
<camIntriMatrix type_id="opencv-matrix">
  <rows>3</rows>
  <cols>4</cols>
  <dt>d</dt>
  <data>
    9.7548112782485566e+02 0. 9.6194951008496571e+02 0. 0.
    9.7655211063673539e+02 5.9841164031251708e+02 0. 0. 0. 1. 0.</data></camIntriMatrix>
<avg_reprojection_error>2.0582509773402802e-01</avg_reprojection_error>
</opencv_storage>
