<?xml version="1.0"?>
<opencv_storage>
<camera_name>FC120</camera_name>
<calibration_time>"2022-12-25 15:52:27"</calibration_time>
<undistort>1</undistort>
<rotationMatrix type_id="opencv-matrix">
  <rows>3</rows>
  <cols>3</cols>
  <dt>d</dt>
  <data>
    9.9977662826043079e-01 -2.0964635350343805e-02
    2.6791134413306672e-03 2.6512771929602364e-03
    -1.3554536510782715e-03 -9.9999556672749601e-01
    2.0968173822498052e-02 9.9977929905055896e-01
    -1.2995678214752305e-03</data></rotationMatrix>
<offsetMatrix type_id="opencv-matrix">
  <rows>3</rows>
  <cols>1</cols>
  <dt>d</dt>
  <data>
    -1.8336413721948957e+03 1.4177770377120025e+03
    3.2946459133596304e+03</data></offsetMatrix>
<deltaXY>
  1825. -3285.</deltaXY>
<headLocation>
  1825. -3285.</headLocation>
<pointA>
  4.2617152194131597e+02 1.0097228236852482e+03</pointA>
<pointB>
  1.4899208762528610e+03 1.0030214873577188e+03</pointB>
<pointV>
  9.4781811523437500e+02 5.8927624511718750e+02</pointV>
<cameraLocation>
  1.7603901367187500e+03 -3.3304387207031250e+03 1.4269648437500000e+03</cameraLocation>
<extrinsicMatrix type_id="opencv-matrix">
  <rows>4</rows>
  <cols>4</cols>
  <dt>d</dt>
  <data>
    9.9977662826043079e-01 -2.0964635350343805e-02
    2.6791134413306672e-03 -1.8336413721948957e+03
    2.6512771929602364e-03 -1.3554536510782715e-03
    -9.9999556672749601e-01 1.4177770377120025e+03
    2.0968173822498052e-02 9.9977929905055896e-01
    -1.2995678214752305e-03 3.2946459133596304e+03 0. 0. 0. 1.</data></extrinsicMatrix>
 <!-- resumed -->

<yaw_z>1.2012742478713905e+00</yaw_z>
<pitch_x>9.0077661755341211e+01</pitch_x>
<roll_z>0.</roll_z>
</opencv_storage>
