<?xml version="1.0"?>
<opencv_storage>
<camera_name>FC120</camera_name>
<camera_model>FISHEYE</camera_model>
<calibration_time>"2022-12-20 16:06:15"</calibration_time>
<camIntrinsicMat type_id="opencv-matrix">
  <rows>3</rows>
  <cols>3</cols>
  <dt>d</dt>
  <data>
    973.97969694952042 0. 968.24175193557096 0.
   973.96989008252797 590.59670758806112 0. 0. 1.</data></camIntrinsicMat>
<distortion_coefficients type_id="opencv-matrix">
  <rows>4</rows>
  <cols>1</cols>
  <dt>d</dt>
  <data>
    -0.033246348191736969 -0.020214903935514249
    0.014317206574833433 -0.0081780701078063255</data></distortion_coefficients>
<camIntriMatrix type_id="opencv-matrix">
  <rows>3</rows>
  <cols>4</cols>
  <dt>d</dt>
  <data>
    973.97969694952042 0. 968.24175193557096 0. 0.
   973.96989008252797 590.59670758806112 0. 0. 0. 1. 0.</data></camIntriMatrix>
<avg_reprojection_error>1.6075191862406424e-01</avg_reprojection_error>
</opencv_storage>
