<?xml version="1.0"?>
<opencv_storage>
<camera_name>RC</camera_name>
<camera_model>PINHOLE</camera_model>
<calibration_time>"2022-02-23 09:43:43"</calibration_time>
<camIntrinsicMat type_id="opencv-matrix">
  <rows>3</rows>
  <cols>3</cols>
  <dt>d</dt>
  <data>
    2.6528536763831617e+03 0. 1.4040021315465692e+03 0.
    2.6605591344729778e+03 9.2341165714122712e+02 0. 0. 1.</data></camIntrinsicMat>
<distortion_coefficients type_id="opencv-matrix">
  <rows>1</rows>
  <cols>5</cols>
  <dt>d</dt>
  <data>
    -3.6449627143140811e-01 -1.0157298137777544e-01
    -5.7397308936602660e-04 -8.2609410901081978e-04
    3.1081363502729975e-01</data></distortion_coefficients>
<camIntriMatrix type_id="opencv-matrix">
  <rows>3</rows>
  <cols>4</cols>
  <dt>d</dt>
  <data>
    2.6528536763831617e+03 0. 1.4040021315465692e+03 0. 0.
    2.6605591344729778e+03 9.2341165714122712e+02 0. 0. 0. 1. 0.</data></camIntriMatrix>
<avg_reprojection_error>3.7893114942878403e-01</avg_reprojection_error>
</opencv_storage>
