<?xml version="1.0"?>
<opencv_storage>
<camera_name>FL</camera_name>
<camera_model>FISHEYE</camera_model>
<calibration_time>"2022-01-22 21:53:23"</calibration_time>
<camIntrinsicMat type_id="opencv-matrix">
  <rows>3</rows>
  <cols>3</cols>
  <dt>d</dt>
  <data>
    1.4223611323329033e+03 0. 1.4030029224765524e+03 0.
    1.4216414879601607e+03 9.1478879493633792e+02 0. 0. 1.</data></camIntrinsicMat>
<distortion_coefficients type_id="opencv-matrix">
  <rows>4</rows>
  <cols>1</cols>
  <dt>d</dt>
  <data>
    2.3810124996139295e-02 -4.8402494777587141e-03
    1.3885353426394265e-02 -9.2419972656681386e-03</data></distortion_coefficients>
<camIntriMatrix type_id="opencv-matrix">
  <rows>3</rows>
  <cols>4</cols>
  <dt>d</dt>
  <data>
    1.4223611323329033e+03 0. 1.4030029224765524e+03 0. 0.
    1.4216414879601607e+03 9.1478879493633792e+02 0. 0. 0. 1. 0.</data></camIntriMatrix>
<avg_reprojection_error>5.0126846481031007e-01</avg_reprojection_error>
</opencv_storage>
