<?xml version="1.0"?>
<opencv_storage>
<camera_name>FL</camera_name>
<calibration_time>"2022-01-24 10:25:32"</calibration_time>
<undistort>1</undistort>
<rotationMatrix type_id="opencv-matrix">
  <rows>3</rows>
  <cols>3</cols>
  <dt>d</dt>
  <data>
    -7.1416151756868063e-01 6.9988883170574723e-01
    -1.1355618766198394e-02 -3.2088577024028120e-03
    -1.9496017152790035e-02 -9.9980478521930649e-01
    -6.9997359239920243e-01 -7.1398566411990505e-01
    1.6169148864825900e-02</data></rotationMatrix>
<offsetMatrix type_id="opencv-matrix">
  <rows>3</rows>
  <cols>1</cols>
  <dt>d</dt>
  <data>
    -8.6704670098766360e+02 1.6808044809888490e+03
    -1.0636393209792848e+03</data></offsetMatrix>
<deltaXY>
  0. 0.</deltaXY>
<headLocation>
  0. 0.</headLocation>
<pointA>
  0. 0.</pointA>
<pointB>
  0. 0.</pointB>
<pointV>
  0. 0.</pointV>
<cameraLocation>
  -1.3583374023437500e+03 -1.1981793212890625e+02 1.6878286132812500e+03</cameraLocation>
<extrinsicMatrix type_id="opencv-matrix">
  <rows>4</rows>
  <cols>4</cols>
  <dt>d</dt>
  <data>
    -7.1416151756868063e-01 6.9988883170574723e-01
    -1.1355618766198394e-02 -8.6704670098766360e+02
    -3.2088577024028120e-03 -1.9496017152790035e-02
    -9.9980478521930649e-01 1.6808044809888490e+03
    -6.9997359239920243e-01 -7.1398566411990505e-01
    1.6169148864825900e-02 -1.0636393209792848e+03 0. 0. 0. 1.</data></extrinsicMatrix>
 <!-- resumed -->

<bsd_deltaXY>
  -3365. -4495.</bsd_deltaXY>
<yaw>4.4424885318637678e+01</yaw>
<pitch>-8.8702683107600194e+01</pitch>
<roll>-1.7974256136512398e+02</roll>
<avg_reprojection_error>4.4486069679260254e-01</avg_reprojection_error>
</opencv_storage>
