<?xml version="1.0"?>
<opencv_storage>
<camera_name>FL</camera_name>
<camera_model>PINHOLE</camera_model>
<calibration_time>"2021-12-16 23:00:40"</calibration_time>
<camIntrinsicMat type_id="opencv-matrix">
  <rows>3</rows>
  <cols>3</cols>
  <dt>d</dt>
  <data>
    1.1562838814723807e+03 0. 9.6997400050584520e+02 0.
    1.1559941229946164e+03 6.0043770500122776e+02 0. 0. 1.</data></camIntrinsicMat>
<distortion_coefficients type_id="opencv-matrix">
  <rows>1</rows>
  <cols>5</cols>
  <dt>d</dt>
  <data>
    -3.5310051713763496e-01 1.5871318937920309e-01
    -1.3015614854085310e-04 -3.9033854428669298e-04
    -3.9884358331171779e-02</data></distortion_coefficients>
<camIntriMatrix type_id="opencv-matrix">
  <rows>3</rows>
  <cols>4</cols>
  <dt>d</dt>
  <data>
    1.1562838814723807e+03 0. 9.6997400050584520e+02 0. 0.
    1.1559941229946164e+03 6.0043770500122776e+02 0. 0. 0. 1. 0.</data></camIntriMatrix>
<avg_reprojection_error>7.1077342218183148e-01</avg_reprojection_error>
</opencv_storage>
