<?xml version="1.0"?>
<opencv_storage>
<camera_name>FC120</camera_name>
<camera_model>FISHEYE</camera_model>
<calibration_time>"2023-1-07 13:10:02"</calibration_time>
<camIntrinsicMat type_id="opencv-matrix">
  <rows>3</rows>
  <cols>3</cols>
  <dt>d</dt>
  <data>
     985.28568445008352 0. 967.42200043890386 0.
    985.95548148472631 603.64623916255061 0. 0. 1.</data></camIntrinsicMat>
<distortion_coefficients type_id="opencv-matrix">
  <rows>4</rows>
  <cols>1</cols>
  <dt>d</dt>
  <data>
   -0.037676967878326098 0.014294350065532632
    -0.054095947749740698 0.028436420996445489</data></distortion_coefficients>
<camIntriMatrix type_id="opencv-matrix">
  <rows>3</rows>
  <cols>4</cols>
  <dt>d</dt>
  <data>
     985.28568445008352 0. 967.42200043890386 0. 0.
    985.95548148472631 603.64623916255061 0. 0. 0. 1. 0.</data></camIntriMatrix>
<avg_reprojection_error>5.4697344214824939e-01</avg_reprojection_error>
</opencv_storage>
