<?xml version="1.0"?>
<opencv_storage>
<camera_name>FC120</camera_name>
<camera_model>FISHEYE</camera_model>
<calibration_time>"2022-06-03 10:06:35"</calibration_time>
<camIntrinsicMat type_id="opencv-matrix">
  <rows>3</rows>
  <cols>3</cols>
  <dt>d</dt>
  <data>
    1.9506592935364870e+03 0. 1.9770478473401959e+03 0.
    1.9508117738745232e+03 1.0786204201895550e+03 0. 0. 1.</data></camIntrinsicMat>
<distortion_coefficients type_id="opencv-matrix">
  <rows>4</rows>
  <cols>1</cols>
  <dt>d</dt>
  <data>
    -5.0519061674533024e-02 -7.9929827525078833e-03
    9.7004565764459497e-03 -4.3547750401945577e-03</data></distortion_coefficients>
<camIntriMatrix type_id="opencv-matrix">
  <rows>3</rows>
  <cols>4</cols>
  <dt>d</dt>
  <data>
    1.9506592935364870e+03 0. 1.9770478473401959e+03 0. 0.
    1.9508117738745232e+03 1.0786204201895550e+03 0. 0. 0. 1. 0.</data></camIntriMatrix>
<avg_reprojection_error>1.5633755701472424e-01</avg_reprojection_error>
</opencv_storage>
