<?xml version="1.0"?>
<opencv_storage>
<camera_name>FC120</camera_name>
<calibration_time>"2022-09-10 17:09:41"</calibration_time>
<undistort>1</undistort>
<rotationMatrix type_id="opencv-matrix">
  <rows>3</rows>
  <cols>3</cols>
  <dt>d</dt>
  <data>
    9.9978591687615592e-01 1.1696832407269417e-02
    -1.7067645641405189e-02 -1.6958567092978823e-02
    -9.3620686499579619e-03 -9.9981236173231347e-01
    -1.1854426104087087e-02 9.9988776159238479e-01
    -9.1617028719017286e-03</data></rotationMatrix>
<offsetMatrix type_id="opencv-matrix">
  <rows>3</rows>
  <cols>1</cols>
  <dt>d</dt>
  <data>
    -1.6308627348397508e+03 2.2903498846229086e+03
    5.3105570761180397e+03</data></offsetMatrix>
<deltaXY>
  1715. -5130.</deltaXY>
<headLocation>
  1715. -5130.</headLocation>
<pointA>
  1.3780038102270580e+03 1.9199712346469746e+03</pointA>
<pointB>
  2.6315828067532148e+03 1.9050627596828765e+03</pointB>
<pointV>
  1.9998669433593750e+03 1.0603547363281250e+03</pointV>
<cameraLocation>
  1.7323082275390625e+03 -5.2694428710937500e+03 2.3107387695312500e+03</cameraLocation>
<extrinsicMatrix type_id="opencv-matrix">
  <rows>4</rows>
  <cols>4</cols>
  <dt>d</dt>
  <data>
    9.9978591687615592e-01 1.1696832407269417e-02
    -1.7067645641405189e-02 -1.6308627348397508e+03
    -1.6958567092978823e-02 -9.3620686499579619e-03
    -9.9981236173231347e-01 2.2903498846229086e+03
    -1.1854426104087087e-02 9.9988776159238479e-01
    -9.1617028719017286e-03 5.3105570761180397e+03 0. 0. 0. 1.</data></extrinsicMatrix>
 <!-- resumed -->

<yaw_z>6.7922449845357602e-01</yaw_z>
<pitch_x>9.0524971140185343e+01</pitch_x>
<roll_z>-9.7176918959618519e-01</roll_z>
</opencv_storage>
