<?xml version="1.0"?>
<opencv_storage>
<camera_name>FC60</camera_name>
<calibration_time>"2022-02-25 12:51:23"</calibration_time>
<undistort>1</undistort>
<rotationMatrix type_id="opencv-matrix">
  <rows>3</rows>
  <cols>3</cols>
  <dt>d</dt>
  <data>
    9.9997067756172830e-01 7.1968158459495149e-03
    -2.6172234175666871e-03 -2.6215140046561614e-03
    5.8680975699076411e-04 -9.9999639165280607e-01
    -7.1952540651015993e-03 9.9997393040818250e-01
    6.0565910382697559e-04</data></rotationMatrix>
<offsetMatrix type_id="opencv-matrix">
  <rows>3</rows>
  <cols>1</cols>
  <dt>d</dt>
  <data>
    -1.8889898678287871e+03 1.4577169916104065e+03
    5.4028503854050878e+03</data></offsetMatrix>
<deltaXY>
  1885. -5315.</deltaXY>
<headLocation>
  1885. -5315.</headLocation>
<pointA>
  2.7263786136311171e+02 1.1458823891714512e+03</pointA>
<pointB>
  1.5933327527561601e+03 1.1449869268434666e+03</pointB>
<pointV>
  9.7051037597656250e+02 6.2236840820312500e+02</pointV>
<cameraLocation>
  1.9316307373046875e+03 -5.3899702148437500e+03 1.4494954833984375e+03</cameraLocation>
<extrinsicMatrix type_id="opencv-matrix">
  <rows>4</rows>
  <cols>4</cols>
  <dt>d</dt>
  <data>
    9.9997067756172830e-01 7.1968158459495149e-03
    -2.6172234175666871e-03 -1.8889898678287871e+03
    -2.6215140046561614e-03 5.8680975699076411e-04
    -9.9999639165280607e-01 1.4577169916104065e+03
    -7.1952540651015993e-03 9.9997393040818250e-01
    6.0565910382697559e-04 5.4028503854050878e+03 0. 0. 0. 1.</data></extrinsicMatrix>
 <!-- resumed -->

<yaw_z>-4.1235079318983464e-01</yaw_z>
<pitch_x>8.9966377483194194e+01</pitch_x>
<roll_z>0.</roll_z>
</opencv_storage>
