<?xml version="1.0"?>
<opencv_storage>
<camera_name>FC60</camera_name>
<camera_model>PINHOLE</camera_model>
<calibration_time>"2022-02-23 11:42:04"</calibration_time>
<camIntrinsicMat type_id="opencv-matrix">
  <rows>3</rows>
  <cols>3</cols>
  <dt>d</dt>
  <data>
    1.9557815458026894e+03 0. 9.5643460940702505e+02 0.
    1.9445702042219291e+03 6.2122728568553589e+02 0. 0. 1.</data></camIntrinsicMat>
<distortion_coefficients type_id="opencv-matrix">
  <rows>1</rows>
  <cols>5</cols>
  <dt>d</dt>
  <data>
    -4.9758174211371842e-01 2.6513089296181552e-01
    -1.6904806550491864e-03 1.8130725789023484e-03
    -1.2002617681121398e-01</data></distortion_coefficients>
<camIntriMatrix type_id="opencv-matrix">
  <rows>3</rows>
  <cols>4</cols>
  <dt>d</dt>
  <data>
    1.9557815458026894e+03 0. 9.5643460940702505e+02 0. 0.
    1.9445702042219291e+03 6.2122728568553589e+02 0. 0. 0. 1. 0.</data></camIntriMatrix>
<avg_reprojection_error>4.4373512792118930e-01</avg_reprojection_error>
</opencv_storage>
