<?xml version="1.0"?>
<opencv_storage>
<camera_name>FR</camera_name>
<camera_model>FISHEYE</camera_model>
<calibration_time>"2022-07-20 14:11:54"</calibration_time>
<camIntrinsicMat type_id="opencv-matrix">
  <rows>3</rows>
  <cols>3</cols>
  <dt>d</dt>
  <data>
    1.1457260022409434e+03 0. 9.5932971066733342e+02 0.
    1.1458796175583509e+03 5.9462871429541224e+02 0. 0. 1.</data></camIntrinsicMat>
<distortion_coefficients type_id="opencv-matrix">
  <rows>4</rows>
  <cols>1</cols>
  <dt>d</dt>
  <data>
    -2.1853889699528218e-02 -6.2121735679133427e-02
    8.5773959080032616e-02 -5.0628701068646476e-02</data></distortion_coefficients>
<camIntriMatrix type_id="opencv-matrix">
  <rows>3</rows>
  <cols>4</cols>
  <dt>d</dt>
  <data>
    1.1457260022409434e+03 0. 9.5932971066733342e+02 0. 0.
    1.1458796175583509e+03 5.9462871429541224e+02 0. 0. 0. 1. 0.</data></camIntriMatrix>
<avg_reprojection_error>1.4242517892988710e-01</avg_reprojection_error>
</opencv_storage>
