<?xml version="1.0"?>
<opencv_storage>
<camera_name>FR</camera_name>
<calibration_time>"2022-07-20 15:18:02"</calibration_time>
<undistort>1</undistort>
<rotationMatrix type_id="opencv-matrix">
  <rows>3</rows>
  <cols>3</cols>
  <dt>d</dt>
  <data>
    -7.0334533985154035e-01 -7.1065113038955596e-01
    -1.6742275387999994e-02 2.0880838257821277e-02
    2.8876545863263381e-03 -9.9977780133619731e-01
    7.1054157056626321e-01 -7.0353865020127815e-01
    1.2807972915008459e-02</data></rotationMatrix>
<offsetMatrix type_id="opencv-matrix">
  <rows>3</rows>
  <cols>1</cols>
  <dt>d</dt>
  <data>
    -2.7867499501409916e+03 1.2534782811038540e+03
    -4.4050901688592512e+03</data></offsetMatrix>
<deltaXY>
  0. 0.</deltaXY>
<headLocation>
  0. 0.</headLocation>
<pointA>
  0. 0.</pointA>
<pointB>
  0. 0.</pointB>
<pointV>
  0. 0.</pointV>
<cameraLocation>
  1.1437784423828125e+03 -5.0831777343750000e+03 1.2629635009765625e+03</cameraLocation>
<extrinsicMatrix type_id="opencv-matrix">
  <rows>4</rows>
  <cols>4</cols>
  <dt>d</dt>
  <data>
    -7.0334533985154035e-01 -7.1065113038955596e-01
    -1.6742275387999994e-02 -2.7867499501409916e+03
    2.0880838257821277e-02 2.8876545863263381e-03
    -9.9977780133619731e-01 1.2534782811038540e+03
    7.1054157056626321e-01 -7.0353865020127815e-01
    1.2807972915008459e-02 -4.4050901688592512e+03 0. 0. 0. 1.</data></extrinsicMatrix>
 <!-- resumed -->

<bsd_deltaXY>
  2165. -8620.</bsd_deltaXY>
<yaw>-4.5278995390364919e+01</yaw>
<pitch>-8.8957041326947461e+01</pitch>
<roll>1.7829950873783588e+02</roll>
<avg_reprojection_error>4.1222903132438660e-01</avg_reprojection_error>
</opencv_storage>
