<?xml version="1.0"?>
<opencv_storage>
<camera_name>FL</camera_name>
<calibration_time>"2022-12-07 16:47:11"</calibration_time>
<undistort>1</undistort>
<rotationMatrix type_id="opencv-matrix">
  <rows>3</rows>
  <cols>3</cols>
  <dt>d</dt>
  <data>
    -7.0908589250883869e-01 7.0279735422456358e-01
    5.7210802650348669e-02 -2.8891882928988366e-02
    5.2109377908979182e-02 -9.9822335768842696e-01
    -7.0452995404436947e-01 -7.0947902832211529e-01
    -1.6644885861609837e-02</data></rotationMatrix>
<offsetMatrix type_id="opencv-matrix">
  <rows>3</rows>
  <cols>1</cols>
  <dt>d</dt>
  <data>
    2.4392830994406190e+03 1.4924214045469625e+03
    -4.4634731013798264e+03</data></offsetMatrix>
<deltaXY>
  0. 0.</deltaXY>
<headLocation>
  0. 0.</headLocation>
<pointA>
  0. 0.</pointA>
<pointB>
  0. 0.</pointB>
<pointV>
  0. 0.</pointV>
<cameraLocation>
  -1.3718703613281250e+03 -4.9588315429687500e+03 1.2759226074218750e+03</cameraLocation>
<extrinsicMatrix type_id="opencv-matrix">
  <rows>4</rows>
  <cols>4</cols>
  <dt>d</dt>
  <data>
    -7.0908589250883869e-01 7.0279735422456358e-01
    5.7210802650348669e-02 2.4392830994406190e+03
    -2.8891882928988366e-02 5.2109377908979182e-02
    -9.9822335768842696e-01 1.4924214045469625e+03
    -7.0452995404436947e-01 -7.0947902832211529e-01
    -1.6644885861609837e-02 -4.4634731013798264e+03 0. 0. 0. 1.</data></extrinsicMatrix>
 <!-- resumed -->

<bsd_deltaXY>
  -2910. -8650.</bsd_deltaXY>
<yaw>4.4791582766435369e+01</yaw>
<pitch>-9.1343953463866342e+01</pitch>
<roll>-1.7766675968664720e+02</roll>
<avg_reprojection_error>6.1903065443038940e-01</avg_reprojection_error>
</opencv_storage>
