<?xml version="1.0"?>
<opencv_storage>
<camera_name>FL</camera_name>
<camera_model>FISHEYE</camera_model>
<calibration_time>"2022-07-26 14:55:22"</calibration_time>
<camIntrinsicMat type_id="opencv-matrix">
  <rows>3</rows>
  <cols>3</cols>
  <dt>d</dt>
  <data>
    1.1507869162126228e+03 0. 9.6253982778795955e+02 0.
    1.1500884783927077e+03 5.9210640823366964e+02 0. 0. 1.</data></camIntrinsicMat>
<distortion_coefficients type_id="opencv-matrix">
  <rows>4</rows>
  <cols>1</cols>
  <dt>d</dt>
  <data>
    -2.5021934333004387e-02 -7.8333184681969981e-02
    1.5146349674671911e-01 -1.1777723363911756e-01</data></distortion_coefficients>
<camIntriMatrix type_id="opencv-matrix">
  <rows>3</rows>
  <cols>4</cols>
  <dt>d</dt>
  <data>
    1.1507869162126228e+03 0. 9.6253982778795955e+02 0. 0.
    1.1500884783927077e+03 5.9210640823366964e+02 0. 0. 0. 1. 0.</data></camIntriMatrix>
<avg_reprojection_error>2.4978032952497947e-01</avg_reprojection_error>
</opencv_storage>
