<?xml version="1.0"?>
<opencv_storage>
<camera_name>RL</camera_name>
<camera_model>FISHEYE</camera_model>
<calibration_time>"2022-08-06 16:21:25"</calibration_time>
<camIntrinsicMat type_id="opencv-matrix">
  <rows>3</rows>
  <cols>3</cols>
  <dt>d</dt>
  <data>
    1.1594278358495021e+03 0. 9.6978336211884061e+02 0.
    1.1593901436048113e+03 5.9368694018285078e+02 0. 0. 1.</data></camIntrinsicMat>
<distortion_coefficients type_id="opencv-matrix">
  <rows>4</rows>
  <cols>1</cols>
  <dt>d</dt>
  <data>
    -4.5925143216638847e-02 2.0518653922186360e-02
    -4.7926998703893990e-02 2.6578188610639427e-02</data></distortion_coefficients>
<camIntriMatrix type_id="opencv-matrix">
  <rows>3</rows>
  <cols>4</cols>
  <dt>d</dt>
  <data>
    1.1594278358495021e+03 0. 9.6978336211884061e+02 0. 0.
    1.1593901436048113e+03 5.9368694018285078e+02 0. 0. 0. 1. 0.</data></camIntriMatrix>
<avg_reprojection_error>2.7722215630383235e-01</avg_reprojection_error>
</opencv_storage>
