<?xml version="1.0"?>
<opencv_storage>
<camera_name>RL</camera_name>
<calibration_time>"2022-08-06 16:23:50"</calibration_time>
<undistort>1</undistort>
<rotationMatrix type_id="opencv-matrix">
  <rows>3</rows>
  <cols>3</cols>
  <dt>d</dt>
  <data>
    6.9405867050290670e-01 7.1977412297766286e-01 1.4414360598867360e-02
    -1.6902403813144173e-02 3.6308689960741297e-02
    -9.9919767202424581e-01 -7.1971999461254044e-01
    6.9325817047119698e-01 3.7366273962674529e-02</data></rotationMatrix>
<offsetMatrix type_id="opencv-matrix">
  <rows>3</rows>
  <cols>1</cols>
  <dt>d</dt>
  <data>
    7.6688892552937441e+03 1.5861434446586456e+03 5.6889080242149330e+03</data></offsetMatrix>
<deltaXY>
  0. 0.</deltaXY>
<headLocation>
  0. 0.</headLocation>
<pointA>
  0. 0.</pointA>
<pointB>
  0. 0.</pointB>
<pointV>
  0. 0.</pointV>
<cameraLocation>
  -1.2014285888671875e+03 -9.5213408203125000e+03 1.2617553710937500e+03</cameraLocation>
<extrinsicMatrix type_id="opencv-matrix">
  <rows>4</rows>
  <cols>4</cols>
  <dt>d</dt>
  <data>
    6.9405867050290670e-01 7.1977412297766286e-01 1.4414360598867360e-02
    7.6688892552937441e+03 -1.6902403813144173e-02
    3.6308689960741297e-02 -9.9919767202424581e-01
    1.5861434446586456e+03 -7.1971999461254044e-01
    6.9325817047119698e-01 3.7366273962674529e-02 5.6889080242149330e+03
    0. 0. 0. 1.</data></extrinsicMatrix>
 <!-- resumed -->

<bsd_deltaXY>
  -3150. -6650.</bsd_deltaXY>
<yaw>4.6031366708049354e+01</yaw>
<pitch>8.6914771082386466e+01</pitch>
<roll>-1.3950477989550780e+00</roll>
<avg_reprojection_error>4.2529910802841187e-01</avg_reprojection_error>
</opencv_storage>
