<?xml version="1.0"?>
<opencv_storage>
<camera_name>RL</camera_name>
<calibration_time>"2022-07-07 11:35:53"</calibration_time>
<undistort>1</undistort>
<rotationMatrix type_id="opencv-matrix">
  <rows>3</rows>
  <cols>3</cols>
  <dt>d</dt>
  <data>
    7.0705103363934818e-01 7.0715857077836508e-01 2.3646573174498919e-03
    -7.9290081172216365e-03 1.1271370356858573e-02
    -9.9990503901148298e-01 -7.0711807122983772e-01
    7.0696514198719762e-01 1.3576500109213241e-02</data></rotationMatrix>
<offsetMatrix type_id="opencv-matrix">
  <rows>3</rows>
  <cols>1</cols>
  <dt>d</dt>
  <data>
    7.6128147242817922e+03 1.3885572798349851e+03 5.8127056076579611e+03</data></offsetMatrix>
<deltaXY>
  0. 0.</deltaXY>
<headLocation>
  0. 0.</headLocation>
<pointA>
  0. 0.</pointA>
<pointB>
  0. 0.</pointB>
<pointV>
  0. 0.</pointV>
<cameraLocation>
  -1.2613695068359375e+03 -9.5084980468750000e+03 1.2915075683593750e+03</cameraLocation>
<extrinsicMatrix type_id="opencv-matrix">
  <rows>4</rows>
  <cols>4</cols>
  <dt>d</dt>
  <data>
    7.0705103363934818e-01 7.0715857077836508e-01 2.3646573174498919e-03
    7.6128147242817922e+03 -7.9290081172216365e-03
    1.1271370356858573e-02 -9.9990503901148298e-01
    1.3885572798349851e+03 -7.0711807122983772e-01
    7.0696514198719762e-01 1.3576500109213241e-02 5.8127056076579611e+03
    0. 0. 0. 1.</data></extrinsicMatrix>
 <!-- resumed -->

<bsd_deltaXY>
  -2680. -6825.</bsd_deltaXY>
<yaw>4.5000914301843736e+01</yaw>
<pitch>8.8899831820060569e+01</pitch>
<roll>-6.4249910790203557e-01</roll>
<avg_reprojection_error>5.7945024967193604e-01</avg_reprojection_error>
</opencv_storage>
