<?xml version="1.0"?>
<opencv_storage>
<camera_name>FL</camera_name>
<calibration_time>"2023-01-07 11:49:57"</calibration_time>
<undistort>1</undistort>
<rotationMatrix type_id="opencv-matrix">
  <rows>3</rows>
  <cols>3</cols>
  <dt>d</dt>
  <data>
    -6.9314769306597857e-01 7.2011287658693002e-01
    3.1364320031028903e-02 -2.9775771377973548e-02
    1.4869803162941397e-02 -9.9944599273434576e-01
    -7.2018031008641059e-01 -6.9369758103051815e-01
    1.1134946620849351e-02</data></rotationMatrix>
<offsetMatrix type_id="opencv-matrix">
  <rows>3</rows>
  <cols>1</cols>
  <dt>d</dt>
  <data>
    2.8116997868052117e+03 1.2908626524799886e+03
    -4.6125715925152454e+03</data></offsetMatrix>
<deltaXY>
  0. 0.</deltaXY>
<headLocation>
  0. 0.</headLocation>
<pointA>
  0. 0.</pointA>
<pointB>
  0. 0.</pointB>
<pointV>
  0. 0.</pointV>
<cameraLocation>
  -1.3345235595703125e+03 -5.2436660156250000e+03 1.2533211669921875e+03</cameraLocation>
<extrinsicMatrix type_id="opencv-matrix">
  <rows>4</rows>
  <cols>4</cols>
  <dt>d</dt>
  <data>
    -6.9314769306597857e-01 7.2011287658693002e-01
    3.1364320031028903e-02 2.8116997868052117e+03
    -2.9775771377973548e-02 1.4869803162941397e-02
    -9.9944599273434576e-01 1.2908626524799886e+03
    -7.2018031008641059e-01 -6.9369758103051815e-01
    1.1134946620849351e-02 -4.6125715925152454e+03 0. 0. 0. 1.</data></extrinsicMatrix>
 <!-- resumed -->

<bsd_deltaXY>
  -3140. -8660.</bsd_deltaXY>
<yaw>4.6069370124851375e+01</yaw>
<pitch>-8.9080390822533232e+01</pitch>
<roll>-1.7754023880567692e+02</roll>
<avg_reprojection_error>3.5803332924842834e-01</avg_reprojection_error>
</opencv_storage>
