<?xml version="1.0"?>
<opencv_storage>
<camera_name>FL</camera_name>
<camera_model>FISHEYE</camera_model>
<calibration_time>"2023-01-7 22:23:47"</calibration_time>
<camIntrinsicMat type_id="opencv-matrix">
  <rows>3</rows>
  <cols>3</cols>
  <dt>d</dt>
  <data>
    1130.9892256185183 0. 963.36695306698653 0.
    1131.3647727974837 591.1042743036777 0. 0. 1.</data></camIntrinsicMat>
<distortion_coefficients type_id="opencv-matrix">
  <rows>4</rows>
  <cols>1</cols>
  <dt>d</dt>
  <data>
    -0.031425229930115858 0.0062958257375869218
    -0.057353466880754649 0.045495182522732769</data></distortion_coefficients>
<camIntriMatrix type_id="opencv-matrix">
  <rows>3</rows>
  <cols>4</cols>
  <dt>d</dt>
  <data>
    1130.9892256185183 0. 963.36695306698653 0. 0.
    1131.3647727974837 591.1042743036777 0. 0. 0. 1. 0.</data></camIntriMatrix>
<avg_reprojection_error>3.3586095551351586e-01</avg_reprojection_error>
</opencv_storage>
