<?xml version="1.0"?>
<opencv_storage>
<camera_name>RC</camera_name>
<camera_model>PINHOLE</camera_model>
<calibration_time>"2022-08-06 16:08:11"</calibration_time>
<camIntrinsicMat type_id="opencv-matrix">
  <rows>3</rows>
  <cols>3</cols>
  <dt>d</dt>
  <data>
    1.9616947138816868e+03 0. 9.5400575633967446e+02 0.
    1.9534658207803523e+03 6.5942174517712920e+02 0. 0. 1.</data></camIntrinsicMat>
<distortion_coefficients type_id="opencv-matrix">
  <rows>1</rows>
  <cols>5</cols>
  <dt>d</dt>
  <data>
    -4.8667530137372761e-01 1.8545291663223698e-01
    -5.4775401078963693e-03 -1.6041580742363584e-03
    6.2402221816866436e-02</data></distortion_coefficients>
<camIntriMatrix type_id="opencv-matrix">
  <rows>3</rows>
  <cols>4</cols>
  <dt>d</dt>
  <data>
    1.9616947138816868e+03 0. 9.5400575633967446e+02 0. 0.
    1.9534658207803523e+03 6.5942174517712920e+02 0. 0. 0. 1. 0.</data></camIntriMatrix>
<avg_reprojection_error>2.6287253689725243e-01</avg_reprojection_error>
</opencv_storage>
