<?xml version="1.0"?>
<opencv_storage>
<camera_name>RC</camera_name>
<calibration_time>"2022-08-06 16:09:20"</calibration_time>
<undistort>1</undistort>
<rotationMatrix type_id="opencv-matrix">
  <rows>3</rows>
  <cols>3</cols>
  <dt>d</dt>
  <data>
    9.9982239602918077e-01 -1.8420742044808373e-02
    -3.9815400270029628e-03 -4.6081563521634776e-03
    -3.4100462360754959e-02 -9.9940778632238836e-01
    1.8274060673589027e-02 9.9924863509003670e-01
    -3.4179291642698270e-02</data></rotationMatrix>
<offsetMatrix type_id="opencv-matrix">
  <rows>3</rows>
  <cols>1</cols>
  <dt>d</dt>
  <data>
    -1.8429984073137357e+03 1.2723181461474699e+03
    5.3386073165494945e+03</data></offsetMatrix>
<deltaXY>
  1810. -5275.</deltaXY>
<headLocation>
  1810. -5275.</headLocation>
<pointA>
  2.7678789427439199e+02 1.1249794954077854e+03</pointA>
<pointB>
  1.6023543911808079e+03 1.1132199785117161e+03</pointB>
<pointV>
  9.1784271240234375e+02 5.9275756835937500e+02</pointV>
<cameraLocation>
  1.7509760742187500e+03 -5.3251586914062500e+03 1.4466965332031250e+03</cameraLocation>
<extrinsicMatrix type_id="opencv-matrix">
  <rows>4</rows>
  <cols>4</cols>
  <dt>d</dt>
  <data>
    9.9982239602918077e-01 -1.8420742044808373e-02
    -3.9815400270029628e-03 -1.8429984073137357e+03
    -4.6081563521634776e-03 -3.4100462360754959e-02
    -9.9940778632238836e-01 1.2723181461474699e+03
    1.8274060673589027e-02 9.9924863509003670e-01
    -3.4179291642698270e-02 5.3386073165494945e+03 0. 0. 0. 1.</data></extrinsicMatrix>
 <!-- resumed -->

<yaw_z>1.0561047669217047e+00</yaw_z>
<pitch_x>9.1954194758099689e+01</pitch_x>
<roll_z>0.</roll_z>
</opencv_storage>
