<?xml version="1.0"?>
<opencv_storage>
<camera_name>FC60</camera_name>
<camera_model>PINHOLE</camera_model>
<calibration_time>"2022-12-01 09:17:04"</calibration_time>
<camIntrinsicMat type_id="opencv-matrix">
  <rows>3</rows>
  <cols>3</cols>
  <dt>d</dt>
  <data>
    1.9400043962310226e+03 0. 9.6150986486535442e+02 0.
    1.9406506193871116e+03 5.7211243438865631e+02 0. 0. 1.</data></camIntrinsicMat>
<distortion_coefficients type_id="opencv-matrix">
  <rows>1</rows>
  <cols>5</cols>
  <dt>d</dt>
  <data>
    -5.2168516678229870e-01 4.1695827994705925e-01
    6.0364929413323698e-03 1.4046678228398317e-03
    -3.3706523442213931e-01</data></distortion_coefficients>
<camIntriMatrix type_id="opencv-matrix">
  <rows>3</rows>
  <cols>4</cols>
  <dt>d</dt>
  <data>
    1.9400043962310226e+03 0. 9.6150986486535442e+02 0. 0.
    1.9406506193871116e+03 5.7211243438865631e+02 0. 0. 0. 1. 0.</data></camIntriMatrix>
<avg_reprojection_error>2.9275327215644237e-01</avg_reprojection_error>
</opencv_storage>
