<?xml version="1.0"?>
<opencv_storage>
<camera_name>FC60</camera_name>
<calibration_time>"2022-12-01 09:20:32"</calibration_time>
<undistort>1</undistort>
<rotationMatrix type_id="opencv-matrix">
  <rows>3</rows>
  <cols>3</cols>
  <dt>d</dt>
  <data>
    9.9999279577193101e-01 2.2080895454052720e-03 3.0875143394805803e-03
    3.0884366999117596e-03 -4.1443104027937396e-04
    -9.9999514489104568e-01 -2.2067992631103596e-03
    9.9999747629055158e-01 -4.2124759941236206e-04</data></rotationMatrix>
<offsetMatrix type_id="opencv-matrix">
  <rows>3</rows>
  <cols>1</cols>
  <dt>d</dt>
  <data>
    -1.8358667363141760e+03 1.4107370755550712e+03
    5.2028954861911034e+03</data></offsetMatrix>
<deltaXY>
  1810. -5160.</deltaXY>
<headLocation>
  1810. -5160.</headLocation>
<pointA>
  2.7696996803357274e+02 1.0983093927428095e+03</pointA>
<pointB>
  1.6352477029417896e+03 1.1033226969207567e+03</pointB>
<pointV>
  9.6579357910156250e+02 5.7130816650390625e+02</pointV>
<cameraLocation>
  1.8429782714843750e+03 -5.1982441406250000e+03 1.4185902099609375e+03</cameraLocation>
<extrinsicMatrix type_id="opencv-matrix">
  <rows>4</rows>
  <cols>4</cols>
  <dt>d</dt>
  <data>
    9.9999279577193101e-01 2.2080895454052720e-03 3.0875143394805803e-03
    -1.8358667363141760e+03 3.0884366999117596e-03
    -4.1443104027937396e-04 -9.9999514489104568e-01
    1.4107370755550712e+03 -2.2067992631103596e-03
    9.9999747629055158e-01 -4.2124759941236206e-04
    5.2028954861911034e+03 0. 0. 0. 1.</data></extrinsicMatrix>
 <!-- resumed -->

<yaw_z>-1.2651432667589002e-01</yaw_z>
<pitch_x>9.0023744242033132e+01</pitch_x>
<roll_z>0.</roll_z>
</opencv_storage>
