<?xml version="1.0"?>
<opencv_storage>
<camera_name>cam_fcf_far</camera_name>
<calibration_time>""</calibration_time>
<undistort>1</undistort>
<rotationMatrix type_id="opencv-matrix">
  <rows>3</rows>
  <cols>3</cols>
  <dt>d</dt>
  <data>
    9.9995969362450632e-01 3.6955365102151337e-03
    -8.1825507199914296e-03 -8.0670133556266389e-03
    -3.0265605057023234e-02 -9.9950933784835283e-01
    -3.9413730987698618e-03 9.9953505999561332e-01
    -3.0234573217797149e-02</data></rotationMatrix>
<offsetMatrix type_id="opencv-matrix">
  <rows>3</rows>
  <cols>1</cols>
  <dt>d</dt>
  <data>
    -1.8604392506631912e+03 1.3458662302396290e+03
    5.3654134690624496e+03</data></offsetMatrix>
<deltaXY>
  1820. -5225.</deltaXY>
<headLocation>
  1820. -5225.</headLocation>
<pointV>
  9.5524951029758188e+02 5.5912843922797344e+02</pointV>
<extrinsicMatrix type_id="opencv-matrix">
  <rows>4</rows>
  <cols>4</cols>
  <dt>d</dt>
  <data>
    9.9995969362450632e-01 3.6955365102151337e-03
    -8.1825507199914296e-03 -1.8604392506631912e+03
    -8.0670133556266389e-03 -3.0265605057023234e-02
    -9.9950933784835283e-01 1.3458662302396290e+03
    -3.9413730987698618e-03 9.9953505999561332e-01
    -3.0234573217797149e-02 5.3654134690624496e+03 0. 0. 0. 1.</data></extrinsicMatrix>
</opencv_storage>
