<?xml version="1.0"?>
<opencv_storage>
<camera_name>cam_fcf_far</camera_name>
<camera_model>PINHOLE</camera_model>
<calibration_time>""</calibration_time>
<camIntrinsicMat type_id="opencv-matrix">
  <rows>3</rows>
  <cols>3</cols>
  <dt>d</dt>
  <data>
    2.0044458007812500e+03 0. 9.4783856201171875e+02 0.
    2.0080285644531250e+03 6.1993090820312500e+02 0. 0. 1.</data></camIntrinsicMat>
<distortion_coefficients type_id="opencv-matrix">
  <rows>1</rows>
  <cols>5</cols>
  <dt>d</dt>
  <data>
    -5.2435827255249023e-01 2.4888728559017181e-01
    -2.2344279568642378e-03 1.4723328640684485e-03 0.</data></distortion_coefficients>
<camIntriMatrix type_id="opencv-matrix">
  <rows>3</rows>
  <cols>4</cols>
  <dt>d</dt>
  <data>
    2.0044458007812500e+03 0. 9.4783856201171875e+02 0. 0.
    2.0080285644531250e+03 6.1993090820312500e+02 0. 0. 0. 1. 0.</data></camIntriMatrix>
<avg_reprojection_error>0</avg_reprojection_error>
</opencv_storage>
