<?xml version="1.0"?>
<opencv_storage>
<camera_name>FL</camera_name>
<calibration_time>"2022-11-08 20:37:03"</calibration_time>
<undistort>1</undistort>
<rotationMatrix type_id="opencv-matrix">
  <rows>3</rows>
  <cols>3</cols>
  <dt>d</dt>
  <data>
    -7.1114457425148225e-01 7.0257482065902299e-01
    -2.5729669423052381e-02 2.1799519753992580e-02
    -1.4543963913581481e-02 -9.9965656805333658e-01
    -7.0270774540428471e-01 -7.1146123892283930e-01
    -4.9729326563620058e-03</data></rotationMatrix>
<offsetMatrix type_id="opencv-matrix">
  <rows>3</rows>
  <cols>1</cols>
  <dt>d</dt>
  <data>
    -8.5100249749477985e+02 1.7030109671605901e+03
    -1.0375919891668414e+03</data></offsetMatrix>
<deltaXY>
  0. 0.</deltaXY>
<headLocation>
  0. 0.</headLocation>
<pointA>
  0. 0.</pointA>
<pointB>
  0. 0.</pointB>
<pointV>
  0. 0.</pointV>
<cameraLocation>
  -1.3714345703125000e+03 -1.1554502868652344e+02 1.6753702392578125e+03</cameraLocation>
<extrinsicMatrix type_id="opencv-matrix">
  <rows>4</rows>
  <cols>4</cols>
  <dt>d</dt>
  <data>
    -7.1114457425148225e-01 7.0257482065902299e-01
    -2.5729669423052381e-02 -8.5100249749477985e+02
    2.1799519753992580e-02 -1.4543963913581481e-02
    -9.9965656805333658e-01 1.7030109671605901e+03
    -7.0270774540428471e-01 -7.1146123892283930e-01
    -4.9729326563620058e-03 -1.0375919891668414e+03 0. 0. 0. 1.</data></extrinsicMatrix>
 <!-- resumed -->

<bsd_deltaXY>
  -2325. -3585.</bsd_deltaXY>
<yaw>4.4644653623593292e+01</yaw>
<pitch>-9.0400476368017650e+01</pitch>
<roll>1.7824419742739735e+02</roll>
<avg_reprojection_error>3.1178382039070129e-01</avg_reprojection_error>
</opencv_storage>
