<?xml version="1.0"?>
<opencv_storage>
<camera_name>FC120</camera_name>
<calibration_time>"2022-07-07 17:58:12"</calibration_time>
<undistort>1</undistort>
<rotationMatrix type_id="opencv-matrix">
  <rows>3</rows>
  <cols>3</cols>
  <dt>d</dt>
  <data>
    9.9996529816220303e-01 7.8012024917720789e-03
    -2.9229627193854378e-03 -3.1237889135579192e-03
    2.5856178476191306e-02 -9.9966079245783712e-01
    -7.7229796192972459e-03 9.9963523310970270e-01
    2.5879650529135989e-02</data></rotationMatrix>
<offsetMatrix type_id="opencv-matrix">
  <rows>3</rows>
  <cols>1</cols>
  <dt>d</dt>
  <data>
    -1.7269533018727541e+03 1.5350123917310643e+03
    3.2794782391623876e+03</data></offsetMatrix>
<deltaXY>
  1805. -3210.</deltaXY>
<headLocation>
  1805. -3210.</headLocation>
<pointA>
  4.5525274959105957e+02 1.0597618447436184e+03</pointA>
<pointB>
  1.5459966533976171e+03 1.0602994006904785e+03</pointB>
<pointV>
  9.7950726318359375e+02 6.2618695068359375e+02</pointV>
<cameraLocation>
  1.7570157470703125e+03 -3.3044992675781250e+03 1.4445721435546875e+03</cameraLocation>
<extrinsicMatrix type_id="opencv-matrix">
  <rows>4</rows>
  <cols>4</cols>
  <dt>d</dt>
  <data>
    9.9996529816220303e-01 7.8012024917720789e-03
    -2.9229627193854378e-03 -1.7269533018727541e+03
    -3.1237889135579192e-03 2.5856178476191306e-02
    -9.9966079245783712e-01 1.5350123917310643e+03
    -7.7229796192972459e-03 9.9963523310970270e-01
    2.5879650529135989e-02 3.2794782391623876e+03 0. 0. 0. 1.</data></extrinsicMatrix>
 <!-- resumed -->

<yaw_z>4.4249852729097489e-01</yaw_z>
<pitch_x>8.8516995443970330e+01</pitch_x>
<roll_z>-1.7898554976171011e-01</roll_z>
</opencv_storage>
