<?xml version="1.0"?>
<opencv_storage>
<camera_name>FC120</camera_name>
<camera_model>FISHEYE</camera_model>
<calibration_time>"2022-07-07 17:26:57"</calibration_time>
<camIntrinsicMat type_id="opencv-matrix">
  <rows>3</rows>
  <cols>3</cols>
  <dt>d</dt>
  <data>
    9.8101891053018983e+02 0. 9.7185134338823400e+02 0.
    9.8049406616438807e+02 6.0082587023154963e+02 0. 0. 1.</data></camIntrinsicMat>
<distortion_coefficients type_id="opencv-matrix">
  <rows>4</rows>
  <cols>1</cols>
  <dt>d</dt>
  <data>
    -4.1275606258529503e-02 1.0422049826032979e-02
    -3.0532795043090755e-02 1.3829746389791423e-02</data></distortion_coefficients>
<camIntriMatrix type_id="opencv-matrix">
  <rows>3</rows>
  <cols>4</cols>
  <dt>d</dt>
  <data>
    9.8101891053018983e+02 0. 9.7185134338823400e+02 0. 0.
    9.8049406616438807e+02 6.0082587023154963e+02 0. 0. 0. 1. 0.</data></camIntriMatrix>
<avg_reprojection_error>2.4066183568820748e-01</avg_reprojection_error>
</opencv_storage>
