<?xml version="1.0"?>
<opencv_storage>
<camera_name>FC60</camera_name>
<camera_model>PINHOLE</camera_model>
<calibration_time>"2022-12-20 16:02:33"</calibration_time>
<camIntrinsicMat type_id="opencv-matrix">
  <rows>3</rows>
  <cols>3</cols>
  <dt>d</dt>
  <data>
    1.9427975782399410e+03 0. 9.7451394141686171e+02 0.
    1.9407371158847234e+03 6.0196729685522052e+02 0. 0. 1.</data></camIntrinsicMat>
<distortion_coefficients type_id="opencv-matrix">
  <rows>1</rows>
  <cols>5</cols>
  <dt>d</dt>
  <data>
    -5.0715272907286679e-01 3.0098489914934135e-01
    1.8774519808965876e-04 -9.1263470914024138e-04
    -1.3800578613745348e-01</data></distortion_coefficients>
<camIntriMatrix type_id="opencv-matrix">
  <rows>3</rows>
  <cols>4</cols>
  <dt>d</dt>
  <data>
    1.9427975782399410e+03 0. 9.7451394141686171e+02 0. 0.
    1.9407371158847234e+03 6.0196729685522052e+02 0. 0. 0. 1. 0.</data></camIntriMatrix>
<avg_reprojection_error>2.2241281001904609e-01</avg_reprojection_error>
</opencv_storage>
