<?xml version="1.0"?>
<opencv_storage>
<camera_name>FC120</camera_name>
<calibration_time>"2022-12-25 18:20:48"</calibration_time>
<undistort>1</undistort>
<rotationMatrix type_id="opencv-matrix">
  <rows>3</rows>
  <cols>3</cols>
  <dt>d</dt>
  <data>
    9.9999930933867542e-01 -8.8097063718796018e-04
    7.7795431016840580e-04 7.6764622457576031e-04
    -1.1641330501650433e-02 -9.9993194275581843e-01
    8.8996710399404208e-04 9.9993184933518731e-01
    -1.1640646187650089e-02</data></rotationMatrix>
<offsetMatrix type_id="opencv-matrix">
  <rows>3</rows>
  <cols>1</cols>
  <dt>d</dt>
  <data>
    -1.7629575871223299e+03 1.3830475741525888e+03
    3.3128462266362230e+03</data></offsetMatrix>
<deltaXY>
  1825. -3280.</deltaXY>
<headLocation>
  1825. -3280.</headLocation>
<pointA>
  4.4411795199548851e+02 1.0037534403637474e+03</pointA>
<pointB>
  1.5086892638621919e+03 1.0041751342042141e+03</pointB>
<pointV>
  9.5912689208984375e+02 5.8756024169921875e+02</pointV>
<cameraLocation>
  1.7589464111328125e+03 -3.2980729980468750e+03 1.4228886718750000e+03</cameraLocation>
<extrinsicMatrix type_id="opencv-matrix">
  <rows>4</rows>
  <cols>4</cols>
  <dt>d</dt>
  <data>
    9.9999930933867542e-01 -8.8097063718796018e-04
    7.7795431016840580e-04 -1.7629575871223299e+03
    7.6764622457576031e-04 -1.1641330501650433e-02
    -9.9993194275581843e-01 1.3830475741525888e+03
    8.8996710399404208e-04 9.9993184933518731e-01
    -1.1640646187650089e-02 3.3128462266362230e+03 0. 0. 0. 1.</data></extrinsicMatrix>
 <!-- resumed -->

<yaw_z>5.0479326813985821e-02</yaw_z>
<pitch_x>9.0667011458064934e+01</pitch_x>
<roll_z>0.</roll_z>
</opencv_storage>
