<?xml version="1.0"?>
<opencv_storage>
<camera_name>FC120</camera_name>
<camera_model>FISHEYE</camera_model>
<calibration_time>"2022-12-25 18:14:15"</calibration_time>
<camIntrinsicMat type_id="opencv-matrix">
  <rows>3</rows>
  <cols>3</cols>
  <dt>d</dt>
  <data>
    969.3794011802139 0. 959.9809450828576 0.
   969.87085930918352 598.85159842982443 0. 0. 1.</data></camIntrinsicMat>
<distortion_coefficients type_id="opencv-matrix">
  <rows>4</rows>
  <cols>1</cols>
  <dt>d</dt>
  <data>
    -0.033452737296452567 0.0038614853393782525
    -0.028043528150331717 0.014736100027566416</data></distortion_coefficients>
<camIntriMatrix type_id="opencv-matrix">
  <rows>3</rows>
  <cols>4</cols>
  <dt>d</dt>
  <data>
    969.3794011802139 0. 959.9809450828576 0. 0.
   969.87085930918352 598.85159842982443 0. 0. 0. 1. 0.</data></camIntriMatrix>
<avg_reprojection_error>1.6075191862406424e-01</avg_reprojection_error>
</opencv_storage>
