<?xml version="1.0"?>
<opencv_storage>
<camera_name>RL</camera_name>
<camera_model>FISHEYE</camera_model>
<calibration_time>"2022-07-27 19:20:25"</calibration_time>
<camIntrinsicMat type_id="opencv-matrix">
  <rows>3</rows>
  <cols>3</cols>
  <dt>d</dt>
  <data>
    1.4200290325682715e+03 0. 1.4371060353019980e+03 0.
    1.4196437968522944e+03 8.8147555134089282e+02 0. 0. 1.</data></camIntrinsicMat>
<distortion_coefficients type_id="opencv-matrix">
  <rows>4</rows>
  <cols>1</cols>
  <dt>d</dt>
  <data>
    1.5561983397794110e-02 1.8840647507234024e-02
    -1.9389245707546673e-02 7.3134666447345958e-03</data></distortion_coefficients>
<camIntriMatrix type_id="opencv-matrix">
  <rows>3</rows>
  <cols>4</cols>
  <dt>d</dt>
  <data>
    1.4200290325682715e+03 0. 1.4371060353019980e+03 0. 0.
    1.4196437968522944e+03 8.8147555134089282e+02 0. 0. 0. 1. 0.</data></camIntriMatrix>
<avg_reprojection_error>4.6027656085800855e-01</avg_reprojection_error>
</opencv_storage>
