<?xml version="1.0"?>
<opencv_storage>
<camera_name>RL</camera_name>
<calibration_time>"2022-08-06 13:02:02"</calibration_time>
<undistort>1</undistort>
<rotationMatrix type_id="opencv-matrix">
  <rows>3</rows>
  <cols>3</cols>
  <dt>d</dt>
  <data>
    6.6584951516678315e-01 7.4586112837162921e-01
    -1.8319397816516203e-02 -1.5409059041202156e-02
    -1.0800991333428239e-02 -9.9982293406666756e-01
    -7.4592692943184757e-01 6.6601390058347509e-01
    4.3011833209322670e-03</data></rotationMatrix>
<offsetMatrix type_id="opencv-matrix">
  <rows>3</rows>
  <cols>1</cols>
  <dt>d</dt>
  <data>
    9.4879092762684172e+02 1.7104776924192140e+03
    -9.9865283458499744e+02</data></offsetMatrix>
<deltaXY>
  0. 0.</deltaXY>
<headLocation>
  0. 0.</headLocation>
<pointA>
  0. 0.</pointA>
<pointB>
  0. 0.</pointB>
<pointV>
  0. 0.</pointV>
<cameraLocation>
  -1.3503171386718750e+03 -2.4074747085571289e+01 1.7318514404296875e+03</cameraLocation>
<extrinsicMatrix type_id="opencv-matrix">
  <rows>4</rows>
  <cols>4</cols>
  <dt>d</dt>
  <data>
    6.6584951516678315e-01 7.4586112837162921e-01
    -1.8319397816516203e-02 9.4879092762684172e+02
    -1.5409059041202156e-02 -1.0800991333428239e-02
    -9.9982293406666756e-01 1.7104776924192140e+03
    -7.4592692943184757e-01 6.6601390058347509e-01
    4.3011833209322670e-03 -9.9865283458499744e+02 0. 0. 0. 1.</data></extrinsicMatrix>
 <!-- resumed -->

<bsd_deltaXY>
  -3075. 3090.</bsd_deltaXY>
<yaw>4.8238777245028494e+01</yaw>
<pitch>8.9629983360734300e+01</pitch>
<roll>-1.3256996845388875e+00</roll>
<avg_reprojection_error>2.7940216660499573e-01</avg_reprojection_error>
</opencv_storage>
