<?xml version="1.0"?>
<opencv_storage>
<camera_name>FC120</camera_name>
<calibration_time>"2022-10-21 11:03:53"</calibration_time>
<undistort>1</undistort>
<rotationMatrix type_id="opencv-matrix">
  <rows>3</rows>
  <cols>3</cols>
  <dt>d</dt>
  <data>
    9.9987582345932358e-01 -1.4150761929176529e-02
    -6.9349548205633188e-03 -6.6316629393341946e-03
    2.1368417060820929e-02 -9.9974967456807606e-01
    1.4295408640488302e-02 9.9967151939481536e-01 2.1271920521261527e-02</data></rotationMatrix>
<offsetMatrix type_id="opencv-matrix">
  <rows>3</rows>
  <cols>1</cols>
  <dt>d</dt>
  <data>
    -1.8241739602116138e+03 1.5201308868232329e+03
    3.2960449725163039e+03</data></offsetMatrix>
<deltaXY>
  1815. -3260.</deltaXY>
<headLocation>
  1815. -3260.</headLocation>
<pointA>
  4.2937062572101286e+02 1.0442971131289196e+03</pointA>
<pointB>
  1.4998757948950188e+03 1.0302648189459767e+03</pointB>
<pointV>
  9.5770776367187500e+02 6.1387750244140625e+02</pointV>
<cameraLocation>
  1.7869101562500000e+03 -3.3532585449218750e+03 1.4369865722656250e+03</cameraLocation>
<extrinsicMatrix type_id="opencv-matrix">
  <rows>4</rows>
  <cols>4</cols>
  <dt>d</dt>
  <data>
    9.9987582345932358e-01 -1.4150761929176529e-02
    -6.9349548205633188e-03 -1.8241739602116138e+03
    -6.6316629393341946e-03 2.1368417060820929e-02
    -9.9974967456807606e-01 1.5201308868232329e+03
    1.4295408640488302e-02 9.9967151939481536e-01 2.1271920521261527e-02
    3.2960449725163039e+03 0. 0. 0. 1.</data></extrinsicMatrix>
 <!-- resumed -->

<yaw_z>8.1099120892048515e-01</yaw_z>
<pitch_x>8.8775588642915835e+01</pitch_x>
<roll_z>0.</roll_z>
</opencv_storage>
