<?xml version="1.0"?>
<opencv_storage>
<camera_name>FC120</camera_name>
<camera_model>FISHEYE</camera_model>
<calibration_time>"2022-10-21 10:25:42"</calibration_time>
<camIntrinsicMat type_id="opencv-matrix">
  <rows>3</rows>
  <cols>3</cols>
  <dt>d</dt>
  <data>
    9.7969408026808208e+02 0. 9.7157573672535364e+02 0.
    9.7861999774741741e+02 5.9295907088642309e+02 0. 0. 1.</data></camIntrinsicMat>
<distortion_coefficients type_id="opencv-matrix">
  <rows>4</rows>
  <cols>1</cols>
  <dt>d</dt>
  <data>
    -3.3101079678383057e-02 -1.9993573424854898e-02
    1.0991545203481917e-02 -5.3792456839624079e-03</data></distortion_coefficients>
<camIntriMatrix type_id="opencv-matrix">
  <rows>3</rows>
  <cols>4</cols>
  <dt>d</dt>
  <data>
    9.7969408026808208e+02 0. 9.7157573672535364e+02 0. 0.
    9.7861999774741741e+02 5.9295907088642309e+02 0. 0. 0. 1. 0.</data></camIntriMatrix>
<avg_reprojection_error>1.5936248677096165e-01</avg_reprojection_error>
</opencv_storage>
