<?xml version="1.0"?>
<opencv_storage>
<camera_name>RR</camera_name>
<calibration_time>"2021-10-12 10:00:28"</calibration_time>
<undistort>1</undistort>
<rotationMatrix type_id="opencv-matrix">
  <rows>3</rows>
  <cols>3</cols>
  <dt>d</dt>
  <data>
    7.1443516981724597e-01 -6.9918536885172422e-01
    2.6873929967180354e-02 1.5153291504061916e-02
    -2.2937734722135672e-02 -9.9962204761720308e-01
    6.9953753715207845e-01 7.1457237583711208e-01
    -5.7925646918467744e-03</data></rotationMatrix>
<offsetMatrix type_id="opencv-matrix">
  <rows>3</rows>
  <cols>1</cols>
  <dt>d</dt>
  <data>
    -1.1651591108332505e+03 1.7083880322750706e+03
    -8.0384707034997268e+02</data></offsetMatrix>
<deltaXY>
  0. 0.</deltaXY>
<headLocation>
  0. 0.</headLocation>
<pointA>
  0. 0.</pointA>
<pointB>
  0. 0.</pointB>
<pointV>
  0. 0.</pointV>
<cameraLocation>
  1.3688641357421875e+03 -2.0106874084472656e+02 1.7343984375000000e+03</cameraLocation>
<extrinsicMatrix type_id="opencv-matrix">
  <rows>4</rows>
  <cols>4</cols>
  <dt>d</dt>
  <data>
    7.1443516981724597e-01 -6.9918536885172422e-01
    2.6873929967180354e-02 -1.1651591108332505e+03
    1.5153291504061916e-02 -2.2937734722135672e-02
    -9.9962204761720308e-01 1.7083880322750706e+03
    6.9953753715207845e-01 7.1457237583711208e-01
    -5.7925646918467744e-03 -8.0384707034997268e+02 0. 0. 0. 1.</data></extrinsicMatrix>
 <!-- resumed -->

<bsd_deltaXY>
  2380. 2615.</bsd_deltaXY>
<yaw>-4.4389912284340127e+01</yaw>
<pitch>9.0464448740425240e+01</pitch>
<roll>1.2150710449515574e+00</roll>
</opencv_storage>
