<?xml version="1.0"?>
<opencv_storage>
<camera_name>RR</camera_name>
<calibration_time>"2022-12-25 16:01:08"</calibration_time>
<undistort>1</undistort>
<rotationMatrix type_id="opencv-matrix">
  <rows>3</rows>
  <cols>3</cols>
  <dt>d</dt>
  <data>
    6.7529743019237831e-01 -7.3644465037415552e-01
    4.0282225743590416e-02 2.0352454864697334e-02
    -3.5988883714097614e-02 -9.9914492333694693e-01
    7.3726464607802145e-01 6.7553984130049716e-01
    -9.3147441805346565e-03</data></rotationMatrix>
<offsetMatrix type_id="opencv-matrix">
  <rows>3</rows>
  <cols>1</cols>
  <dt>d</dt>
  <data>
    -7.9359855030395047e+03 9.0661288476068364e+02
    5.4670302884739176e+03</data></offsetMatrix>
<deltaXY>
  0. 0.</deltaXY>
<headLocation>
  0. 0.</headLocation>
<pointA>
  0. 0.</pointA>
<pointB>
  0. 0.</pointB>
<pointV>
  0. 0.</pointV>
<cameraLocation>
  1.3100506591796875e+03 -9.5049824218750000e+03 1.2764407958984375e+03</cameraLocation>
<extrinsicMatrix type_id="opencv-matrix">
  <rows>4</rows>
  <cols>4</cols>
  <dt>d</dt>
  <data>
    6.7529743019237831e-01 -7.3644465037415552e-01
    4.0282225743590416e-02 -7.9359855030395047e+03
    2.0352454864697334e-02 -3.5988883714097614e-02
    -9.9914492333694693e-01 9.0661288476068364e+02
    7.3726464607802145e-01 6.7553984130049716e-01
    -9.3147441805346565e-03 5.4670302884739176e+03 0. 0. 0. 1.</data></extrinsicMatrix>
 <!-- resumed -->

<bsd_deltaXY>
  2325. -6665.</bsd_deltaXY>
<yaw>-4.7498924213716585e+01</yaw>
<pitch>9.0789978143421351e+01</pitch>
<roll>1.7262865754131449e+00</roll>
<avg_reprojection_error>3.5551082611083984e+01</avg_reprojection_error>
</opencv_storage>
