<?xml version="1.0"?>
<opencv_storage>
<camera_name>FR</camera_name>
<calibration_time>"2023-02-07 16:49:16"</calibration_time>
<undistort>1</undistort>
<rotationMatrix type_id="opencv-matrix">
  <rows>3</rows>
  <cols>3</cols>
  <dt>d</dt>
  <data>
    -7.1643062571743055e-01 -6.9737990298479335e-01
    -1.9708613524323404e-02 4.7345577883272927e-02
    -2.0415590592782640e-02 -9.9866991539529537e-01
    6.9604996572733902e-01 -7.1641082806841205e-01
    4.7644208853773851e-02</data></rotationMatrix>
<offsetMatrix type_id="opencv-matrix">
  <rows>3</rows>
  <cols>1</cols>
  <dt>d</dt>
  <data>
    -2.5919314396957575e+03 1.1060384740309089e+03
    -4.5871621369541735e+03</data></offsetMatrix>
<deltaXY>
  0. 0.</deltaXY>
<headLocation>
  0. 0.</headLocation>
<pointA>
  0. 0.</pointA>
<pointB>
  0. 0.</pointB>
<pointV>
  0. 0.</pointV>
<cameraLocation>
  1.2835889892578125e+03 -5.0712729492187500e+03 1.2720356445312500e+03</cameraLocation>
<extrinsicMatrix type_id="opencv-matrix">
  <rows>4</rows>
  <cols>4</cols>
  <dt>d</dt>
  <data>
    -7.1643062571743055e-01 -6.9737990298479335e-01
    -1.9708613524323404e-02 -2.5919314396957575e+03
    4.7345577883272927e-02 -2.0415590592782640e-02
    -9.9866991539529537e-01 1.1060384740309089e+03
    6.9604996572733902e-01 -7.1641082806841205e-01
    4.7644208853773851e-02 -4.5871621369541735e+03 0. 0. 0. 1.</data></extrinsicMatrix>
 <!-- resumed -->

<bsd_deltaXY>
  2340. -8530.</bsd_deltaXY>
<yaw>-4.4110946150515211e+01</yaw>
<pitch>-8.6195202297025318e+01</pitch>
<roll>1.7621908532183403e+02</roll>
<avg_reprojection_error>4.6194466948509216e-01</avg_reprojection_error>
</opencv_storage>
