<?xml version="1.0"?>
<opencv_storage>
<camera_name>FC60</camera_name>
<camera_model>PINHOLE</camera_model>
<calibration_time>"2022-09-08 20:59:09"</calibration_time>
<camIntrinsicMat type_id="opencv-matrix">
  <rows>3</rows>
  <cols>3</cols>
  <dt>d</dt>
  <data>
    1.9430141784890657e+03 0. 9.6413021996108705e+02 0.
    1.9446429600932515e+03 6.2989700512735669e+02 0. 0. 1.</data></camIntrinsicMat>
<distortion_coefficients type_id="opencv-matrix">
  <rows>1</rows>
  <cols>5</cols>
  <dt>d</dt>
  <data>
    -4.8685567572923349e-01 2.3632568674396784e-01
    -4.7972402389118091e-03 -1.6226075240618918e-03
    -7.8108005194330088e-02</data></distortion_coefficients>
<camIntriMatrix type_id="opencv-matrix">
  <rows>3</rows>
  <cols>4</cols>
  <dt>d</dt>
  <data>
    1.9430141784890657e+03 0. 9.6413021996108705e+02 0. 0.
    1.9446429600932515e+03 6.2989700512735669e+02 0. 0. 0. 1. 0.</data></camIntriMatrix>
<avg_reprojection_error>2.4783210096205496e-01</avg_reprojection_error>
</opencv_storage>
