<?xml version="1.0"?>
<opencv_storage>
<camera_name>FC60</camera_name>
<calibration_time>"2022-09-08 21:37:45"</calibration_time>
<undistort>1</undistort>
<rotationMatrix type_id="opencv-matrix">
  <rows>3</rows>
  <cols>3</cols>
  <dt>d</dt>
  <data>
    9.9998390931906656e-01 -3.4814867618678798e-03
    -4.4788785296999778e-03 -4.5177601703343230e-03
    -1.1241655527096254e-02 -9.9992660481860030e-01
    3.4308812279368580e-03 9.9993074981767460e-01
    -1.1257203163430317e-02</data></rotationMatrix>
<offsetMatrix type_id="opencv-matrix">
  <rows>3</rows>
  <cols>1</cols>
  <dt>d</dt>
  <data>
    -1.8762425376200551e+03 1.3757146221568296e+03
    5.3424275571357248e+03</data></offsetMatrix>
<deltaXY>
  1825. -5300.</deltaXY>
<headLocation>
  1825. -5300.</headLocation>
<pointA>
  2.8175019442179905e+02 1.1306569548811613e+03</pointA>
<pointB>
  1.6040827377689930e+03 1.1235172235189600e+03</pointB>
<pointV>
  9.5736517333984375e+02 6.0803448486328125e+02</pointV>
<cameraLocation>
  1.8640982666015625e+03 -5.3331245117187500e+03 1.4273509521484375e+03</cameraLocation>
<extrinsicMatrix type_id="opencv-matrix">
  <rows>4</rows>
  <cols>4</cols>
  <dt>d</dt>
  <data>
    9.9998390931906656e-01 -3.4814867618678798e-03
    -4.4788785296999778e-03 -1.8762425376200551e+03
    -4.5177601703343230e-03 -1.1241655527096254e-02
    -9.9992660481860030e-01 1.3757146221568296e+03
    3.4308812279368580e-03 9.9993074981767460e-01
    -1.1257203163430317e-02 5.3424275571357248e+03 0. 0. 0. 1.</data></extrinsicMatrix>
 <!-- resumed -->

<yaw_z>1.9948750747935090e-01</yaw_z>
<pitch_x>9.0644109833777875e+01</pitch_x>
<roll_z>0.</roll_z>
</opencv_storage>
