<?xml version="1.0"?>
<opencv_storage>
<camera_name>FC28</camera_name>
<camera_model>PINHOLE</camera_model>
<calibration_time>"2022-07-18 21:27:38"</calibration_time>
<camIntrinsicMat type_id="opencv-matrix">
  <rows>3</rows>
  <cols>3</cols>
  <dt>d</dt>
  <data>
    7.2539834484001649e+03 0. 1.9176835629610530e+03 0.
    7.2599078568631421e+03 1.0700377013565799e+03 0. 0. 1.</data></camIntrinsicMat>
<distortion_coefficients type_id="opencv-matrix">
  <rows>1</rows>
  <cols>5</cols>
  <dt>d</dt>
  <data>
    -2.2458258600854228e-01 1.2038435648942088e-01
    1.8977530112212352e-03 -6.6089923034494565e-04
    8.9373027452516837e-02</data></distortion_coefficients>
<camIntriMatrix type_id="opencv-matrix">
  <rows>3</rows>
  <cols>4</cols>
  <dt>d</dt>
  <data>
    7.2539834484001649e+03 0. 1.9176835629610530e+03 0. 0.
    7.2599078568631421e+03 1.0700377013565799e+03 0. 0. 0. 1. 0.</data></camIntriMatrix>
<avg_reprojection_error>8.5744009163932683e-02</avg_reprojection_error>
</opencv_storage>
