<?xml version="1.0"?>
<opencv_storage>
<camera_name>FC28</camera_name>
<calibration_time>"2022-08-06 13:05:16"</calibration_time>
<undistort>1</undistort>
<rotationMatrix type_id="opencv-matrix">
  <rows>3</rows>
  <cols>3</cols>
  <dt>d</dt>
  <data>
    9.9987179900482170e-01 1.3282356860824381e-03 1.5956858864568706e-02
    1.5960262029575133e-02 -2.5922648490576050e-03
    -9.9986926655383290e-01 -1.2866976369178796e-03
    9.9999575796745988e-01 -2.6131315077110974e-03</data></rotationMatrix>
<offsetMatrix type_id="opencv-matrix">
  <rows>3</rows>
  <cols>1</cols>
  <dt>d</dt>
  <data>
    -1.7390253777248502e+03 2.2914220892252711e+03
    1.7624732151510838e+04</data></offsetMatrix>
<deltaXY>
  1765. -17530.</deltaXY>
<headLocation>
  1765. -17530.</headLocation>
<pointA>
  1.2019358739794345e+03 2.0139109520788759e+03</pointA>
<pointB>
  2.8153786907519343e+03 2.0399597263888327e+03</pointB>
<pointV>
  1.9273186035156250e+03 1.0512180175781250e+03</pointV>
<cameraLocation>
  1.7249084472656250e+03 -1.7616408203125000e+04 2.3649277343750000e+03</cameraLocation>
<extrinsicMatrix type_id="opencv-matrix">
  <rows>4</rows>
  <cols>4</cols>
  <dt>d</dt>
  <data>
    9.9987179900482170e-01 1.3282356860824381e-03 1.5956858864568706e-02
    -1.7390253777248502e+03 1.5960262029575133e-02
    -2.5922648490576050e-03 -9.9986926655383290e-01
    2.2914220892252711e+03 -1.2866976369178796e-03
    9.9999575796745988e-01 -2.6131315077110974e-03
    1.7624732151510838e+04 0. 0. 0. 1.</data></extrinsicMatrix>
 <!-- resumed -->

<yaw_z>7.3722364938880194e-02</yaw_z>
<pitch_x>9.0149721701038644e+01</pitch_x>
<roll_z>9.1449523895735785e-01</roll_z>
</opencv_storage>
