<?xml version="1.0"?>
<opencv_storage>
<camera_name>FR</camera_name>
<calibration_time>"2022-12-09 15:19:56"</calibration_time>
<undistort>1</undistort>
<rotationMatrix type_id="opencv-matrix">
  <rows>3</rows>
  <cols>3</cols>
  <dt>d</dt>
  <data>
    -7.2394180295777555e-01 -6.8981067830011011e-01
    -8.3363081389359883e-03 1.6223680863694800e-02
    -4.9432282963116636e-03 -9.9985616799279864e-01
    6.8967025317138209e-01 -7.2397292255798673e-01
    1.4769877906373630e-02</data></rotationMatrix>
<offsetMatrix type_id="opencv-matrix">
  <rows>3</rows>
  <cols>1</cols>
  <dt>d</dt>
  <data>
    -1.1228121172257177e+03 1.2532297842727000e+03
    -3.1720409899535939e+03</data></offsetMatrix>
<deltaXY>
  0. 0.</deltaXY>
<headLocation>
  0. 0.</headLocation>
<pointA>
  0. 0.</pointA>
<pointB>
  0. 0.</pointB>
<pointV>
  0. 0.</pointV>
<cameraLocation>
  1.3544797363281250e+03 -3.0648046875000000e+03 1.2905400390625000e+03</cameraLocation>
<extrinsicMatrix type_id="opencv-matrix">
  <rows>4</rows>
  <cols>4</cols>
  <dt>d</dt>
  <data>
    -7.2394180295777555e-01 -6.8981067830011011e-01
    -8.3363081389359883e-03 -1.1228121172257177e+03
    1.6223680863694800e-02 -4.9432282963116636e-03
    -9.9985616799279864e-01 1.2532297842727000e+03
    6.8967025317138209e-01 -7.2397292255798673e-01
    1.4769877906373630e-02 -3.1720409899535939e+03 0. 0. 0. 1.</data></extrinsicMatrix>
 <!-- resumed -->

<bsd_deltaXY>
  2350. -6800.</bsd_deltaXY>
<yaw>-4.3604011068069362e+01</yaw>
<pitch>-8.8831262515939855e+01</pitch>
<roll>1.7871620498632382e+02</roll>
<avg_reprojection_error>5.5895620584487915e-01</avg_reprojection_error>
</opencv_storage>
