<?xml version="1.0"?>
<opencv_storage>
<camera_name>FR</camera_name>
<camera_model>FISHEYE</camera_model>
<calibration_time>"2022-12-09 14:48:22"</calibration_time>
<camIntrinsicMat type_id="opencv-matrix">
  <rows>3</rows>
  <cols>3</cols>
  <dt>d</dt>
  <data>
    1.1498620353946201e+03 0. 9.7352420210279593e+02 0.
    1.1494825249396079e+03 5.9610226031236004e+02 0. 0. 1.</data></camIntrinsicMat>
<distortion_coefficients type_id="opencv-matrix">
  <rows>4</rows>
  <cols>1</cols>
  <dt>d</dt>
  <data>
    -3.9893366075696830e-02 -6.3459116774487326e-03
    1.0965530839763654e-02 -1.2867164010156959e-02</data></distortion_coefficients>
<camIntriMatrix type_id="opencv-matrix">
  <rows>3</rows>
  <cols>4</cols>
  <dt>d</dt>
  <data>
    1.1498620353946201e+03 0. 9.7352420210279593e+02 0. 0.
    1.1494825249396079e+03 5.9610226031236004e+02 0. 0. 0. 1. 0.</data></camIntriMatrix>
<avg_reprojection_error>3.0532883794351640e-01</avg_reprojection_error>
</opencv_storage>
