<?xml version="1.0"?>
<opencv_storage>
<camera_name>RR</camera_name>
<camera_model>FISHEYE</camera_model>
<calibration_time>"2023-01-7 22:46:28"</calibration_time>
<camIntrinsicMat type_id="opencv-matrix">
  <rows>3</rows>
  <cols>3</cols>
  <dt>d</dt>
  <data>
    1142.0364035972327 0. 961.80355166633012 0.
    1145.1949008911442 605.94138217819329 0. 0. 1.</data></camIntrinsicMat>
<distortion_coefficients type_id="opencv-matrix">
  <rows>4</rows>
  <cols>1</cols>
  <dt>d</dt>
  <data>
    -0.014525155128270245 -0.10814635794512074
     0.23883331967122134 -0.19309274584190209</data></distortion_coefficients>
<camIntriMatrix type_id="opencv-matrix">
  <rows>3</rows>
  <cols>4</cols>
  <dt>d</dt>
  <data>
    1142.0364035972327 0. 961.80355166633012 0. 0.
    1145.1949008911442 605.94138217819329 0. 0. 0. 1. 0.</data></camIntriMatrix>
<avg_reprojection_error>2.6457125923997610e-01</avg_reprojection_error>
</opencv_storage>
