<?xml version="1.0"?>
<opencv_storage>
<camera_name>RR</camera_name>
<calibration_time>"2023-01-07 12:32:02"</calibration_time>
<undistort>1</undistort>
<rotationMatrix type_id="opencv-matrix">
  <rows>3</rows>
  <cols>3</cols>
  <dt>d</dt>
  <data>
    6.9678027981488988e-01 -7.1543353924056852e-01
    5.1498471732643603e-02 2.2183455841550015e-02
    -5.0268374483651235e-02 -9.9848935137721806e-01
    7.1694151501221492e-01 6.9687010371839431e-01
    -1.9155223713251152e-02</data></rotationMatrix>
<offsetMatrix type_id="opencv-matrix">
  <rows>3</rows>
  <cols>1</cols>
  <dt>d</dt>
  <data>
    -7.7611643995220866e+03 7.3693254915857028e+02
    5.6860192956139372e+03</data></offsetMatrix>
<deltaXY>
  0. 0.</deltaXY>
<headLocation>
  0. 0.</headLocation>
<pointA>
  0. 0.</pointA>
<pointB>
  0. 0.</pointB>
<pointV>
  0. 0.</pointV>
<cameraLocation>
  1.3149353027343750e+03 -9.4779697265625000e+03 1.2444244384765625e+03</cameraLocation>
<extrinsicMatrix type_id="opencv-matrix">
  <rows>4</rows>
  <cols>4</cols>
  <dt>d</dt>
  <data>
    6.9678027981488988e-01 -7.1543353924056852e-01
    5.1498471732643603e-02 -7.7611643995220866e+03
    2.2183455841550015e-02 -5.0268374483651235e-02
    -9.9848935137721806e-01 7.3693254915857028e+02
    7.1694151501221492e-01 6.9687010371839431e-01
    -1.9155223713251152e-02 5.6860192956139372e+03 0. 0. 0. 1.</data></extrinsicMatrix>
 <!-- resumed -->

<bsd_deltaXY>
  2340. -6800.</bsd_deltaXY>
<yaw>-4.5802540804881723e+01</yaw>
<pitch>9.1574521822921639e+01</pitch>
<roll>1.8235148979802220e+00</roll>
<avg_reprojection_error>3.8327944278717041e-01</avg_reprojection_error>
</opencv_storage>
