<?xml version="1.0"?>
<opencv_storage>
<camera_name>FC60</camera_name>
<calibration_time>"2022-12-25 18:20:01"</calibration_time>
<undistort>1</undistort>
<rotationMatrix type_id="opencv-matrix">
  <rows>3</rows>
  <cols>3</cols>
  <dt>d</dt>
  <data>
    9.9999199311334375e-01 -8.9018235804541146e-04
    -3.9014464717370590e-03 -3.9217096792619798e-03
    -2.4026641605580743e-02 -9.9970362642452626e-01
    7.9617987539734993e-04 9.9971092225129088e-01
    -2.4029940263754528e-02</data></rotationMatrix>
<offsetMatrix type_id="opencv-matrix">
  <rows>3</rows>
  <cols>1</cols>
  <dt>d</dt>
  <data>
    -1.8666491665494323e+03 1.2931156637541278e+03
    5.3508440101438591e+03</data></offsetMatrix>
<deltaXY>
  1825. -5280.</deltaXY>
<headLocation>
  1825. -5280.</headLocation>
<pointA>
  2.7901400907125912e+02 1.1158907000479164e+03</pointA>
<pointB>
  1.5988636646234986e+03 1.1104380823733034e+03</pointB>
<pointV>
  9.5430950927734375e+02 5.9795635986328125e+02</pointV>
<cameraLocation>
  1.8674451904296875e+03 -5.3198896484375000e+03 1.4140302734375000e+03</cameraLocation>
<extrinsicMatrix type_id="opencv-matrix">
  <rows>4</rows>
  <cols>4</cols>
  <dt>d</dt>
  <data>
    9.9999199311334375e-01 -8.9018235804541146e-04
    -3.9014464717370590e-03 -1.8666491665494323e+03
    -3.9217096792619798e-03 -2.4026641605580743e-02
    -9.9970362642452626e-01 1.2931156637541278e+03
    7.9617987539734993e-04 9.9971092225129088e-01
    -2.4029940263754528e-02 5.3508440101438591e+03 0. 0. 0. 1.</data></extrinsicMatrix>
 <!-- resumed -->

<yaw_z>5.1018428175687504e-02</yaw_z>
<pitch_x>9.1376756905288474e+01</pitch_x>
<roll_z>0.</roll_z>
</opencv_storage>
