<?xml version="1.0"?>
<opencv_storage>
<camera_name>RR</camera_name>
<camera_model>FISHEYE</camera_model>
<calibration_time>"2022-12-20 16:30:53"</calibration_time>
<camIntrinsicMat type_id="opencv-matrix">
  <rows>3</rows>
  <cols>3</cols>
  <dt>d</dt>
  <data>
    1.1512922883963513e+03 0. 9.6995184930995447e+02 0.
    1.1508308559675409e+03 5.9700614248985823e+02 0. 0. 1.</data></camIntrinsicMat>
<distortion_coefficients type_id="opencv-matrix">
  <rows>4</rows>
  <cols>1</cols>
  <dt>d</dt>
  <data>
    -3.6091762944989073e-02 8.8586232387275789e-03
    -5.5464773310060507e-02 4.6598740078621914e-02</data></distortion_coefficients>
<camIntriMatrix type_id="opencv-matrix">
  <rows>3</rows>
  <cols>4</cols>
  <dt>d</dt>
  <data>
    1.1512922883963513e+03 0. 9.6995184930995447e+02 0. 0.
    1.1508308559675409e+03 5.9700614248985823e+02 0. 0. 0. 1. 0.</data></camIntriMatrix>
<avg_reprojection_error>2.2221480647619546e-01</avg_reprojection_error>
</opencv_storage>
