<?xml version="1.0"?>
<opencv_storage>
<camera_name>RR</camera_name>
<calibration_time>"2023-02-14 14:00:33"</calibration_time>
<undistort>1</undistort>
<rotationMatrix type_id="opencv-matrix">
  <rows>3</rows>
  <cols>3</cols>
  <dt>d</dt>
  <data>
    6.9582895081881013e-01 -7.1678291914841408e-01
    4.5214135173323955e-02 8.5348861881529015e-03
    -5.4697144626679933e-02 -9.9846651325291991e-01
    7.1815682613211218e-01 6.9514780384229524e-01
    -3.1942196121823724e-02</data></rotationMatrix>
<offsetMatrix type_id="opencv-matrix">
  <rows>3</rows>
  <cols>1</cols>
  <dt>d</dt>
  <data>
    -7.7656357398214514e+03 7.7093899954300616e+02
    5.6735267113699811e+03</data></offsetMatrix>
<deltaXY>
  0. 0.</deltaXY>
<headLocation>
  0. 0.</headLocation>
<pointA>
  0. 0.</pointA>
<pointB>
  0. 0.</pointB>
<pointV>
  0. 0.</pointV>
<cameraLocation>
  1.3224923095703125e+03 -9.4680468750000000e+03 1.3020981445312500e+03</cameraLocation>
<extrinsicMatrix type_id="opencv-matrix">
  <rows>4</rows>
  <cols>4</cols>
  <dt>d</dt>
  <data>
    6.9582895081881013e-01 -7.1678291914841408e-01
    4.5214135173323955e-02 -7.7656357398214514e+03
    8.5348861881529015e-03 -5.4697144626679933e-02
    -9.9846651325291991e-01 7.7093899954300616e+02
    7.1815682613211218e-01 6.9514780384229524e-01
    -3.1942196121823724e-02 5.6735267113699811e+03 0. 0. 0. 1.</data></extrinsicMatrix>
 <!-- resumed -->

<bsd_deltaXY>
  2040. -6850.</bsd_deltaXY>
<yaw>-4.5902512906755092e+01</yaw>
<pitch>9.2630903197434037e+01</pitch>
<roll>7.0274229742904504e-01</roll>
<avg_reprojection_error>5.1209455728530884e-01</avg_reprojection_error>
</opencv_storage>
