<?xml version="1.0"?>
<opencv_storage>
<camera_name>RR</camera_name>
<camera_model>FISHEYE</camera_model>
<calibration_time>"2022-06-22 16:58:52"</calibration_time>
<camIntrinsicMat type_id="opencv-matrix">
  <rows>3</rows>
  <cols>3</cols>
  <dt>d</dt>
  <data>
    1.1500206524618839e+03 0. 9.5963195423126683e+02 0.
    1.1504775903447880e+03 5.9483964197439116e+02 0. 0. 1.</data></camIntrinsicMat>
<distortion_coefficients type_id="opencv-matrix">
  <rows>4</rows>
  <cols>1</cols>
  <dt>d</dt>
  <data>
    -3.8424408028421342e-02 1.3051241864548741e-03
    -2.3143420719619077e-02 1.5862295274201983e-02</data></distortion_coefficients>
<camIntriMatrix type_id="opencv-matrix">
  <rows>3</rows>
  <cols>4</cols>
  <dt>d</dt>
  <data>
    1.1500206524618839e+03 0. 9.5963195423126683e+02 0. 0.
    1.1504775903447880e+03 5.9483964197439116e+02 0. 0. 0. 1. 0.</data></camIntriMatrix>
<avg_reprojection_error>2.2969739176160703e-01</avg_reprojection_error>
</opencv_storage>
