<?xml version="1.0"?>
<opencv_storage>
<camera_name>RR</camera_name>
<calibration_time>"2022-06-22 17:47:34"</calibration_time>
<undistort>1</undistort>
<rotationMatrix type_id="opencv-matrix">
  <rows>3</rows>
  <cols>3</cols>
  <dt>d</dt>
  <data>
    7.2707671084605907e-01 -6.8597779882745979e-01
    2.8176516127960793e-02 2.6278669900930640e-02
    -1.3204099987175505e-02 -9.9956744807529962e-01
    6.8605312334651902e-01 7.2750265378166268e-01 8.4261905463957898e-03</data></rotationMatrix>
<offsetMatrix type_id="opencv-matrix">
  <rows>3</rows>
  <cols>1</cols>
  <dt>d</dt>
  <data>
    -7.4675688195403254e+03 1.0998752441128718e+03
    5.9811052122132833e+03</data></offsetMatrix>
<deltaXY>
  0. 0.</deltaXY>
<headLocation>
  0. 0.</headLocation>
<pointA>
  0. 0.</pointA>
<pointB>
  0. 0.</pointB>
<pointV>
  0. 0.</pointV>
<cameraLocation>
  1.2972362060546875e+03 -9.4593330078125000e+03 1.2594116210937500e+03</cameraLocation>
<extrinsicMatrix type_id="opencv-matrix">
  <rows>4</rows>
  <cols>4</cols>
  <dt>d</dt>
  <data>
    7.2707671084605907e-01 -6.8597779882745979e-01
    2.8176516127960793e-02 -7.4675688195403254e+03
    2.6278669900930640e-02 -1.3204099987175505e-02
    -9.9956744807529962e-01 1.0998752441128718e+03
    6.8605312334651902e-01 7.2750265378166268e-01 8.4261905463957898e-03
    5.9811052122132833e+03 0. 0. 0. 1.</data></extrinsicMatrix>
 <!-- resumed -->

<bsd_deltaXY>
  2280. -6530.</bsd_deltaXY>
<yaw>-4.3318485298998532e+01</yaw>
<pitch>8.9336409886298142e+01</pitch>
<roll>2.0699353303495203e+00</roll>
<avg_reprojection_error>3.5583690643310547e+01</avg_reprojection_error>
</opencv_storage>
