<?xml version="1.0"?>
<opencv_storage>
<camera_name>RR</camera_name>
<calibration_time>"2022-07-17 15:57:14"</calibration_time>
<undistort>1</undistort>
<rotationMatrix type_id="opencv-matrix">
  <rows>3</rows>
  <cols>3</cols>
  <dt>d</dt>
  <data>
    6.7813803257234828e-01 -7.3480424491451202e-01
    1.3839452103270922e-02 -2.1573253345931742e-03
    -2.0821033931171684e-02 -9.9978089124239511e-01
    7.3493139457115708e-01 6.7795959038990738e-01
    -1.5704746799727526e-02</data></rotationMatrix>
<offsetMatrix type_id="opencv-matrix">
  <rows>3</rows>
  <cols>1</cols>
  <dt>d</dt>
  <data>
    -9.3283648087001109e+02 1.7771857364938542e+03
    -9.2772227631216401e+02</data></offsetMatrix>
<deltaXY>
  0. 0.</deltaXY>
<headLocation>
  0. 0.</headLocation>
<pointA>
  0. 0.</pointA>
<pointB>
  0. 0.</pointB>
<pointV>
  0. 0.</pointV>
<cameraLocation>
  1.3182380371093750e+03 -1.9491146087646484e+01 1.7751365966796875e+03</cameraLocation>
<extrinsicMatrix type_id="opencv-matrix">
  <rows>4</rows>
  <cols>4</cols>
  <dt>d</dt>
  <data>
    6.7813803257234828e-01 -7.3480424491451202e-01
    1.3839452103270922e-02 -9.3283648087001109e+02
    -2.1573253345931742e-03 -2.0821033931171684e-02
    -9.9978089124239511e-01 1.7771857364938542e+03
    7.3493139457115708e-01 6.7795959038990738e-01
    -1.5704746799727526e-02 -9.2772227631216401e+02 0. 0. 0. 1.</data></extrinsicMatrix>
 <!-- resumed -->

<bsd_deltaXY>
  2090. 2905.</bsd_deltaXY>
<yaw>-4.7301418905160837e+01</yaw>
<pitch>9.1327003594506550e+01</pitch>
<roll>-1.8227147541850611e-01</roll>
<avg_reprojection_error>6.6337710618972778e-01</avg_reprojection_error>
</opencv_storage>
