<?xml version="1.0"?>
<opencv_storage>
<camera_name>FL</camera_name>
<calibration_time>"2022-01-20 21:52:56"</calibration_time>
<undistort>1</undistort>
<rotationMatrix type_id="opencv-matrix">
  <rows>3</rows>
  <cols>3</cols>
  <dt>d</dt>
  <data>
    -7.1341734245001109e-01 7.0001657964595076e-01
    3.1819549216601906e-02 -1.4530774421143200e-02
    3.0620362093637832e-02 -9.9942545996186016e-01
    -7.0058871821225133e-01 -7.1346981831471923e-01
    -1.1673314339804786e-02</data></rotationMatrix>
<offsetMatrix type_id="opencv-matrix">
  <rows>3</rows>
  <cols>1</cols>
  <dt>d</dt>
  <data>
    2.4907627891910097e+03 1.4170806668697851e+03
    -4.5993597905810475e+03</data></offsetMatrix>
<deltaXY>
  0. 0.</deltaXY>
<headLocation>
  0. 0.</headLocation>
<pointA>
  0. 0.</pointA>
<pointB>
  0. 0.</pointB>
<pointV>
  0. 0.</pointV>
<cameraLocation>
  -1.4247149658203125e+03 -5.0684711914062500e+03 1.2833217773437500e+03</cameraLocation>
<extrinsicMatrix type_id="opencv-matrix">
  <rows>4</rows>
  <cols>4</cols>
  <dt>d</dt>
  <data>
    -7.1341734245001109e-01 7.0001657964595076e-01
    3.1819549216601906e-02 2.4907627891910097e+03
    -1.4530774421143200e-02 3.0620362093637832e-02
    -9.9942545996186016e-01 1.4170806668697851e+03
    -7.0058871821225133e-01 -7.1346981831471923e-01
    -1.1673314339804786e-02 -4.5993597905810475e+03 0. 0. 0. 1.</data></extrinsicMatrix>
 <!-- resumed -->

<bsd_deltaXY>
  -3600. -9175.</bsd_deltaXY>
<yaw>4.4474256747906871e+01</yaw>
<pitch>-9.0937351456896920e+01</pitch>
<roll>-1.7883316973296022e+02</roll>
<avg_reprojection_error>3.9613971710205078e+01</avg_reprojection_error>
</opencv_storage>
