<?xml version="1.0"?>
<opencv_storage>
<camera_name>FL</camera_name>
<camera_model>FISHEYE</camera_model>
<calibration_time>"2022-01-10 22:23:47"</calibration_time>
<camIntrinsicMat type_id="opencv-matrix">
  <rows>3</rows>
  <cols>3</cols>
  <dt>d</dt>
  <data>
    1.1517985154508985e+03 0. 9.6270470067525002e+02 0.
    1.1514559371879946e+03 6.0743700393379129e+02 0. 0. 1.</data></camIntrinsicMat>
<distortion_coefficients type_id="opencv-matrix">
  <rows>4</rows>
  <cols>1</cols>
  <dt>d</dt>
  <data>
    -3.9396874464984806e-02 1.1700203392357401e-02
    -3.9050090056415847e-02 2.2226314587429019e-02</data></distortion_coefficients>
<camIntriMatrix type_id="opencv-matrix">
  <rows>3</rows>
  <cols>4</cols>
  <dt>d</dt>
  <data>
    1.1517985154508985e+03 0. 9.6270470067525002e+02 0. 0.
    1.1514559371879946e+03 6.0743700393379129e+02 0. 0. 0. 1. 0.</data></camIntriMatrix>
<avg_reprojection_error>3.3586095551351586e-01</avg_reprojection_error>
</opencv_storage>
