<?xml version="1.0"?>
<opencv_storage>
<camera_name>FC120</camera_name>
<camera_model>FISHEYE</camera_model>
<calibration_time>"2022-07-04 10:11:11"</calibration_time>
<camIntrinsicMat type_id="opencv-matrix">
  <rows>3</rows>
  <cols>3</cols>
  <dt>d</dt>
  <data>
    9.6759985030423832e+02 0. 9.6227622839752735e+02 0.
    9.6465920291303962e+02 5.8359407967838627e+02 0. 0. 1.</data></camIntrinsicMat>
<distortion_coefficients type_id="opencv-matrix">
  <rows>4</rows>
  <cols>1</cols>
  <dt>d</dt>
  <data>
    -5.5680821856533835e-02 9.5539178858940282e-02
    -1.6981921522494295e-01 8.4942350958518251e-02</data></distortion_coefficients>
<camIntriMatrix type_id="opencv-matrix">
  <rows>3</rows>
  <cols>4</cols>
  <dt>d</dt>
  <data>
    9.6759985030423832e+02 0. 9.6227622839752735e+02 0. 0.
    9.6465920291303962e+02 5.8359407967838627e+02 0. 0. 0. 1. 0.</data></camIntriMatrix>
<avg_reprojection_error>5.3039160023177501e-01</avg_reprojection_error>
</opencv_storage>
