<?xml version="1.0"?>
<opencv_storage>
<camera_name>FC120</camera_name>
<calibration_time>"2022-11-01 17:44:42"</calibration_time>
<undistort>1</undistort>
<rotationMatrix type_id="opencv-matrix">
  <rows>3</rows>
  <cols>3</cols>
  <dt>d</dt>
  <data>
    9.9989263809244699e-01 -4.3974417785034746e-03
    -1.3977653391455321e-02 -1.3872049558708983e-02
    2.3192593437756696e-02 -9.9963476822821229e-01
    4.7200137253732817e-03 9.9972134423319958e-01 2.3129101906401175e-02</data></rotationMatrix>
<offsetMatrix type_id="opencv-matrix">
  <rows>3</rows>
  <cols>1</cols>
  <dt>d</dt>
  <data>
    -1.7738572562790471e+03 1.5500414764853065e+03
    3.3211498646691443e+03</data></offsetMatrix>
<deltaXY>
  1820. -3225.</deltaXY>
<headLocation>
  1820. -3225.</headLocation>
<pointA>
  4.5628004614181407e+02 1.0643409077506060e+03</pointA>
<pointB>
  1.5160389624871541e+03 1.0473342118311557e+03</pointB>
<pointV>
  9.7128979492187500e+02 6.3282287597656250e+02</pointV>
<cameraLocation>
  1.7794931640625000e+03 -3.3639743652343750e+03 1.4478657226562500e+03</cameraLocation>
<extrinsicMatrix type_id="opencv-matrix">
  <rows>4</rows>
  <cols>4</cols>
  <dt>d</dt>
  <data>
    9.9989263809244699e-01 -4.3974417785034746e-03
    -1.3977653391455321e-02 -1.7738572562790471e+03
    -1.3872049558708983e-02 2.3192593437756696e-02
    -9.9963476822821229e-01 1.5500414764853065e+03
    4.7200137253732817e-03 9.9972134423319958e-01 2.3129101906401175e-02
    3.3211498646691443e+03 0. 0. 0. 1.</data></extrinsicMatrix>
 <!-- resumed -->

<yaw_z>2.5202346828545102e-01</yaw_z>
<pitch_x>8.8671045767479612e+01</pitch_x>
<roll_z>0.</roll_z>
</opencv_storage>
