<?xml version="1.0"?>
<opencv_storage>
<camera_name>RL</camera_name>
<calibration_time>"2023-01-03 10:24:05"</calibration_time>
<undistort>1</undistort>
<rotationMatrix type_id="opencv-matrix">
  <rows>3</rows>
  <cols>3</cols>
  <dt>d</dt>
  <data>
    7.1847553589883528e-01 6.9553996193299361e-01
    -4.1310615017280394e-03 -1.1211604603159120e-02
    5.6424184789698739e-03 -9.9992122841548392e-01
    -6.9546186397034293e-01 7.1846525627058533e-01
    1.1852058679332422e-02</data></rotationMatrix>
<offsetMatrix type_id="opencv-matrix">
  <rows>3</rows>
  <cols>1</cols>
  <dt>d</dt>
  <data>
    7.5311280692073351e+03 1.2836005928036441e+03 5.8631412149805283e+03</data></offsetMatrix>
<deltaXY>
  0. 0.</deltaXY>
<headLocation>
  0. 0.</headLocation>
<pointA>
  0. 0.</pointA>
<pointB>
  0. 0.</pointB>
<pointV>
  0. 0.</pointV>
<cameraLocation>
  -1.3189489746093750e+03 -9.4579062500000000e+03 1.2451207275390625e+03</cameraLocation>
<extrinsicMatrix type_id="opencv-matrix">
  <rows>4</rows>
  <cols>4</cols>
  <dt>d</dt>
  <data>
    7.1847553589883528e-01 6.9553996193299361e-01
    -4.1310615017280394e-03 7.5311280692073351e+03
    -1.1211604603159120e-02 5.6424184789698739e-03
    -9.9992122841548392e-01 1.2836005928036441e+03
    -6.9546186397034293e-01 7.1846525627058533e-01
    1.1852058679332422e-02 5.8631412149805283e+03 0. 0. 0. 1.</data></extrinsicMatrix>
 <!-- resumed -->

<bsd_deltaXY>
  -3130. -6675.</bsd_deltaXY>
<yaw>4.4064032725522402e+01</yaw>
<pitch>8.9054914143246563e+01</pitch>
<roll>-8.9401163949026097e-01</roll>
<avg_reprojection_error>3.7208408117294312e-01</avg_reprojection_error>
</opencv_storage>
