<?xml version="1.0"?>
<opencv_storage>
<camera_name>RL</camera_name>
<camera_model>FISHEYE</camera_model>
<calibration_time>"2023-01-03 10:02:47"</calibration_time>
<camIntrinsicMat type_id="opencv-matrix">
  <rows>3</rows>
  <cols>3</cols>
  <dt>d</dt>
  <data>
    1.1426442810524352e+03 0. 9.8452736788519985e+02 0.
    1.1438423694062426e+03 5.9906140182342494e+02 0. 0. 1.</data></camIntrinsicMat>
<distortion_coefficients type_id="opencv-matrix">
  <rows>4</rows>
  <cols>1</cols>
  <dt>d</dt>
  <data>
    -4.2390598035595542e-02 -4.3615952060274557e-03
    8.8627956394278871e-03 -8.0594714673592281e-03</data></distortion_coefficients>
<camIntriMatrix type_id="opencv-matrix">
  <rows>3</rows>
  <cols>4</cols>
  <dt>d</dt>
  <data>
    1.1426442810524352e+03 0. 9.8452736788519985e+02 0. 0.
    1.1438423694062426e+03 5.9906140182342494e+02 0. 0. 0. 1. 0.</data></camIntriMatrix>
<avg_reprojection_error>2.3589120921832124e-01</avg_reprojection_error>
</opencv_storage>
