<?xml version="1.0"?>
<opencv_storage>
<camera_name>RR</camera_name>
<calibration_time>"2022-07-29 11:04:29"</calibration_time>
<undistort>1</undistort>
<rotationMatrix type_id="opencv-matrix">
  <rows>3</rows>
  <cols>3</cols>
  <dt>d</dt>
  <data>
    6.9951732127642141e-01 -7.1328054758494097e-01
    4.3662085053131794e-02 2.2025446057796771e-02
    -3.9549855348207152e-02 -9.9897481883573580e-01
    7.1427613495077313e-01 6.9976186619368075e-01
    -1.1955486645139846e-02</data></rotationMatrix>
<offsetMatrix type_id="opencv-matrix">
  <rows>3</rows>
  <cols>1</cols>
  <dt>d</dt>
  <data>
    -7.7137011798747199e+03 8.5268027133553551e+02
    5.7126109520248401e+03</data></offsetMatrix>
<deltaXY>
  0. 0.</deltaXY>
<headLocation>
  0. 0.</headLocation>
<pointA>
  0. 0.</pointA>
<pointB>
  0. 0.</pointB>
<pointV>
  0. 0.</pointV>
<cameraLocation>
  1.2967052001953125e+03 -9.4657773437500000e+03 1.2568994140625000e+03</cameraLocation>
<extrinsicMatrix type_id="opencv-matrix">
  <rows>4</rows>
  <cols>4</cols>
  <dt>d</dt>
  <data>
    6.9951732127642141e-01 -7.1328054758494097e-01
    4.3662085053131794e-02 -7.7137011798747199e+03
    2.2025446057796771e-02 -3.9549855348207152e-02
    -9.9897481883573580e-01 8.5268027133553551e+02
    7.1427613495077313e-01 6.9976186619368075e-01
    -1.1955486645139846e-02 5.7126109520248401e+03 0. 0. 0. 1.</data></extrinsicMatrix>
 <!-- resumed -->

<bsd_deltaXY>
  2325. -6730.</bsd_deltaXY>
<yaw>-4.5583907930117199e+01</yaw>
<pitch>9.0978807678976438e+01</pitch>
<roll>1.8034554252044621e+00</roll>
<avg_reprojection_error>4.2049655318260193e-01</avg_reprojection_error>
</opencv_storage>
