<?xml version="1.0"?>
<opencv_storage>
<camera_name>RR</camera_name>
<camera_model>FISHEYE</camera_model>
<calibration_time>"2022-07-20 14:53:23"</calibration_time>
<camIntrinsicMat type_id="opencv-matrix">
  <rows>3</rows>
  <cols>3</cols>
  <dt>d</dt>
  <data>
    1.1485483328691214e+03 0. 9.5648976882846364e+02 0.
    1.1477959164016822e+03 6.0675844115504390e+02 0. 0. 1.</data></camIntrinsicMat>
<distortion_coefficients type_id="opencv-matrix">
  <rows>4</rows>
  <cols>1</cols>
  <dt>d</dt>
  <data>
    -4.4781141270458541e-02 2.4023565295136849e-02
    -5.5317219516829053e-02 3.1950965289387158e-02</data></distortion_coefficients>
<camIntriMatrix type_id="opencv-matrix">
  <rows>3</rows>
  <cols>4</cols>
  <dt>d</dt>
  <data>
    1.1485483328691214e+03 0. 9.5648976882846364e+02 0. 0.
    1.1477959164016822e+03 6.0675844115504390e+02 0. 0. 0. 1. 0.</data></camIntriMatrix>
<avg_reprojection_error>1.4208649895143383e-01</avg_reprojection_error>
</opencv_storage>
