<?xml version="1.0"?>
<opencv_storage>
<camera_name>cam_blf</camera_name>
<camera_model>FISHEYE</camera_model>
<calibration_time>"2022-06-21 16:07:23"</calibration_time>
<camIntrinsicMat type_id="opencv-matrix">
  <rows>3</rows>
  <cols>3</cols>
  <dt>d</dt>
  <data>
    1.1454201660156250e+03 0. 9.6013659667968750e+02 0.
    1.1457976074218750e+03 5.9726806640625000e+02 0. 0. 1.</data></camIntrinsicMat>
<distortion_coefficients type_id="opencv-matrix">
  <rows>4</rows>
  <cols>1</cols>
  <dt>d</dt>
  <data>
    -3.5516437143087387e-02 -6.0852225869894028e-03
    -1.4431484974920750e-02 1.3304241932928562e-02</data></distortion_coefficients>
<camIntriMatrix type_id="opencv-matrix">
  <rows>3</rows>
  <cols>4</cols>
  <dt>d</dt>
  <data>
    1.1454201660156250e+03 0. 9.6013659667968750e+02 0. 0.
    1.1457976074218750e+03 5.9726806640625000e+02 0. 0. 0. 1. 0.</data></camIntriMatrix>
<avg_reprojection_error>0</avg_reprojection_error>
</opencv_storage>
