<?xml version="1.0"?>
<opencv_storage>
<camera_name>cam_blf</camera_name>
<calibration_time>"2022-06-21 16:07:23"</calibration_time>
<undistort>1</undistort>
<rotationMatrix type_id="opencv-matrix">
  <rows>3</rows>
  <cols>3</cols>
  <dt>d</dt>
  <data>
    6.9822650396193864e-01 7.1570137267540912e-01 1.5852265315211479e-02
    8.2832383924543742e-04 2.1336124498999572e-02
    -9.9977201584710318e-01 -7.1587643001058932e-01
    6.9808045019316955e-01 1.4304615108265415e-02</data></rotationMatrix>
<offsetMatrix type_id="opencv-matrix">
  <rows>3</rows>
  <cols>1</cols>
  <dt>d</dt>
  <data>
    1.0161091694920102e+04 1.5641990874323772e+03 1.0599998365455758e+04</data></offsetMatrix>
<deltaXY>
  1820. -5225.</deltaXY>
<headLocation>
  1820. -5225.</headLocation>
<pointV>
  2.1344694187500272e+03 6.3228821400649304e+02</pointV>
<extrinsicMatrix type_id="opencv-matrix">
  <rows>4</rows>
  <cols>4</cols>
  <dt>d</dt>
  <data>
    6.9822650396193864e-01 7.1570137267540912e-01 1.5852265315211479e-02
    1.0161091694920102e+04 8.2832383924543742e-04 2.1336124498999572e-02
    -9.9977201584710318e-01 1.5641990874323772e+03
    -7.1587643001058932e-01 6.9808045019316955e-01
    1.4304615108265415e-02 1.0599998365455758e+04 0. 0. 0. 1.</data></extrinsicMatrix>
</opencv_storage>
