<?xml version="1.0"?>
<opencv_storage>
<camera_name>RL</camera_name>
<calibration_time>"2022-12-21 14:11:25"</calibration_time>
<undistort>1</undistort>
<rotationMatrix type_id="opencv-matrix">
  <rows>3</rows>
  <cols>3</cols>
  <dt>d</dt>
  <data>
    6.8606521525863917e-01 7.2736380346793605e-01 1.6013051451060523e-02
    -5.3693035945825418e-03 2.7071245774399288e-02
    -9.9961908656804410e-01 -7.2752023407670641e-01
    6.8571790486823336e-01 2.2478077144062358e-02</data></rotationMatrix>
<offsetMatrix type_id="opencv-matrix">
  <rows>3</rows>
  <cols>1</cols>
  <dt>d</dt>
  <data>
    7.8422257545445855e+03 1.5188879267689515e+03 5.5662390046826176e+03</data></offsetMatrix>
<deltaXY>
  0. 0.</deltaXY>
<headLocation>
  0. 0.</headLocation>
<pointA>
  0. 0.</pointA>
<pointB>
  0. 0.</pointB>
<pointV>
  0. 0.</pointV>
<cameraLocation>
  -1.3225714111328125e+03 -9.5621386718750000e+03 1.2676130371093750e+03</cameraLocation>
<extrinsicMatrix type_id="opencv-matrix">
  <rows>4</rows>
  <cols>4</cols>
  <dt>d</dt>
  <data>
    6.8606521525863917e-01 7.2736380346793605e-01 1.6013051451060523e-02
    7.8422257545445855e+03 -5.3693035945825418e-03
    2.7071245774399288e-02 -9.9961908656804410e-01
    1.5188879267689515e+03 -7.2752023407670641e-01
    6.8571790486823336e-01 2.2478077144062358e-02 5.5662390046826176e+03
    0. 0. 0. 1.</data></extrinsicMatrix>
 <!-- resumed -->

<bsd_deltaXY>
  -3135. -6705.</bsd_deltaXY>
<yaw>4.6678906882205887e+01</yaw>
<pitch>8.8122496240388713e+01</pitch>
<roll>-4.4840074579720840e-01</roll>
<avg_reprojection_error>4.9843508005142212e-01</avg_reprojection_error>
</opencv_storage>
