<?xml version="1.0"?>
<opencv_storage>
<camera_name>RL</camera_name>
<calibration_time>"2021-10-12 09:54:59"</calibration_time>
<undistort>1</undistort>
<rotationMatrix type_id="opencv-matrix">
  <rows>3</rows>
  <cols>3</cols>
  <dt>d</dt>
  <data>
    6.8896840541848581e-01 7.2460741400063799e-01
    -1.6328867395394298e-02 3.7459935588133875e-03
    -2.6088701008525089e-02 -9.9965261326720145e-01
    -7.2478169393781311e-01 6.8866789910304038e-01
    -2.0688665438798021e-02</data></rotationMatrix>
<offsetMatrix type_id="opencv-matrix">
  <rows>3</rows>
  <cols>1</cols>
  <dt>d</dt>
  <data>
    1.0755130574030470e+03 1.7486870498265691e+03
    -8.0228868127353701e+02</data></offsetMatrix>
<deltaXY>
  0. 0.</deltaXY>
<headLocation>
  0. 0.</headLocation>
<pointA>
  0. 0.</pointA>
<pointB>
  0. 0.</pointB>
<pointV>
  0. 0.</pointV>
<cameraLocation>
  -1.3290292968750000e+03 -1.8119329833984375e+02 1.7490432128906250e+03</cameraLocation>
<extrinsicMatrix type_id="opencv-matrix">
  <rows>4</rows>
  <cols>4</cols>
  <dt>d</dt>
  <data>
    6.8896840541848581e-01 7.2460741400063799e-01
    -1.6328867395394298e-02 1.0755130574030470e+03
    3.7459935588133875e-03 -2.6088701008525089e-02
    -9.9965261326720145e-01 1.7486870498265691e+03
    -7.2478169393781311e-01 6.8866789910304038e-01
    -2.0688665438798021e-02 -8.0228868127353701e+02 0. 0. 0. 1.</data></extrinsicMatrix>
 <!-- resumed -->

<bsd_deltaXY>
  -3310. 2615.</bsd_deltaXY>
<yaw>4.6450689400442222e+01</yaw>
<pitch>9.1720737687545238e+01</pitch>
<roll>3.1152009930286595e-01</roll>
</opencv_storage>
