<?xml version="1.0"?>
<opencv_storage>
<camera_name>FC120</camera_name>
<calibration_time>"2022-01-20 16:44:34"</calibration_time>
<undistort>1</undistort>
<rotationMatrix type_id="opencv-matrix">
  <rows>3</rows>
  <cols>3</cols>
  <dt>d</dt>
  <data>
    9.9992677092346305e-01 6.2062864056512089e-03
    -1.0389167417428414e-02 -1.0202522315022007e-02
    -2.9383949518357780e-02 -9.9951612895896491e-01
    -6.5085581343186276e-03 9.9954893102826825e-01
    -2.9318477983322464e-02</data></rotationMatrix>
<offsetMatrix type_id="opencv-matrix">
  <rows>3</rows>
  <cols>1</cols>
  <dt>d</dt>
  <data>
    -1.7661927282489446e+03 2.0967149221291179e+03
    5.3546163898094064e+03</data></offsetMatrix>
<deltaXY>
  1765. -5105.</deltaXY>
<headLocation>
  1765. -5105.</headLocation>
<pointA>
  1.3405074962647504e+03 1.8858119685365195e+03</pointA>
<pointB>
  2.6174142437644850e+03 1.8760153987466631e+03</pointB>
<pointV>
  1.9975449218750000e+03 1.0626325683593750e+03</pointV>
<cameraLocation>
  1.8223060302734375e+03 -5.2796298828125000e+03 2.2343403320312500e+03</cameraLocation>
<extrinsicMatrix type_id="opencv-matrix">
  <rows>4</rows>
  <cols>4</cols>
  <dt>d</dt>
  <data>
    9.9992677092346305e-01 6.2062864056512089e-03
    -1.0389167417428414e-02 -1.7661927282489446e+03
    -1.0202522315022007e-02 -2.9383949518357780e-02
    -9.9951612895896491e-01 2.0967149221291179e+03
    -6.5085581343186276e-03 9.9954893102826825e-01
    -2.9318477983322464e-02 5.3546163898094064e+03 0. 0. 0. 1.</data></extrinsicMatrix>
 <!-- resumed -->

<yaw_z>3.7291553678930767e-01</yaw_z>
<pitch_x>9.1680101394988995e+01</pitch_x>
<roll_z>-5.8458399326169863e-01</roll_z>
</opencv_storage>
