<?xml version="1.0"?>
<opencv_storage>
<camera_name>FC120</camera_name>
<camera_model>FISHEYE</camera_model>
<calibration_time>"2022-01-20 15:19:30"</calibration_time>
<camIntrinsicMat type_id="opencv-matrix">
  <rows>3</rows>
  <cols>3</cols>
  <dt>d</dt>
  <data>
    1.9551545771477890e+03 0. 1.9854051967485714e+03 0.
    1.9554410396012465e+03 1.1201170786320822e+03 0. 0. 1.</data></camIntrinsicMat>
<distortion_coefficients type_id="opencv-matrix">
  <rows>4</rows>
  <cols>1</cols>
  <dt>d</dt>
  <data>
    -5.3541885151606114e-02 2.8449327546661040e-03
    8.2209702586925662e-05 -1.0381603874570454e-03</data></distortion_coefficients>
<camIntriMatrix type_id="opencv-matrix">
  <rows>3</rows>
  <cols>4</cols>
  <dt>d</dt>
  <data>
    1.9551545771477890e+03 0. 1.9854051967485714e+03 0. 0.
    1.9554410396012465e+03 1.1201170786320822e+03 0. 0. 0. 1. 0.</data></camIntriMatrix>
<avg_reprojection_error>4.5185443617212007e-01</avg_reprojection_error>
</opencv_storage>
