<?xml version="1.0"?>
<opencv_storage>
<camera_name>RC</camera_name>
<camera_model>PINHOLE</camera_model>
<calibration_time>"2022-12-21 14:18:39"</calibration_time>
<camIntrinsicMat type_id="opencv-matrix">
  <rows>3</rows>
  <cols>3</cols>
  <dt>d</dt>
  <data>
    1913.897759568807 0. 979.17171924334332 0.
    1916.7796670540979 629.23660082021638 0. 0. 1.</data></camIntrinsicMat>
<distortion_coefficients type_id="opencv-matrix">
  <rows>1</rows>
  <cols>5</cols>
  <dt>d</dt>
  <data>
    -0.48542413081456293 0.22656852436854949
    -0.0038826138172204472 5.6294041405830248e-05
    0</data></distortion_coefficients>
<camIntriMatrix type_id="opencv-matrix">
  <rows>3</rows>
  <cols>4</cols>
  <dt>d</dt>
  <data>
    1913.897759568807 0. 979.17171924334332 0. 0.
    1916.7796670540979 629.23660082021638 0. 0. 0. 1. 0.</data></camIntriMatrix>
<avg_reprojection_error>2.4702149572606177e-01</avg_reprojection_error>
</opencv_storage>
