<?xml version="1.0"?>
<opencv_storage>
<camera_name>RC</camera_name>
<calibration_time>"2022-12-21 14:51:55"</calibration_time>
<undistort>1</undistort>
<rotationMatrix type_id="opencv-matrix">
  <rows>3</rows>
  <cols>3</cols>
  <dt>d</dt>
  <data>
    9.9977655517561470e-01 -1.8060003895825228e-02
    -1.0985261966095511e-02 -1.1070704867629082e-02
    -4.6379040551719894e-03 -9.9992796207512313e-01
    1.8007754299601622e-02 9.9982614794035951e-01
    -4.8368047125537782e-03</data></rotationMatrix>
<offsetMatrix type_id="opencv-matrix">
  <rows>3</rows>
  <cols>1</cols>
  <dt>d</dt>
  <data>
    -1.9580609612326514e+03 1.4321968485059274e+03
    5.1658162790396482e+03</data></offsetMatrix>
<deltaXY>
  1810. -5225.</deltaXY>
<headLocation>
  1810. -5225.</headLocation>
<pointA>
  2.5372422278320948e+02 1.1606542219953674e+03</pointA>
<pointB>
  1.5905758961525869e+03 1.1392887439570750e+03</pointB>
<pointV>
  9.4460070800781250e+02 6.2034521484375000e+02</pointV>
<cameraLocation>
  1.8804541015625000e+03 -5.1936381835937500e+03 1.4355699462890625e+03</cameraLocation>
<extrinsicMatrix type_id="opencv-matrix">
  <rows>4</rows>
  <cols>4</cols>
  <dt>d</dt>
  <data>
    9.9977655517561470e-01 -1.8060003895825228e-02
    -1.0985261966095511e-02 -1.9580609612326514e+03
    -1.1070704867629082e-02 -4.6379040551719894e-03
    -9.9992796207512313e-01 1.4321968485059274e+03
    1.8007754299601622e-02 9.9982614794035951e-01
    -4.8368047125537782e-03 5.1658162790396482e+03 0. 0. 0. 1.</data></extrinsicMatrix>
 <!-- resumed -->

<yaw_z>1.0348293679873497e+00</yaw_z>
<pitch_x>9.0265731014137515e+01</pitch_x>
<roll_z>0.</roll_z>
</opencv_storage>
