<?xml version="1.0"?>
<opencv_storage>
<camera_name>FR</camera_name>
<calibration_time>"2022-06-22 17:36:19"</calibration_time>
<undistort>1</undistort>
<rotationMatrix type_id="opencv-matrix">
  <rows>3</rows>
  <cols>3</cols>
  <dt>d</dt>
  <data>
    -7.1296593679167453e-01 -7.0119171438938732e-01
    -3.1229227402859716e-03 -1.8570059899891689e-03
    6.3418270336861315e-03 -9.9997816614095525e-01
    7.0119620970419039e-01 -7.1294457070767181e-01
    -5.8236238657948247e-03</data></rotationMatrix>
<offsetMatrix type_id="opencv-matrix">
  <rows>3</rows>
  <cols>1</cols>
  <dt>d</dt>
  <data>
    -2.6537821372842213e+03 1.2983519165024111e+03
    -4.5411973229778487e+03</data></offsetMatrix>
<deltaXY>
  0. 0.</deltaXY>
<headLocation>
  0. 0.</headLocation>
<pointA>
  0. 0.</pointA>
<pointB>
  0. 0.</pointB>
<pointV>
  0. 0.</pointV>
<cameraLocation>
  1.2946251220703125e+03 -5.1066660156250000e+03 1.2635898437500000e+03</cameraLocation>
<extrinsicMatrix type_id="opencv-matrix">
  <rows>4</rows>
  <cols>4</cols>
  <dt>d</dt>
  <data>
    -7.1296593679167453e-01 -7.0119171438938732e-01
    -3.1229227402859716e-03 -2.6537821372842213e+03
    -1.8570059899891689e-03 6.3418270336861315e-03
    -9.9997816614095525e-01 1.2983519165024111e+03
    7.0119620970419039e-01 -7.1294457070767181e-01
    -5.8236238657948247e-03 -4.5411973229778487e+03 0. 0. 0. 1.</data></extrinsicMatrix>
 <!-- resumed -->

<bsd_deltaXY>
  2280. -8430.</bsd_deltaXY>
<yaw>-4.4523055262606228e+01</yaw>
<pitch>-9.0468005034138542e+01</pitch>
<roll>-1.7985076655186057e+02</roll>
<avg_reprojection_error>2.8679794073104858e-01</avg_reprojection_error>
</opencv_storage>
