<?xml version="1.0"?>
<opencv_storage>
<camera_name>FC60</camera_name>
<calibration_time>"2022-06-24 12:43:34"</calibration_time>
<undistort>1</undistort>
<rotationMatrix type_id="opencv-matrix">
  <rows>3</rows>
  <cols>3</cols>
  <dt>d</dt>
  <data>
    9.9994931250743235e-01 5.5452999531319372e-03 8.4036934941198339e-03
    8.4843413297176415e-03 -1.4683844247477103e-02
    -9.9985618999449943e-01 -5.4211039571439830e-03
    9.9987680959533487e-01 -1.4730148177808985e-02</data></rotationMatrix>
<offsetMatrix type_id="opencv-matrix">
  <rows>3</rows>
  <cols>1</cols>
  <dt>d</dt>
  <data>
    -1.6858125548870430e+03 1.3568041953635186e+03
    5.2554566866860241e+03</data></offsetMatrix>
<deltaXY>
  1648. -5000.</deltaXY>
<headLocation>
  1648. -5000.</headLocation>
<pointA>
  2.9827101927153365e+02 1.1046605556851391e+03</pointA>
<pointB>
  1.4665427448527078e+03 1.1162234574470594e+03</pointB>
<pointV>
  9.4366204833984375e+02 5.6523730468750000e+02</pointV>
<cameraLocation>
  1.7027059326171875e+03 -5.2255375976562500e+03 1.4481898193359375e+03</cameraLocation>
<extrinsicMatrix type_id="opencv-matrix">
  <rows>4</rows>
  <cols>4</cols>
  <dt>d</dt>
  <data>
    9.9994931250743235e-01 5.5452999531319372e-03 8.4036934941198339e-03
    -1.6858125548870430e+03 8.4843413297176415e-03
    -1.4683844247477103e-02 -9.9985618999449943e-01
    1.3568041953635186e+03 -5.4211039571439830e-03
    9.9987680959533487e-01 -1.4730148177808985e-02
    5.2554566866860241e+03 0. 0. 0. 1.</data></extrinsicMatrix>
 <!-- resumed -->

<yaw_z>3.1060790714936815e-01</yaw_z>
<pitch_x>9.0844018248895196e+01</pitch_x>
<roll_z>4.8612992594762583e-01</roll_z>
</opencv_storage>
