<?xml version="1.0"?>
<opencv_storage>
<camera_name>FC60</camera_name>
<camera_model>PINHOLE</camera_model>
<calibration_time>"2022-06-22 22:51:07"</calibration_time>
<camIntrinsicMat type_id="opencv-matrix">
  <rows>3</rows>
  <cols>3</cols>
  <dt>d</dt>
  <data>
    1.9777873091678907e+03 0. 9.3269327321916387e+02 0.
    1.9769505869161551e+03 5.9427011575447898e+02 0. 0. 1.</data></camIntrinsicMat>
<distortion_coefficients type_id="opencv-matrix">
  <rows>1</rows>
  <cols>5</cols>
  <dt>d</dt>
  <data>
    -5.0302365542415783e-01 2.5968724326359854e-01
    9.0726201960354420e-04 -6.4489038747756627e-04
    -6.3867252650955039e-02</data></distortion_coefficients>
<camIntriMatrix type_id="opencv-matrix">
  <rows>3</rows>
  <cols>4</cols>
  <dt>d</dt>
  <data>
    1.9777873091678907e+03 0. 9.3269327321916387e+02 0. 0.
    1.9769505869161551e+03 5.9427011575447898e+02 0. 0. 0. 1. 0.</data></camIntriMatrix>
<avg_reprojection_error>3.1262426009496169e-01</avg_reprojection_error>
</opencv_storage>
