<?xml version="1.0"?>
<opencv_storage>
<camera_name>FC120</camera_name>
<calibration_time>"2022-07-19 17:53:31"</calibration_time>
<undistort>1</undistort>
<rotationMatrix type_id="opencv-matrix">
  <rows>3</rows>
  <cols>3</cols>
  <dt>d</dt>
  <data>
    9.9989300385389501e-01 1.4605423939389919e-02 8.1390145927247607e-04
    8.9803126931387088e-04 -5.7545422088414750e-03
    -9.9998303924806942e-01 -1.4600492590116421e-02
    9.9987677582566004e-01 -5.7670426224016875e-03</data></rotationMatrix>
<offsetMatrix type_id="opencv-matrix">
  <rows>3</rows>
  <cols>1</cols>
  <dt>d</dt>
  <data>
    -1.7734703229256418e+03 2.2833161192935640e+03
    5.3199177927283226e+03</data></offsetMatrix>
<deltaXY>
  1860. -5055.</deltaXY>
<headLocation>
  1860. -5055.</headLocation>
<pointA>
  1.2410255134118579e+03 1.9185517035889893e+03</pointA>
<pointB>
  2.6986083249078688e+03 1.9290392251132143e+03</pointB>
<pointV>
  1.9253526611328125e+03 1.0637819824218750e+03</pointV>
<cameraLocation>
  1.8489034423828125e+03 -5.2802207031250000e+03 2.3154011230468750e+03</cameraLocation>
<extrinsicMatrix type_id="opencv-matrix">
  <rows>4</rows>
  <cols>4</cols>
  <dt>d</dt>
  <data>
    9.9989300385389501e-01 1.4605423939389919e-02 8.1390145927247607e-04
    -1.7734703229256418e+03 8.9803126931387088e-04
    -5.7545422088414750e-03 -9.9998303924806942e-01
    2.2833161192935640e+03 -1.4600492590116421e-02
    9.9987677582566004e-01 -5.7670426224016875e-03
    5.3199177927283226e+03 0. 0. 0. 1.</data></extrinsicMatrix>
 <!-- resumed -->

<yaw_z>8.3657631225811080e-01</yaw_z>
<pitch_x>9.0330464259689464e+01</pitch_x>
<roll_z>5.1458893671106794e-02</roll_z>
</opencv_storage>
