<?xml version="1.0"?>
<opencv_storage>
<camera_name>FC120</camera_name>
<camera_model>FISHEYE</camera_model>
<calibration_time>"2021-12-27 15:45:17"</calibration_time>
<camIntrinsicMat type_id="opencv-matrix">
  <rows>3</rows>
  <cols>3</cols>
  <dt>d</dt>
  <data>
    1.9666186150246754e+03 0. 1.8966258226923328e+03 0.
    1.9651837375838163e+03 1.0750921088689229e+03 0. 0. 1.</data></camIntrinsicMat>
<distortion_coefficients type_id="opencv-matrix">
  <rows>4</rows>
  <cols>1</cols>
  <dt>d</dt>
  <data>
    -4.1400112139954710e-02 -2.6829603677103495e-02
    3.0048910385664453e-02 -1.2984957513239175e-02</data></distortion_coefficients>
<camIntriMatrix type_id="opencv-matrix">
  <rows>3</rows>
  <cols>4</cols>
  <dt>d</dt>
  <data>
    1.9666186150246754e+03 0. 1.8966258226923328e+03 0. 0.
    1.9651837375838163e+03 1.0750921088689229e+03 0. 0. 0. 1. 0.</data></camIntriMatrix>
<avg_reprojection_error>8.5756164902141496e-01</avg_reprojection_error>
</opencv_storage>
