<?xml version="1.0"?>
<opencv_storage>
<camera_name>RL</camera_name>
<calibration_time>"2022-10-21 11:07:51"</calibration_time>
<undistort>1</undistort>
<rotationMatrix type_id="opencv-matrix">
  <rows>3</rows>
  <cols>3</cols>
  <dt>d</dt>
  <data>
    7.0344836912647890e-01 7.1060039602762326e-01 1.4403789039064252e-02
    -3.1649735957454683e-03 2.3397354359924516e-02
    -9.9972123452045070e-01 -7.1073931572372950e-01
    7.0320668439253398e-01 1.8707862256916924e-02</data></rotationMatrix>
<offsetMatrix type_id="opencv-matrix">
  <rows>3</rows>
  <cols>1</cols>
  <dt>d</dt>
  <data>
    7.6487176106547013e+03 1.4682496769666536e+03 5.7030618207545167e+03</data></offsetMatrix>
<deltaXY>
  0. 0.</deltaXY>
<headLocation>
  0. 0.</headLocation>
<pointA>
  0. 0.</pointA>
<pointB>
  0. 0.</pointB>
<pointV>
  0. 0.</pointV>
<cameraLocation>
  -1.3224406738281250e+03 -9.4799658203125000e+03 1.2509777832031250e+03</cameraLocation>
<extrinsicMatrix type_id="opencv-matrix">
  <rows>4</rows>
  <cols>4</cols>
  <dt>d</dt>
  <data>
    7.0344836912647890e-01 7.1060039602762326e-01 1.4403789039064252e-02
    7.6487176106547013e+03 -3.1649735957454683e-03
    2.3397354359924516e-02 -9.9972123452045070e-01
    1.4682496769666536e+03 -7.1073931572372950e-01
    7.0320668439253398e-01 1.8707862256916924e-02 5.7030618207545167e+03
    0. 0. 0. 1.</data></extrinsicMatrix>
 <!-- resumed -->

<bsd_deltaXY>
  -3130. -6655.</bsd_deltaXY>
<yaw>4.5295099202906307e+01</yaw>
<pitch>8.8476082770559231e+01</pitch>
<roll>-2.5778495431701176e-01</roll>
<avg_reprojection_error>3.5642257332801819e-01</avg_reprojection_error>
</opencv_storage>
