<?xml version="1.0"?>
<opencv_storage>
<camera_name>RL</camera_name>
<camera_model>FISHEYE</camera_model>
<calibration_time>"2022-10-21 10:28:36"</calibration_time>
<camIntrinsicMat type_id="opencv-matrix">
  <rows>3</rows>
  <cols>3</cols>
  <dt>d</dt>
  <data>
    1.1518917503061627e+03 0. 9.6227988783110027e+02 0.
    1.1529760803960244e+03 5.9293957891570801e+02 0. 0. 1.</data></camIntrinsicMat>
<distortion_coefficients type_id="opencv-matrix">
  <rows>4</rows>
  <cols>1</cols>
  <dt>d</dt>
  <data>
    -5.5303376928653510e-02 6.7520633909313107e-02
    -1.2801356843510153e-01 7.5112243767288034e-02</data></distortion_coefficients>
<camIntriMatrix type_id="opencv-matrix">
  <rows>3</rows>
  <cols>4</cols>
  <dt>d</dt>
  <data>
    1.1518917503061627e+03 0. 9.6227988783110027e+02 0. 0.
    1.1529760803960244e+03 5.9293957891570801e+02 0. 0. 0. 1. 0.</data></camIntriMatrix>
<avg_reprojection_error>2.0356716896366098e-01</avg_reprojection_error>
</opencv_storage>
