<?xml version="1.0"?>
<opencv_storage>
<camera_name>FR</camera_name>
<camera_model>FISHEYE</camera_model>
<calibration_time>"2022-08-12 10:57:13"</calibration_time>
<camIntrinsicMat type_id="opencv-matrix">
  <rows>3</rows>
  <cols>3</cols>
  <dt>d</dt>
  <data>
    1.1519440919828369e+03 0. 9.6183386648521673e+02 0.
    1.1484166241656224e+03 6.0175138434652581e+02 0. 0. 1.</data></camIntrinsicMat>
<distortion_coefficients type_id="opencv-matrix">
  <rows>4</rows>
  <cols>1</cols>
  <dt>d</dt>
  <data>
    -4.1502110903256513e-02 4.3698053339880725e-03
    -2.2973769648570230e-02 1.5379571769719871e-02</data></distortion_coefficients>
<camIntriMatrix type_id="opencv-matrix">
  <rows>3</rows>
  <cols>4</cols>
  <dt>d</dt>
  <data>
    1.1519440919828369e+03 0. 9.6183386648521673e+02 0. 0.
    1.1484166241656224e+03 6.0175138434652581e+02 0. 0. 0. 1. 0.</data></camIntriMatrix>
<avg_reprojection_error>2.6290789567654121e-01</avg_reprojection_error>
</opencv_storage>
