<?xml version="1.0"?>
<opencv_storage>
<camera_name>FR</camera_name>
<calibration_time>"2022-08-12 11:53:39"</calibration_time>
<undistort>1</undistort>
<rotationMatrix type_id="opencv-matrix">
  <rows>3</rows>
  <cols>3</cols>
  <dt>d</dt>
  <data>
    -6.9115452958570378e-01 -7.2211617477010925e-01
    -2.9217227256355283e-02 2.2283755489481027e-02
    1.9114811033508428e-02 -9.9956893621222442e-01
    7.2236337841452736e-01 -6.9150766744450332e-01
    2.8801720455919888e-03</data></rotationMatrix>
<offsetMatrix type_id="opencv-matrix">
  <rows>3</rows>
  <cols>1</cols>
  <dt>d</dt>
  <data>
    -2.6160542156809242e+03 1.3413858387068963e+03
    -4.3630194585328272e+03</data></offsetMatrix>
<deltaXY>
  0. 0.</deltaXY>
<headLocation>
  0. 0.</headLocation>
<pointA>
  0. 0.</pointA>
<pointB>
  0. 0.</pointB>
<pointV>
  0. 0.</pointV>
<cameraLocation>
  1.3136966552734375e+03 -4.9317968750000000e+03 1.2769400634765625e+03</cameraLocation>
<extrinsicMatrix type_id="opencv-matrix">
  <rows>4</rows>
  <cols>4</cols>
  <dt>d</dt>
  <data>
    -6.9115452958570378e-01 -7.2211617477010925e-01
    -2.9217227256355283e-02 -2.6160542156809242e+03
    2.2283755489481027e-02 1.9114811033508428e-02
    -9.9956893621222442e-01 1.3413858387068963e+03
    7.2236337841452736e-01 -6.9150766744450332e-01
    2.8801720455919888e-03 -4.3630194585328272e+03 0. 0. 0. 1.</data></extrinsicMatrix>
 <!-- resumed -->

<bsd_deltaXY>
  2300. -8510.</bsd_deltaXY>
<yaw>-4.6249951968490457e+01</yaw>
<pitch>-8.9761360927706491e+01</pitch>
<roll>1.7815334637737269e+02</roll>
<avg_reprojection_error>3.4942719340324402e-01</avg_reprojection_error>
</opencv_storage>
