<?xml version="1.0"?>
<opencv_storage>
<camera_name>cam_brf</camera_name>
<calibration_time>""</calibration_time>
<undistort>1</undistort>
<rotationMatrix type_id="opencv-matrix">
  <rows>3</rows>
  <cols>3</cols>
  <dt>d</dt>
  <data>
    6.9180921626630765e-01 -7.2182430085203841e-01
    1.9227245992677524e-02 1.4354780900602618e-02
    -1.2874187717327977e-02 -9.9981408049492604e-01
    7.2193763480947060e-01 6.9195659834276080e-01 1.4551479726716882e-03</data></rotationMatrix>
<offsetMatrix type_id="opencv-matrix">
  <rows>3</rows>
  <cols>1</cols>
  <dt>d</dt>
  <data>
    -1.2657071509272235e+04 1.0249248737315490e+03
    7.7627603885505787e+03</data></offsetMatrix>
<deltaXY>
  1820. -5225.</deltaXY>
<headLocation>
  1820. -5225.</headLocation>
<pointV>
  -2.2611124619470681e+02 5.6465819972537452e+02</pointV>
<extrinsicMatrix type_id="opencv-matrix">
  <rows>4</rows>
  <cols>4</cols>
  <dt>d</dt>
  <data>
    6.9180921626630765e-01 -7.2182430085203841e-01
    1.9227245992677524e-02 -1.2657071509272235e+04
    1.4354780900602618e-02 -1.2874187717327977e-02
    -9.9981408049492604e-01 1.0249248737315490e+03
    7.2193763480947060e-01 6.9195659834276080e-01 1.4551479726716882e-03
    7.7627603885505787e+03 0. 0. 0. 1.</data></extrinsicMatrix>
</opencv_storage>
