<?xml version="1.0"?>
<opencv_storage>
<camera_name>cam_brf</camera_name>
<camera_model>FISHEYE</camera_model>
<calibration_time>""</calibration_time>
<camIntrinsicMat type_id="opencv-matrix">
  <rows>3</rows>
  <cols>3</cols>
  <dt>d</dt>
  <data>
    1.1341423339843750e+03 0. 9.5698535156250000e+02 0.
    1.1341419677734375e+03 5.8575946044921875e+02 0. 0. 1.</data></camIntrinsicMat>
<distortion_coefficients type_id="opencv-matrix">
  <rows>4</rows>
  <cols>1</cols>
  <dt>d</dt>
  <data>
    -2.4690471589565277e-02 -2.3748878389596939e-02
    3.5344813019037247e-02 -3.2030522823333740e-02</data></distortion_coefficients>
<camIntriMatrix type_id="opencv-matrix">
  <rows>3</rows>
  <cols>4</cols>
  <dt>d</dt>
  <data>
    1.1341423339843750e+03 0. 9.5698535156250000e+02 0. 0.
    1.1341419677734375e+03 5.8575946044921875e+02 0. 0. 0. 1. 0.</data></camIntriMatrix>
<avg_reprojection_error>0</avg_reprojection_error>
</opencv_storage>
