<?xml version="1.0"?>
<opencv_storage>
<camera_name>FL</camera_name>
<camera_model>FISHEYE</camera_model>
<calibration_time>"2022-09-19 02:06:27"</calibration_time>
<camIntrinsicMat type_id="opencv-matrix">
  <rows>3</rows>
  <cols>3</cols>
  <dt>d</dt>
  <data>
    1.1514184556781838e+03 0. 9.6562060276331806e+02 0.
    1.1507164310087517e+03 6.0058993464140337e+02 0. 0. 1.</data></camIntrinsicMat>
<distortion_coefficients type_id="opencv-matrix">
  <rows>4</rows>
  <cols>1</cols>
  <dt>d</dt>
  <data>
    -5.4023976750968913e-02 6.2874779125490790e-02
    -1.3085583334631359e-01 8.6365322970639341e-02</data></distortion_coefficients>
<camIntriMatrix type_id="opencv-matrix">
  <rows>3</rows>
  <cols>4</cols>
  <dt>d</dt>
  <data>
    1.1514184556781838e+03 0. 9.6562060276331806e+02 0. 0.
    1.1507164310087517e+03 6.0058993464140337e+02 0. 0. 0. 1. 0.</data></camIntriMatrix>
<avg_reprojection_error>1.9912397887112071e-01</avg_reprojection_error>
</opencv_storage>
