<?xml version="1.0"?>
<opencv_storage>
<camera_name>FL</camera_name>
<calibration_time>"2022-09-19 18:50:06"</calibration_time>
<undistort>1</undistort>
<rotationMatrix type_id="opencv-matrix">
  <rows>3</rows>
  <cols>3</cols>
  <dt>d</dt>
  <data>
    -6.8015806154651459e-01 7.3206959856564935e-01
    3.8198352964708360e-02 -2.5555125709354976e-02
    2.8397495476015222e-02 -9.9926999244481907e-01
    -7.3261991978328478e-01 -6.8063770473477192e-01
    -6.0665485640021277e-04</data></rotationMatrix>
<offsetMatrix type_id="opencv-matrix">
  <rows>3</rows>
  <cols>1</cols>
  <dt>d</dt>
  <data>
    2.7842020483921228e+03 1.3764372717894335e+03
    -4.4192856141247867e+03</data></offsetMatrix>
<deltaXY>
  0. 0.</deltaXY>
<headLocation>
  0. 0.</headLocation>
<pointA>
  0. 0.</pointA>
<pointB>
  0. 0.</pointB>
<pointV>
  0. 0.</pointV>
<cameraLocation>
  -1.3087841796875000e+03 -5.0852495117187500e+03 1.2663995361328125e+03</cameraLocation>
<extrinsicMatrix type_id="opencv-matrix">
  <rows>4</rows>
  <cols>4</cols>
  <dt>d</dt>
  <data>
    -6.8015806154651459e-01 7.3206959856564935e-01
    3.8198352964708360e-02 2.7842020483921228e+03
    -2.5555125709354976e-02 2.8397495476015222e-02
    -9.9926999244481907e-01 1.3764372717894335e+03
    -7.3261991978328478e-01 -6.8063770473477192e-01
    -6.0665485640021277e-04 -4.4192856141247867e+03 0. 0. 0. 1.</data></extrinsicMatrix>
 <!-- resumed -->

<bsd_deltaXY>
  -3160. -8520.</bsd_deltaXY>
<yaw>4.7106484011261102e+01</yaw>
<pitch>-9.0051067922694685e+01</pitch>
<roll>-1.7784827598270297e+02</roll>
<avg_reprojection_error>7.4426579475402832e-01</avg_reprojection_error>
</opencv_storage>
