<?xml version="1.0"?>
<opencv_storage>
<camera_name>RR</camera_name>
<camera_model>FISHEYE</camera_model>
<calibration_time>"2021-12-24 22:20:11"</calibration_time>
<camIntrinsicMat type_id="opencv-matrix">
  <rows>3</rows>
  <cols>3</cols>
  <dt>d</dt>
  <data>
    1.4265499168153826e+03 0. 1.4819285071450327e+03 0.
    1.4261018583959146e+03 9.5515254125289221e+02 0. 0. 1.</data></camIntrinsicMat>
<distortion_coefficients type_id="opencv-matrix">
  <rows>4</rows>
  <cols>1</cols>
  <dt>d</dt>
  <data>
    2.4660360903602768e-02 6.9815165157674905e-03
    -1.6064622926514026e-02 9.1321037347947068e-03</data></distortion_coefficients>
<camIntriMatrix type_id="opencv-matrix">
  <rows>3</rows>
  <cols>4</cols>
  <dt>d</dt>
  <data>
    1.4265499168153826e+03 0. 1.4819285071450327e+03 0. 0.
    1.4261018583959146e+03 9.5515254125289221e+02 0. 0. 0. 1. 0.</data></camIntriMatrix>
<avg_reprojection_error>9.2949699800072771e-01</avg_reprojection_error>
</opencv_storage>
