<?xml version="1.0"?>
<opencv_storage>
<camera_name>FC120</camera_name>
<calibration_time>"2022-08-27 13:26:41"</calibration_time>
<undistort>1</undistort>
<rotationMatrix type_id="opencv-matrix">
  <rows>3</rows>
  <cols>3</cols>
  <dt>d</dt>
  <data>
    9.9971597004380008e-01 2.2968835637768085e-02 6.3570298747916672e-03
    6.5586363807396764e-03 -8.7127482031162488e-03
    -9.9994053438570751e-01 -2.2912082581228559e-02
    9.9969821476693377e-01 -8.8609177626628316e-03</data></rotationMatrix>
<offsetMatrix type_id="opencv-matrix">
  <rows>3</rows>
  <cols>1</cols>
  <dt>d</dt>
  <data>
    -1.6712023290559432e+03 1.3857399712155204e+03
    3.4929874480292124e+03</data></offsetMatrix>
<deltaXY>
  1800. -3235.</deltaXY>
<headLocation>
  1800. -3235.</headLocation>
<pointA>
  4.8689278317544455e+02 1.0158876134366797e+03</pointA>
<pointB>
  1.5425840434067204e+03 1.0325976397882264e+03</pointB>
<pointV>
  9.8837036132812500e+02 6.1034936523437500e+02</pointV>
<cameraLocation>
  1.7416706542968750e+03 -3.4414741210937500e+03 1.4272325439453125e+03</cameraLocation>
<extrinsicMatrix type_id="opencv-matrix">
  <rows>4</rows>
  <cols>4</cols>
  <dt>d</dt>
  <data>
    9.9971597004380008e-01 2.2968835637768085e-02 6.3570298747916672e-03
    -1.6712023290559432e+03 6.5586363807396764e-03
    -8.7127482031162488e-03 -9.9994053438570751e-01
    1.3857399712155204e+03 -2.2912082581228559e-02
    9.9969821476693377e-01 -8.8609177626628316e-03
    3.4929874480292124e+03 0. 0. 0. 1.</data></extrinsicMatrix>
 <!-- resumed -->

<yaw_z>-1.3161830025901577e+00</yaw_z>
<pitch_x>9.0499207370536055e+01</pitch_x>
<roll_z>0.</roll_z>
</opencv_storage>
