<?xml version="1.0"?>
<opencv_storage>
<camera_name>RC</camera_name>
<camera_model>PINHOLE</camera_model>
<calibration_time>"2022-11-08 20:16:43"</calibration_time>
<camIntrinsicMat type_id="opencv-matrix">
  <rows>3</rows>
  <cols>3</cols>
  <dt>d</dt>
  <data>
    2.6307785015256227e+03 0. 1.3974724470085689e+03 0.
    2.6327898494219376e+03 9.0383228915428697e+02 0. 0. 1.</data></camIntrinsicMat>
<distortion_coefficients type_id="opencv-matrix">
  <rows>1</rows>
  <cols>5</cols>
  <dt>d</dt>
  <data>
    -3.2947393903210509e-01 -2.7333417369845464e-01
    -2.9436413090646701e-04 4.9307371072051815e-04
    5.7049924081419467e-01</data></distortion_coefficients>
<camIntriMatrix type_id="opencv-matrix">
  <rows>3</rows>
  <cols>4</cols>
  <dt>d</dt>
  <data>
    2.6307785015256227e+03 0. 1.3974724470085689e+03 0. 0.
    2.6327898494219376e+03 9.0383228915428697e+02 0. 0. 0. 1. 0.</data></camIntriMatrix>
<avg_reprojection_error>3.5604127051499845e-01</avg_reprojection_error>
</opencv_storage>
