<?xml version="1.0"?>
<opencv_storage>
<camera_name>RL</camera_name>
<calibration_time>"2022-09-08 22:08:30"</calibration_time>
<undistort>1</undistort>
<rotationMatrix type_id="opencv-matrix">
  <rows>3</rows>
  <cols>3</cols>
  <dt>d</dt>
  <data>
    7.0314514178018817e-01 7.1103912086352317e-01
    -3.2059620314804915e-03 -1.6363098178037716e-03
    -2.8906722370145854e-03 -9.9999448323688178e-01
    -7.1104446561456303e-01 7.0314650864215078e-01
    -8.6908184562412005e-04</data></rotationMatrix>
<offsetMatrix type_id="opencv-matrix">
  <rows>3</rows>
  <cols>1</cols>
  <dt>d</dt>
  <data>
    7.6511267453601131e+03 1.2240650279906106e+03 5.7340589808725663e+03</data></offsetMatrix>
<deltaXY>
  0. 0.</deltaXY>
<headLocation>
  0. 0.</headLocation>
<pointA>
  0. 0.</pointA>
<pointB>
  0. 0.</pointB>
<pointV>
  0. 0.</pointV>
<cameraLocation>
  -1.3006787109375000e+03 -9.4685957031250000e+03 1.2535709228515625e+03</cameraLocation>
<extrinsicMatrix type_id="opencv-matrix">
  <rows>4</rows>
  <cols>4</cols>
  <dt>d</dt>
  <data>
    7.0314514178018817e-01 7.1103912086352317e-01
    -3.2059620314804915e-03 7.6511267453601131e+03
    -1.6363098178037716e-03 -2.8906722370145854e-03
    -9.9999448323688178e-01 1.2240650279906106e+03
    -7.1104446561456303e-01 7.0314650864215078e-01
    -8.6908184562412005e-04 5.7340589808725663e+03 0. 0. 0. 1.</data></extrinsicMatrix>
 <!-- resumed -->

<bsd_deltaXY>
  -3120. -6650.</bsd_deltaXY>
<yaw>4.5319959256524115e+01</yaw>
<pitch>9.0070816957543087e+01</pitch>
<roll>-1.3333445930837906e-01</roll>
<avg_reprojection_error>2.9556638002395630e-01</avg_reprojection_error>
</opencv_storage>
