<?xml version="1.0"?>
<opencv_storage>
<camera_name>FC120</camera_name>
<calibration_time>"2022-10-12 07:59:25"</calibration_time>
<undistort>1</undistort>
<rotationMatrix type_id="opencv-matrix">
  <rows>3</rows>
  <cols>3</cols>
  <dt>d</dt>
  <data>
    9.9995076526337578e-01 8.2507963076366483e-03 5.5128404184273394e-03
    5.3370885807076072e-03 2.1173733035928999e-02
    -9.9976156583197617e-01 -8.3655564471729633e-03
    9.9974176535223980e-01 2.1128655322004395e-02</data></rotationMatrix>
<offsetMatrix type_id="opencv-matrix">
  <rows>3</rows>
  <cols>1</cols>
  <dt>d</dt>
  <data>
    -1.7121623815488015e+03 1.4883832314736862e+03
    3.2322712458644278e+03</data></offsetMatrix>
<deltaXY>
  1810. -3190.</deltaXY>
<headLocation>
  1810. -3190.</headLocation>
<pointA>
  4.5395380416898752e+02 1.0570632543874494e+03</pointA>
<pointB>
  1.5596735630274447e+03 1.0672503464864590e+03</pointB>
<pointV>
  9.8099963378906250e+02 6.2749615478515625e+02</pointV>
<cameraLocation>
  1.7311741943359375e+03 -3.2488244628906250e+03 1.4291737060546875e+03</cameraLocation>
<extrinsicMatrix type_id="opencv-matrix">
  <rows>4</rows>
  <cols>4</cols>
  <dt>d</dt>
  <data>
    9.9995076526337578e-01 8.2507963076366483e-03 5.5128404184273394e-03
    -1.7121623815488015e+03 5.3370885807076072e-03
    2.1173733035928999e-02 -9.9976156583197617e-01
    1.4883832314736862e+03 -8.3655564471729633e-03
    9.9974176535223980e-01 2.1128655322004395e-02 3.2322712458644278e+03
    0. 0. 0. 1.</data></extrinsicMatrix>
 <!-- resumed -->

<yaw_z>-4.7284716605081273e-01</yaw_z>
<pitch_x>8.8786742341830461e+01</pitch_x>
<roll_z>0.</roll_z>
</opencv_storage>
