<?xml version="1.0"?>
<opencv_storage>
<camera_name>FC120</camera_name>
<camera_model>FISHEYE</camera_model>
<calibration_time>"2022-10-12 07:30:43"</calibration_time>
<camIntrinsicMat type_id="opencv-matrix">
  <rows>3</rows>
  <cols>3</cols>
  <dt>d</dt>
  <data>
    9.7970886315690029e+02 0. 9.7291416757084789e+02 0.
    9.7785172319314165e+02 6.0678603537915160e+02 0. 0. 1.</data></camIntrinsicMat>
<distortion_coefficients type_id="opencv-matrix">
  <rows>4</rows>
  <cols>1</cols>
  <dt>d</dt>
  <data>
    -3.7975177652352136e-02 -6.7543465144279504e-03
    -2.8709004212008654e-03 1.6772843526451981e-04</data></distortion_coefficients>
<camIntriMatrix type_id="opencv-matrix">
  <rows>3</rows>
  <cols>4</cols>
  <dt>d</dt>
  <data>
    9.7970886315690029e+02 0. 9.7291416757084789e+02 0. 0.
    9.7785172319314165e+02 6.0678603537915160e+02 0. 0. 0. 1. 0.</data></camIntriMatrix>
<avg_reprojection_error>1.9719628348174259e-01</avg_reprojection_error>
</opencv_storage>
