<?xml version="1.0"?>
<opencv_storage>
<camera_name>FC60</camera_name>
<calibration_time>"2022-07-28 14:53:56"</calibration_time>
<undistort>1</undistort>
<rotationMatrix type_id="opencv-matrix">
  <rows>3</rows>
  <cols>3</cols>
  <dt>d</dt>
  <data>
    9.9979130129538607e-01 -1.7627074367182444e-02
    -1.0326669517924932e-02 -1.0398022910869163e-02
    -3.9611012997442336e-03 -9.9993809348181062e-01
    1.7585078152333022e-02 9.9983678464324710e-01
    -4.1435613461556896e-03</data></rotationMatrix>
<offsetMatrix type_id="opencv-matrix">
  <rows>3</rows>
  <cols>1</cols>
  <dt>d</dt>
  <data>
    -2.0457836962768126e+03 1.4250303468018674e+03
    5.2243888100070053e+03</data></offsetMatrix>
<deltaXY>
  1930. -5250.</deltaXY>
<headLocation>
  1930. -5250.</headLocation>
<pointA>
  1.9732760144575514e+02 1.1583024930571678e+03</pointA>
<pointB>
  1.5340360419523545e+03 1.1380910457984451e+03</pointB>
<pointV>
  9.1874511718750000e+02 6.2351458740234375e+02</pointV>
<cameraLocation>
  1.9683029785156250e+03 -5.2539526367187500e+03 1.4254636230468750e+03</cameraLocation>
<extrinsicMatrix type_id="opencv-matrix">
  <rows>4</rows>
  <cols>4</cols>
  <dt>d</dt>
  <data>
    9.9979130129538607e-01 -1.7627074367182444e-02
    -1.0326669517924932e-02 -2.0457836962768126e+03
    -1.0398022910869163e-02 -3.9611012997442336e-03
    -9.9993809348181062e-01 1.4250303468018674e+03
    1.7585078152333022e-02 9.9983678464324710e-01
    -4.1435613461556896e-03 5.2243888100070053e+03 0. 0. 0. 1.</data></extrinsicMatrix>
 <!-- resumed -->

<yaw_z>1.0100172117233974e+00</yaw_z>
<pitch_x>9.0226956030219355e+01</pitch_x>
<roll_z>0.</roll_z>
</opencv_storage>
