<?xml version="1.0"?>
<opencv_storage>
<camera_name>FC60</camera_name>
<camera_model>PINHOLE</camera_model>
<calibration_time>"2022-07-28 09:25:02"</calibration_time>
<camIntrinsicMat type_id="opencv-matrix">
  <rows>3</rows>
  <cols>3</cols>
  <dt>d</dt>
  <data>
    1.9291641961563748e+03 0. 9.5275618906888462e+02 0.
    1.9325487487121834e+03 6.3117085838368632e+02 0. 0. 1.</data></camIntrinsicMat>
<distortion_coefficients type_id="opencv-matrix">
  <rows>1</rows>
  <cols>5</cols>
  <dt>d</dt>
  <data>
    -4.9941542798563904e-01 3.0307234232585650e-01
    -6.5459844574622932e-03 3.9920498695977092e-04
    -1.6565423757441003e-01</data></distortion_coefficients>
<camIntriMatrix type_id="opencv-matrix">
  <rows>3</rows>
  <cols>4</cols>
  <dt>d</dt>
  <data>
    1.9291641961563748e+03 0. 9.5275618906888462e+02 0. 0.
    1.9325487487121834e+03 6.3117085838368632e+02 0. 0. 0. 1. 0.</data></camIntriMatrix>
<avg_reprojection_error>3.0738615054345203e-01</avg_reprojection_error>
</opencv_storage>
