<?xml version="1.0"?>
<opencv_storage>
<camera_name>FC28</camera_name>
<calibration_time>"2022-08-29 18:18:30"</calibration_time>
<undistort>1</undistort>
<rotationMatrix type_id="opencv-matrix">
  <rows>3</rows>
  <cols>3</cols>
  <dt>d</dt>
  <data>
    9.9971609480099499e-01 -2.1213615092573357e-02
    1.0849531351724164e-02 1.0970467885857232e-02 5.5928494641048791e-03
    -9.9992418156040064e-01 2.1151326913772500e-02
    9.9975932232191556e-01 5.8239849081807805e-03</data></rotationMatrix>
<offsetMatrix type_id="opencv-matrix">
  <rows>3</rows>
  <cols>1</cols>
  <dt>d</dt>
  <data>
    -2.1101838170338483e+03 2.4083796107927042e+03
    1.7436718316106068e+04</data></offsetMatrix>
<deltaXY>
  1750. -17000.</deltaXY>
<headLocation>
  1750. -17000.</headLocation>
<pointA>
  1.0833796354192436e+03 2.0827162781907700e+03</pointA>
<pointB>
  2.5278419471263496e+03 2.0943915652631131e+03</pointB>
<pointV>
  1.8240524902343750e+03 1.0927919921875000e+03</pointV>
<cameraLocation>
  1.7143540039062500e+03 -1.7490755859375000e+04 2.3295402832031250e+03</cameraLocation>
<extrinsicMatrix type_id="opencv-matrix">
  <rows>4</rows>
  <cols>4</cols>
  <dt>d</dt>
  <data>
    9.9971609480099499e-01 -2.1213615092573357e-02
    1.0849531351724164e-02 -2.1101838170338483e+03
    1.0970467885857232e-02 5.5928494641048791e-03
    -9.9992418156040064e-01 2.4083796107927042e+03
    2.1151326913772500e-02 9.9975932232191556e-01 5.8239849081807805e-03
    1.7436718316106068e+04 0. 0. 0. 1.</data></extrinsicMatrix>
 <!-- resumed -->

<yaw_z>-1.2119721211804018e+00</yaw_z>
<pitch_x>8.9666233689237899e+01</pitch_x>
<roll_z>6.2871477599901016e-01</roll_z>
</opencv_storage>
