<?xml version="1.0"?>
<opencv_storage>
<camera_name>RL</camera_name>
<camera_model>FISHEYE</camera_model>
<calibration_time>"2022-01-10 23:02:03"</calibration_time>
<camIntrinsicMat type_id="opencv-matrix">
  <rows>3</rows>
  <cols>3</cols>
  <dt>d</dt>
  <data>
    1.1426981569958650e+03 0. 9.5956279112709706e+02 0.
    1.1416298749189157e+03 5.8665456225227149e+02 0. 0. 1.</data></camIntrinsicMat>
<distortion_coefficients type_id="opencv-matrix">
  <rows>4</rows>
  <cols>1</cols>
  <dt>d</dt>
  <data>
    -3.9231927923164128e-02 3.5412200947402765e-02
    -1.1883972051370655e-01 8.7766528501517366e-02</data></distortion_coefficients>
<camIntriMatrix type_id="opencv-matrix">
  <rows>3</rows>
  <cols>4</cols>
  <dt>d</dt>
  <data>
    1.1426981569958650e+03 0. 9.5956279112709706e+02 0. 0.
    1.1416298749189157e+03 5.8665456225227149e+02 0. 0. 0. 1. 0.</data></camIntriMatrix>
<avg_reprojection_error>5.8542958431088954e-01</avg_reprojection_error>
</opencv_storage>
