<?xml version="1.0"?>
<opencv_storage>
<camera_name>FL</camera_name>
<calibration_time>"2022-12-20 10:35:34"</calibration_time>
<undistort>1</undistort>
<rotationMatrix type_id="opencv-matrix">
  <rows>3</rows>
  <cols>3</cols>
  <dt>d</dt>
  <data>
    -7.3651263894289287e-01 6.7626938847868012e-01
    1.4451535698601248e-02 -4.9926353033097337e-03
    1.5929129990066127e-02 -9.9986065849721673e-01
    -6.7640535647650224e-01 -7.3648216341227957e-01
    -8.3556391415814391e-03</data></rotationMatrix>
<offsetMatrix type_id="opencv-matrix">
  <rows>3</rows>
  <cols>1</cols>
  <dt>d</dt>
  <data>
    2.3643376583835347e+03 1.3377646716475031e+03
    -4.5906211303582004e+03</data></offsetMatrix>
<deltaXY>
  0. 0.</deltaXY>
<headLocation>
  0. 0.</headLocation>
<pointA>
  0. 0.</pointA>
<pointB>
  0. 0.</pointB>
<pointV>
  0. 0.</pointV>
<cameraLocation>
  -1.3570771484375000e+03 -5.0011494140625000e+03 1.2650523681640625e+03</cameraLocation>
<extrinsicMatrix type_id="opencv-matrix">
  <rows>4</rows>
  <cols>4</cols>
  <dt>d</dt>
  <data>
    -7.3651263894289287e-01 6.7626938847868012e-01
    1.4451535698601248e-02 2.3643376583835347e+03
    -4.9926353033097337e-03 1.5929129990066127e-02
    -9.9986065849721673e-01 1.3377646716475031e+03
    -6.7640535647650224e-01 -7.3648216341227957e-01
    -8.3556391415814391e-03 -4.5906211303582004e+03 0. 0. 0. 1.</data></extrinsicMatrix>
 <!-- resumed -->

<bsd_deltaXY>
  -3140. -8560.</bsd_deltaXY>
<yaw>4.2563378430408477e+01</yaw>
<pitch>-9.0650012101558715e+01</pitch>
<roll>-1.7961161216393853e+02</roll>
<avg_reprojection_error>4.2921563982963562e-01</avg_reprojection_error>
</opencv_storage>
