<?xml version="1.0"?>
<opencv_storage>
<camera_name>FR</camera_name>
<camera_model>FISHEYE</camera_model>
<calibration_time>"2022-12-19 12:34:35"</calibration_time>
<camIntrinsicMat type_id="opencv-matrix">
  <rows>3</rows>
  <cols>3</cols>
  <dt>d</dt>
  <data>
    1146.9100278676924 0. 966.90221592056309 0.
    1147.5855631015165 590.1589127515723 0. 0. 1.</data></camIntrinsicMat>
<distortion_coefficients type_id="opencv-matrix">
  <rows>4</rows>
  <cols>1</cols>
  <dt>d</dt>
  <data>
    -0.025837481694908852 -0.026992579530821161
   0.0045603843640520452 0.0078800860844596456</data></distortion_coefficients>
<camIntriMatrix type_id="opencv-matrix">
  <rows>3</rows>
  <cols>4</cols>
  <dt>d</dt>
  <data>
    1.1504584434098342e+03 0. 9.6767647275532499e+02 0. 0.
    1.1472828056433577e+03 5.9505017864801925e+02 0. 0. 0. 1. 0.</data></camIntriMatrix>
<avg_reprojection_error>2.4254747443272301e-01</avg_reprojection_error>
</opencv_storage>
