<?xml version="1.0"?>
<opencv_storage>
<camera_name>FC120</camera_name>
<calibration_time>"2022-07-20 15:31:00"</calibration_time>
<undistort>1</undistort>
<rotationMatrix type_id="opencv-matrix">
  <rows>3</rows>
  <cols>3</cols>
  <dt>d</dt>
  <data>
    9.9980542790700777e-01 1.9356629074101486e-02
    -3.7983204936490812e-03 -3.9975340904540432e-03
    1.0263470922390740e-02 -9.9993933860300788e-01
    -1.9316470922000308e-02 9.9975996222869057e-01
    1.0338852721972002e-02</data></rotationMatrix>
<offsetMatrix type_id="opencv-matrix">
  <rows>3</rows>
  <cols>1</cols>
  <dt>d</dt>
  <data>
    -1.7038192048776596e+03 1.4950890754099034e+03
    3.4131667621740608e+03</data></offsetMatrix>
<deltaXY>
  1825. -3310.</deltaXY>
<headLocation>
  1825. -3310.</headLocation>
<pointA>
  4.7780726388055058e+02 1.0364912350253198e+03</pointA>
<pointB>
  1.5271621664495483e+03 1.0412234316235558e+03</pointB>
<pointV>
  9.8391571044921875e+02 6.1884649658203125e+02</pointV>
<cameraLocation>
  1.7753946533203125e+03 -3.3947121582031250e+03 1.4532385253906250e+03</cameraLocation>
<extrinsicMatrix type_id="opencv-matrix">
  <rows>4</rows>
  <cols>4</cols>
  <dt>d</dt>
  <data>
    9.9980542790700777e-01 1.9356629074101486e-02
    -3.7983204936490812e-03 -1.7038192048776596e+03
    -3.9975340904540432e-03 1.0263470922390740e-02
    -9.9993933860300788e-01 1.4950890754099034e+03
    -1.9316470922000308e-02 9.9975996222869057e-01
    1.0338852721972002e-02 3.4131667621740608e+03 0. 0. 0. 1.</data></extrinsicMatrix>
 <!-- resumed -->

<yaw_z>-1.1091808863014043e+00</yaw_z>
<pitch_x>8.9411936877318411e+01</pitch_x>
<roll_z>0.</roll_z>
</opencv_storage>
