<?xml version="1.0"?>
<opencv_storage>
<camera_name>RC</camera_name>
<camera_model>FISHEYE</camera_model>
<calibration_time>"2022-07-20 14:28:59"</calibration_time>
<camIntrinsicMat type_id="opencv-matrix">
  <rows>3</rows>
  <cols>3</cols>
  <dt>d</dt>
  <data>
    9.7600436003178606e+02 0. 9.6501902015795520e+02 0.
    9.7633054098127570e+02 6.0882355057840732e+02 0. 0. 1.</data></camIntrinsicMat>
<distortion_coefficients type_id="opencv-matrix">
  <rows>4</rows>
  <cols>1</cols>
  <dt>d</dt>
  <data>
    -3.4306873756002589e-02 -1.8868239274867134e-02
    1.4384790030601051e-02 -7.1008813574026308e-03</data></distortion_coefficients>
<camIntriMatrix type_id="opencv-matrix">
  <rows>3</rows>
  <cols>4</cols>
  <dt>d</dt>
  <data>
    9.7600436003178606e+02 0. 9.6501902015795520e+02 0. 0.
    9.7633054098127570e+02 6.0882355057840732e+02 0. 0. 0. 1. 0.</data></camIntriMatrix>
<avg_reprojection_error>1.7973308125118442e-01</avg_reprojection_error>
</opencv_storage>
