<?xml version="1.0"?>
<opencv_storage>
<camera_name>RR</camera_name>
<calibration_time>"2022-11-08 20:32:08"</calibration_time>
<undistort>1</undistort>
<rotationMatrix type_id="opencv-matrix">
  <rows>3</rows>
  <cols>3</cols>
  <dt>d</dt>
  <data>
    6.9468729626379921e-01 -7.1927921401105399e-01
    6.8536633513069378e-03 -1.5387630485006909e-02
    -2.4386086181721611e-02 -9.9958418336265942e-01
    7.1914725977212024e-01 6.9429297208914498e-01
    -2.8008707036784486e-02</data></rotationMatrix>
<offsetMatrix type_id="opencv-matrix">
  <rows>3</rows>
  <cols>1</cols>
  <dt>d</dt>
  <data>
    -9.5252947867698185e+02 1.7442824751222195e+03
    -9.6560244947957710e+02</data></offsetMatrix>
<deltaXY>
  0. 0.</deltaXY>
<headLocation>
  0. 0.</headLocation>
<pointA>
  0. 0.</pointA>
<pointB>
  0. 0.</pointB>
<pointV>
  0. 0.</pointV>
<cameraLocation>
  1.3829608154296875e+03 2.7812562942504883e+01 1.7230401611328125e+03</cameraLocation>
<extrinsicMatrix type_id="opencv-matrix">
  <rows>4</rows>
  <cols>4</cols>
  <dt>d</dt>
  <data>
    6.9468729626379921e-01 -7.1927921401105399e-01
    6.8536633513069378e-03 -9.5252947867698185e+02
    -1.5387630485006909e-02 -2.4386086181721611e-02
    -9.9958418336265942e-01 1.7442824751222195e+03
    7.1914725977212024e-01 6.9429297208914498e-01
    -2.8008707036784486e-02 -9.6560244947957710e+02 0. 0. 0. 1.</data></extrinsicMatrix>
 <!-- resumed -->

<bsd_deltaXY>
  2095. 2835.</bsd_deltaXY>
<yaw>-4.5984120617908104e+01</yaw>
<pitch>9.2310135726214952e+01</pitch>
<roll>-1.2689193249286215e+00</roll>
<avg_reprojection_error>2.0805273950099945e-01</avg_reprojection_error>
</opencv_storage>
