<?xml version="1.0"?>
<opencv_storage>
<camera_name>RR</camera_name>
<camera_model>FISHEYE</camera_model>
<calibration_time>"2022-11-08 20:10:28"</calibration_time>
<camIntrinsicMat type_id="opencv-matrix">
  <rows>3</rows>
  <cols>3</cols>
  <dt>d</dt>
  <data>
    1.4153736715339919e+03 0. 1.3839803488803504e+03 0.
    1.4142469523021869e+03 9.3349215255480658e+02 0. 0. 1.</data></camIntrinsicMat>
<distortion_coefficients type_id="opencv-matrix">
  <rows>4</rows>
  <cols>1</cols>
  <dt>d</dt>
  <data>
    2.1767904831780368e-02 -2.2425652995419179e-03
    4.9119906497626402e-03 -2.5287329803758353e-03</data></distortion_coefficients>
<camIntriMatrix type_id="opencv-matrix">
  <rows>3</rows>
  <cols>4</cols>
  <dt>d</dt>
  <data>
    1.4153736715339919e+03 0. 1.3839803488803504e+03 0. 0.
    1.4142469523021869e+03 9.3349215255480658e+02 0. 0. 0. 1. 0.</data></camIntriMatrix>
<avg_reprojection_error>8.7288778763420238e-01</avg_reprojection_error>
</opencv_storage>
