<?xml version="1.0"?>
<opencv_storage>
<camera_name>RR</camera_name>
<calibration_time>"2022-12-12 11:49:03"</calibration_time>
<undistort>1</undistort>
<rotationMatrix type_id="opencv-matrix">
  <rows>3</rows>
  <cols>3</cols>
  <dt>d</dt>
  <data>
    7.0109193715505913e-01 -7.1289059151985135e-01
    1.6034343723485278e-02 -1.2757866544029384e-02
    -3.5023099777727412e-02 -9.9930506819649612e-01
    7.1295675359548349e-01 7.0040016205340483e-01
    -3.3649375895446226e-02</data></rotationMatrix>
<offsetMatrix type_id="opencv-matrix">
  <rows>3</rows>
  <cols>1</cols>
  <dt>d</dt>
  <data>
    -7.6617895808214498e+03 9.6359941466921532e+02
    5.6633950850970323e+03</data></offsetMatrix>
<deltaXY>
  0. 0.</deltaXY>
<headLocation>
  0. 0.</headLocation>
<pointA>
  0. 0.</pointA>
<pointB>
  0. 0.</pointB>
<pointV>
  0. 0.</pointV>
<cameraLocation>
  1.3461566162109375e+03 -9.3949121093750000e+03 1.2763511962890625e+03</cameraLocation>
<extrinsicMatrix type_id="opencv-matrix">
  <rows>4</rows>
  <cols>4</cols>
  <dt>d</dt>
  <data>
    7.0109193715505913e-01 -7.1289059151985135e-01
    1.6034343723485278e-02 -7.6617895808214498e+03
    -1.2757866544029384e-02 -3.5023099777727412e-02
    -9.9930506819649612e-01 9.6359941466921532e+02
    7.1295675359548349e-01 7.0040016205340483e-01
    -3.3649375895446226e-02 5.6633950850970323e+03 0. 0. 0. 1.</data></extrinsicMatrix>
 <!-- resumed -->

<bsd_deltaXY>
  2330. -6785.</bsd_deltaXY>
<yaw>-4.5475997419702381e+01</yaw>
<pitch>9.2750550385212449e+01</pitch>
<roll>-1.0425041313344299e+00</roll>
<avg_reprojection_error>7.2568031311035156e+01</avg_reprojection_error>
</opencv_storage>
