<?xml version="1.0"?>
<opencv_storage>
<camera_name>FL</camera_name>
<camera_model>FISHEYE</camera_model>
<calibration_time>"2022-12-25 18:08:12"</calibration_time>
<camIntrinsicMat type_id="opencv-matrix">
  <rows>3</rows>
  <cols>3</cols>
  <dt>d</dt>
  <data>
    1160.6029427351077 0. 951.91319213522411 0.
    1160.9998393087174 599.90902183845492 0. 0. 1.</data></camIntrinsicMat>
<distortion_coefficients type_id="opencv-matrix">
  <rows>4</rows>
  <cols>1</cols>
  <dt>d</dt>
  <data>
    -0.023646698363345812 -0.042503527037549484
    0.01317323467018292 0.008055409128479997</data></distortion_coefficients>
<camIntriMatrix type_id="opencv-matrix">
  <rows>3</rows>
  <cols>4</cols>
  <dt>d</dt>
  <data>
    1160.6029427351077 0. 951.91319213522411 0. 0.
    1160.9998393087174 599.90902183845492 0. 0. 0. 1. 0.</data></camIntriMatrix>
<avg_reprojection_error>2.7698559417496921e-01</avg_reprojection_error>
</opencv_storage>
