<?xml version="1.0"?>
<opencv_storage>
<camera_name>FL</camera_name>
<calibration_time>"2022-12-25 18:22:15"</calibration_time>
<undistort>1</undistort>
<rotationMatrix type_id="opencv-matrix">
  <rows>3</rows>
  <cols>3</cols>
  <dt>d</dt>
  <data>
    -7.1958567395381945e-01 6.9301386716739932e-01
    4.3911704067522761e-02 -1.8497867514845667e-02
    4.4083812848182635e-02 -9.9885656945437851e-01
    -6.9415724928709821e-01 -7.1957515059822108e-01
    -1.8902801478000275e-02</data></rotationMatrix>
<offsetMatrix type_id="opencv-matrix">
  <rows>3</rows>
  <cols>1</cols>
  <dt>d</dt>
  <data>
    2.5337967920613828e+03 1.4704354409230252e+03
    -4.5251519482178828e+03</data></offsetMatrix>
<deltaXY>
  0. 0.</deltaXY>
<headLocation>
  0. 0.</headLocation>
<pointA>
  0. 0.</pointA>
<pointB>
  0. 0.</pointB>
<pointV>
  0. 0.</pointV>
<cameraLocation>
  -1.2906832275390625e+03 -5.0769658203125000e+03 1.2719527587890625e+03</cameraLocation>
<extrinsicMatrix type_id="opencv-matrix">
  <rows>4</rows>
  <cols>4</cols>
  <dt>d</dt>
  <data>
    -7.1958567395381945e-01 6.9301386716739932e-01
    4.3911704067522761e-02 2.5337967920613828e+03
    -1.8497867514845667e-02 4.4083812848182635e-02
    -9.9885656945437851e-01 1.4704354409230252e+03
    -6.9415724928709821e-01 -7.1957515059822108e-01
    -1.8902801478000275e-02 -4.5251519482178828e+03 0. 0. 0. 1.</data></extrinsicMatrix>
 <!-- resumed -->

<bsd_deltaXY>
  -3135. -8570.</bsd_deltaXY>
<yaw>4.3960097676504780e+01</yaw>
<pitch>-9.1504779197797916e+01</pitch>
<roll>-1.7852746321189278e+02</roll>
<avg_reprojection_error>3.4520033001899719e-01</avg_reprojection_error>
</opencv_storage>
