<?xml version="1.0"?>
<opencv_storage>
<camera_name>RC</camera_name>
<camera_model>PINHOLE</camera_model>
<calibration_time>"2022-09-19 10:27:35"</calibration_time>
<camIntrinsicMat type_id="opencv-matrix">
  <rows>3</rows>
  <cols>3</cols>
  <dt>d</dt>
  <data>
    1.9540711753453618e+03 0. 9.4825727921479734e+02 0.
    1.9504730879964338e+03 6.3759446654319470e+02 0. 0. 1.</data></camIntrinsicMat>
<distortion_coefficients type_id="opencv-matrix">
  <rows>1</rows>
  <cols>5</cols>
  <dt>d</dt>
  <data>
    -4.9333855227165291e-01 2.2259804811062534e-01
    -4.2345353315679287e-03 -2.8186163408975223e-04
    3.5919279817558415e-03</data></distortion_coefficients>
<camIntriMatrix type_id="opencv-matrix">
  <rows>3</rows>
  <cols>4</cols>
  <dt>d</dt>
  <data>
    1.9540711753453618e+03 0. 9.4825727921479734e+02 0. 0.
    1.9504730879964338e+03 6.3759446654319470e+02 0. 0. 0. 1. 0.</data></camIntriMatrix>
<avg_reprojection_error>1.7219632031185819e-01</avg_reprojection_error>
</opencv_storage>
