<?xml version="1.0"?>
<opencv_storage>
<camera_name>RC</camera_name>
<calibration_time>"2022-09-19 19:00:39"</calibration_time>
<undistort>1</undistort>
<rotationMatrix type_id="opencv-matrix">
  <rows>3</rows>
  <cols>3</cols>
  <dt>d</dt>
  <data>
    9.9984723725884272e-01 -1.3259482530015005e-02
    -1.1388075732793728e-02 -1.1743040142922682e-02
    -2.7007852850299933e-02 -9.9956624437433761e-01
    1.2946163681234878e-02 9.9954727852535952e-01
    -2.7159433692290097e-02</data></rotationMatrix>
<offsetMatrix type_id="opencv-matrix">
  <rows>3</rows>
  <cols>1</cols>
  <dt>d</dt>
  <data>
    -1.9028440053518559e+03 1.3141130739461348e+03
    5.3154297864961600e+03</data></offsetMatrix>
<deltaXY>
  1790. -5230.</deltaXY>
<headLocation>
  1790. -5230.</headLocation>
<pointA>
  2.4872915611116923e+02 1.1198023572066857e+03</pointA>
<pointB>
  1.5774320570582231e+03 1.1000716489581639e+03</pointB>
<pointV>
  9.2233557128906250e+02 5.8489251708984375e+02</pointV>
<cameraLocation>
  1.8491705322265625e+03 -5.3027626953125000e+03 1.4362374267578125e+03</cameraLocation>
<extrinsicMatrix type_id="opencv-matrix">
  <rows>4</rows>
  <cols>4</cols>
  <dt>d</dt>
  <data>
    9.9984723725884272e-01 -1.3259482530015005e-02
    -1.1388075732793728e-02 -1.9028440053518559e+03
    -1.1743040142922682e-02 -2.7007852850299933e-02
    -9.9956624437433761e-01 1.3141130739461348e+03
    1.2946163681234878e-02 9.9954727852535952e-01
    -2.7159433692290097e-02 5.3154297864961600e+03 0. 0. 0. 1.</data></extrinsicMatrix>
 <!-- resumed -->

<yaw_z>7.6001190425512644e-01</yaw_z>
<pitch_x>9.1547620917565510e+01</pitch_x>
<roll_z>0.</roll_z>
</opencv_storage>
