<?xml version="1.0"?>
<opencv_storage>
<camera_name>FC60</camera_name>
<camera_model>PINHOLE</camera_model>
<calibration_time>"2022-11-25 09:03:11"</calibration_time>
<camIntrinsicMat type_id="opencv-matrix">
  <rows>3</rows>
  <cols>3</cols>
  <dt>d</dt>
  <data>
    1928.1490357854093 0. 946.08009160977224 0.
    1929.7456747262104 639.72283631885819 0. 0. 1.</data></camIntrinsicMat>
<distortion_coefficients type_id="opencv-matrix">
  <rows>1</rows>
  <cols>5</cols>
  <dt>d</dt>
  <data>
    -0.48561962317272378 0.20798871263218932
    -0.0031417955933923411 0.0010343587303176696
    -0.</data></distortion_coefficients>
<camIntriMatrix type_id="opencv-matrix">
  <rows>3</rows>
  <cols>4</cols>
  <dt>d</dt>
  <data>
    1928.1490357854093 0. 946.08009160977224 0. 0.
   1929.7456747262104 639.72283631885819 0. 0. 0. 1. 0.</data></camIntriMatrix>
<avg_reprojection_error>5.5465954143541396e-01</avg_reprojection_error>
</opencv_storage>
