<?xml version="1.0"?>
<opencv_storage>
<camera_name>FC60</camera_name>
<calibration_time>"2023-02-12 10:58:32"</calibration_time>
<undistort>1</undistort>
<rotationMatrix type_id="opencv-matrix">
  <rows>3</rows>
  <cols>3</cols>
  <dt>d</dt>
  <data>
    9.9984487453874893e-01 7.4490065029955994e-03
    -1.5960550138132981e-02 -1.5720195721378498e-02
    -3.1280599860519676e-02 -9.9938701188220747e-01
    -7.9436959329446024e-03 9.9948288448301315e-01
    -3.1158647602881191e-02</data></rotationMatrix>
<offsetMatrix type_id="opencv-matrix">
  <rows>3</rows>
  <cols>1</cols>
  <dt>d</dt>
  <data>
    -1.4962464797963110e+03 1.2436704705455745e+03
    5.0731212307912147e+03</data></offsetMatrix>
<deltaXY>
  1500. -5000.</deltaXY>
<headLocation>
  1500. -5000.</headLocation>
<pointA>
  3.7739937690376451e+02 1.1127980107801886e+03</pointA>
<pointB>
  1.5009998136793988e+03 1.0972712786734226e+03</pointB>
<pointV>
  9.6045031738281250e+02 5.7932800292968750e+02</pointV>
<cameraLocation>
  1.5558645019531250e+03 -5.0204497070312500e+03 1.3770987548828125e+03</cameraLocation>
<extrinsicMatrix type_id="opencv-matrix">
  <rows>4</rows>
  <cols>4</cols>
  <dt>d</dt>
  <data>
    9.9984487453874893e-01 7.4490065029955994e-03
    -1.5960550138132981e-02 -1.4962464797963110e+03
    -1.5720195721378498e-02 -3.1280599860519676e-02
    -9.9938701188220747e-01 1.2436704705455745e+03
    -7.9436959329446024e-03 9.9948288448301315e-01
    -3.1158647602881191e-02 5.0731212307912147e+03 0. 0. 0. 1.</data></extrinsicMatrix>
 <!-- resumed -->

<yaw_z>-4.2700955308744559e-01</yaw_z>
<pitch_x>9.1792537840823826e+01</pitch_x>
<roll_z>0.</roll_z>
</opencv_storage>
