<?xml version="1.0"?>
<opencv_storage>
<camera_name>RC</camera_name>
<calibration_time>"2023-02-12 11:02:52"</calibration_time>
<undistort>1</undistort>
<rotationMatrix type_id="opencv-matrix">
  <rows>3</rows>
  <cols>3</cols>
  <dt>d</dt>
  <data>
    9.9988906651574549e-01 5.4067772543974499e-03
    -1.3878811980576878e-02 -1.4017181534655169e-02
    2.6454961698082681e-02 -9.9955172633705036e-01
    -5.0371900991918166e-03 9.9963538440837241e-01
    2.6527814735298031e-02</data></rotationMatrix>
<offsetMatrix type_id="opencv-matrix">
  <rows>3</rows>
  <cols>1</cols>
  <dt>d</dt>
  <data>
    -1.5741357205303009e+03 1.6265895051349739e+03
    5.1656912397654351e+03</data></offsetMatrix>
<deltaXY>
  1550. -5000.</deltaXY>
<headLocation>
  1550. -5000.</headLocation>
<pointA>
  3.5083685459335902e+02 1.1603309172121640e+03</pointA>
<pointB>
  1.5003697326304859e+03 1.1460532575772968e+03</pointB>
<pointV>
  9.4218109130859375e+02 6.1177447509765625e+02</pointV>
<cameraLocation>
  1.6227818603515625e+03 -5.1983281250000000e+03 1.4669787597656250e+03</cameraLocation>
<extrinsicMatrix type_id="opencv-matrix">
  <rows>4</rows>
  <cols>4</cols>
  <dt>d</dt>
  <data>
    9.9988906651574549e-01 5.4067772543974499e-03
    -1.3878811980576878e-02 -1.5741357205303009e+03
    -1.4017181534655169e-02 2.6454961698082681e-02
    -9.9955172633705036e-01 1.6265895051349739e+03
    -5.0371900991918166e-03 9.9963538440837241e-01
    2.6527814735298031e-02 5.1656912397654351e+03 0. 0. 0. 1.</data></extrinsicMatrix>
 <!-- resumed -->

<yaw_z>-3.0989550104041041e-01</yaw_z>
<pitch_x>8.8484062508761340e+01</pitch_x>
<roll_z>0.</roll_z>
</opencv_storage>
