<?xml version="1.0"?>
<opencv_storage>
<camera_name>RR</camera_name>
<camera_model>FISHEYE</camera_model>
<calibration_time>"2022-07-07 17:34:59"</calibration_time>
<camIntrinsicMat type_id="opencv-matrix">
  <rows>3</rows>
  <cols>3</cols>
  <dt>d</dt>
  <data>
    1.1507930984864931e+03 0. 9.6428031051400694e+02 0.
    1.1516121134840498e+03 5.9370348120460574e+02 0. 0. 1.</data></camIntrinsicMat>
<distortion_coefficients type_id="opencv-matrix">
  <rows>4</rows>
  <cols>1</cols>
  <dt>d</dt>
  <data>
    -3.8786540420787205e-02 -1.1330143179878297e-02
    1.6844891417568512e-02 -1.8042124305063488e-02</data></distortion_coefficients>
<camIntriMatrix type_id="opencv-matrix">
  <rows>3</rows>
  <cols>4</cols>
  <dt>d</dt>
  <data>
    1.1507930984864931e+03 0. 9.6428031051400694e+02 0. 0.
    1.1516121134840498e+03 5.9370348120460574e+02 0. 0. 0. 1. 0.</data></camIntriMatrix>
<avg_reprojection_error>1.4246887571078548e-01</avg_reprojection_error>
</opencv_storage>
