<?xml version="1.0"?>
<opencv_storage>
<camera_name>cam_fcf_far</camera_name>
<calibration_time>"2022-08-06 15:41:17"</calibration_time>
<undistort>1</undistort>
<rotationMatrix type_id="opencv-matrix">
  <rows>3</rows>
  <cols>3</cols>
  <dt>d</dt>
  <data>
    9.9970714012554207e-01 1.7675126840370297e-02
    -1.6529484964351540e-02 -1.6046705256284658e-02
    -2.7115632751667191e-02 -9.9950349959912332e-01
    -1.8114558576676071e-02 9.9947602890297160e-01
    -2.6824064120088819e-02</data></rotationMatrix>
<offsetMatrix type_id="opencv-matrix">
  <rows>3</rows>
  <cols>1</cols>
  <dt>d</dt>
  <data>
    -1.7490302286238939e+03 1.3271879599428996e+03
    5.3480044529197139e+03</data></offsetMatrix>
<deltaXY>
  1820. -5225.</deltaXY>
<headLocation>
  1820. -5225.</headLocation>
<pointV>
  9.4459114935914295e+02 5.8943933880348663e+02</pointV>
<extrinsicMatrix type_id="opencv-matrix">
  <rows>4</rows>
  <cols>4</cols>
  <dt>d</dt>
  <data>
    9.9970714012554207e-01 1.7675126840370297e-02
    -1.6529484964351540e-02 -1.7490302286238939e+03
    -1.6046705256284658e-02 -2.7115632751667191e-02
    -9.9950349959912332e-01 1.3271879599428996e+03
    -1.8114558576676071e-02 9.9947602890297160e-01
    -2.6824064120088819e-02 5.3480044529197139e+03 0. 0. 0. 1.</data></extrinsicMatrix>
</opencv_storage>
