<?xml version="1.0"?>
<opencv_storage>
<camera_name>cam_fcf_far</camera_name>
<camera_model>PINHOLE</camera_model>
<calibration_time>"2022-08-06 15:41:17"</calibration_time>
<camIntrinsicMat type_id="opencv-matrix">
  <rows>3</rows>
  <cols>3</cols>
  <dt>d</dt>
  <data>
    1.9606724853515625e+03 0. 9.0991784667968750e+02 0.
    1.9470006103515625e+03 6.4226116943359375e+02 0. 0. 1.</data></camIntrinsicMat>
<distortion_coefficients type_id="opencv-matrix">
  <rows>1</rows>
  <cols>5</cols>
  <dt>d</dt>
  <data>
    -5.2110064029693604e-01 3.5439190268516541e-01
    -4.8420513048768044e-03 2.2804976906627417e-03
    -2.0215055346488953e-01</data></distortion_coefficients>
<camIntriMatrix type_id="opencv-matrix">
  <rows>3</rows>
  <cols>4</cols>
  <dt>d</dt>
  <data>
    1.9606724853515625e+03 0. 9.0991784667968750e+02 0. 0.
    1.9470006103515625e+03 6.4226116943359375e+02 0. 0. 0. 1. 0.</data></camIntriMatrix>
<avg_reprojection_error>0</avg_reprojection_error>
</opencv_storage>
