<?xml version="1.0"?>
<opencv_storage>
<camera_name>RR</camera_name>
<calibration_time>"2022-09-19 19:10:24"</calibration_time>
<undistort>1</undistort>
<rotationMatrix type_id="opencv-matrix">
  <rows>3</rows>
  <cols>3</cols>
  <dt>d</dt>
  <data>
    7.0947260197905015e-01 -7.0313057883870123e-01
    4.7497538283888141e-02 2.0923837411592205e-02
    -4.6351544558820318e-02 -9.9870602648876861e-01
    7.0442233075694705e-01 7.0954839399364777e-01
    -1.8172961013154409e-02</data></rotationMatrix>
<offsetMatrix type_id="opencv-matrix">
  <rows>3</rows>
  <cols>1</cols>
  <dt>d</dt>
  <data>
    -7.6325513349779631e+03 7.9490845632502146e+02
    5.8334586059256580e+03</data></offsetMatrix>
<deltaXY>
  0. 0.</deltaXY>
<headLocation>
  0. 0.</headLocation>
<pointA>
  0. 0.</pointA>
<pointB>
  0. 0.</pointB>
<pointV>
  0. 0.</pointV>
<cameraLocation>
  1.2892349853515625e+03 -9.4689560546875000e+03 1.2624184570312500e+03</cameraLocation>
<extrinsicMatrix type_id="opencv-matrix">
  <rows>4</rows>
  <cols>4</cols>
  <dt>d</dt>
  <data>
    7.0947260197905015e-01 -7.0313057883870123e-01
    4.7497538283888141e-02 -7.6325513349779631e+03
    2.0923837411592205e-02 -4.6351544558820318e-02
    -9.9870602648876861e-01 7.9490845632502146e+02
    7.0442233075694705e-01 7.0954839399364777e-01
    -1.8172961013154409e-02 5.8334586059256580e+03 0. 0. 0. 1.</data></extrinsicMatrix>
 <!-- resumed -->

<bsd_deltaXY>
  2290. -6620.</bsd_deltaXY>
<yaw>-4.4782895041919630e+01</yaw>
<pitch>9.1467139368046361e+01</pitch>
<roll>1.6892832413217549e+00</roll>
<avg_reprojection_error>6.9791716337203979e-01</avg_reprojection_error>
</opencv_storage>
