<?xml version="1.0"?>
<opencv_storage>
<camera_name>RC</camera_name>
<camera_model>PINHOLE</camera_model>
<calibration_time>"2022-07-22 22:39:36"</calibration_time>
<camIntrinsicMat type_id="opencv-matrix">
  <rows>3</rows>
  <cols>3</cols>
  <dt>d</dt>
  <data>
    1.9290259915348770e+03 0. 9.4554359339570215e+02 0.
    1.9278566147433696e+03 6.3961044186886397e+02 0. 0. 1.</data></camIntrinsicMat>
<distortion_coefficients type_id="opencv-matrix">
  <rows>1</rows>
  <cols>5</cols>
  <dt>d</dt>
  <data>
    -4.9054046317217059e-01 2.5926163424936188e-01
    -6.1555770086727420e-03 6.1545518669084659e-04
    -1.1061541908732300e-01</data></distortion_coefficients>
<camIntriMatrix type_id="opencv-matrix">
  <rows>3</rows>
  <cols>4</cols>
  <dt>d</dt>
  <data>
    1.9290259915348770e+03 0. 9.4554359339570215e+02 0. 0.
    1.9278566147433696e+03 6.3961044186886397e+02 0. 0. 0. 1. 0.</data></camIntriMatrix>
<avg_reprojection_error>2.5969300220601527e-01</avg_reprojection_error>
</opencv_storage>
