<?xml version="1.0"?>
<opencv_storage>
<camera_name>RC</camera_name>
<calibration_time>"2022-12-08 15:21:34"</calibration_time>
<undistort>1</undistort>
<rotationMatrix type_id="opencv-matrix">
  <rows>3</rows>
  <cols>3</cols>
  <dt>d</dt>
  <data>
    9.9985542967478758e-01 4.4695713429306668e-03
    -1.6405568623380003e-02 -1.6278690291671921e-02
    -2.7080954223926122e-02 -9.9950068842432993e-01
    -4.9116180871280899e-03 9.9962325145543307e-01
    -2.7004280353938800e-02</data></rotationMatrix>
<offsetMatrix type_id="opencv-matrix">
  <rows>3</rows>
  <cols>1</cols>
  <dt>d</dt>
  <data>
    -1.6129022514153887e+03 1.3202765943214272e+03
    5.2630735410782636e+03</data></offsetMatrix>
<deltaXY>
  1555. -5175.</deltaXY>
<headLocation>
  1555. -5175.</headLocation>
<pointA>
  3.5438134941383726e+02 1.1232259463430703e+03</pointA>
<pointB>
  1.4993735234080657e+03 1.1059797230990935e+03</pointB>
<pointV>
  9.5416876220703125e+02 5.8738256835937500e+02</pointV>
<cameraLocation>
  1.6600115966796875e+03 -5.2181274414062500e+03 1.4352823486328125e+03</cameraLocation>
<extrinsicMatrix type_id="opencv-matrix">
  <rows>4</rows>
  <cols>4</cols>
  <dt>d</dt>
  <data>
    9.9985542967478758e-01 4.4695713429306668e-03
    -1.6405568623380003e-02 -1.6129022514153887e+03
    -1.6278690291671921e-02 -2.7080954223926122e-02
    -9.9950068842432993e-01 1.3202765943214272e+03
    -4.9116180871280899e-03 9.9962325145543307e-01
    -2.7004280353938800e-02 5.2630735410782636e+03 0. 0. 0. 1.</data></extrinsicMatrix>
 <!-- resumed -->

<yaw_z>-2.5618238647932767e-01</yaw_z>
<pitch_x>9.1551814653715894e+01</pitch_x>
<roll_z>0.</roll_z>
</opencv_storage>
