<?xml version="1.0"?>
<opencv_storage>
<camera_name>FC120</camera_name>
<calibration_time>"2022-08-16 10:32:22"</calibration_time>
<undistort>1</undistort>
<rotationMatrix type_id="opencv-matrix">
  <rows>3</rows>
  <cols>3</cols>
  <dt>d</dt>
  <data>
    9.9998418736914785e-01 9.4848661399877686e-04
    -5.5430483317405240e-03 -5.5825212566353302e-03
    4.8489227319151978e-02 -9.9880810483816707e-01
    -6.7857798679367605e-04 9.9882325523945159e-01
    4.8493755523584363e-02</data></rotationMatrix>
<offsetMatrix type_id="opencv-matrix">
  <rows>3</rows>
  <cols>1</cols>
  <dt>d</dt>
  <data>
    -1.8323603579340406e+03 1.6115739726408992e+03
    3.2706986507071638e+03</data></offsetMatrix>
<deltaXY>
  1835. -3270.</deltaXY>
<headLocation>
  1835. -3270.</headLocation>
<pointA>
  4.2449500087610181e+02 1.0706213512442923e+03</pointA>
<pointB>
  1.5066469740765119e+03 1.0649480380142491e+03</pointB>
<pointV>
  9.7147674560546875e+02 6.3830731201171875e+02</pointV>
<cameraLocation>
  1.8435474853515625e+03 -3.3432558593750000e+03 1.4408878173828125e+03</cameraLocation>
<extrinsicMatrix type_id="opencv-matrix">
  <rows>4</rows>
  <cols>4</cols>
  <dt>d</dt>
  <data>
    9.9998418736914785e-01 9.4848661399877686e-04
    -5.5430483317405240e-03 -1.8323603579340406e+03
    -5.5825212566353302e-03 4.8489227319151978e-02
    -9.9880810483816707e-01 1.6115739726408992e+03
    -6.7857798679367605e-04 9.9882325523945159e-01
    4.8493755523584363e-02 3.2706986507071638e+03 0. 0. 0. 1.</data></extrinsicMatrix>
 <!-- resumed -->

<yaw_z>-5.4408289747383182e-02</yaw_z>
<pitch_x>8.7220682417984094e+01</pitch_x>
<roll_z>0.</roll_z>
</opencv_storage>
