<?xml version="1.0"?>
<opencv_storage>
<camera_name>FC120</camera_name>
<camera_model>FISHEYE</camera_model>
<calibration_time>"2022-08-15 12:04:43"</calibration_time>
<camIntrinsicMat type_id="opencv-matrix">
  <rows>3</rows>
  <cols>3</cols>
  <dt>d</dt>
  <data>
    9.7469102317687543e+02 0. 9.7055117505690703e+02 0.
    9.7327594462441778e+02 5.9105831347709625e+02 0. 0. 1.</data></camIntrinsicMat>
<distortion_coefficients type_id="opencv-matrix">
  <rows>4</rows>
  <cols>1</cols>
  <dt>d</dt>
  <data>
    -3.3747730629595747e-02 -1.3821562354263088e-02
    2.1934341581509049e-03 -9.3886038747816806e-04</data></distortion_coefficients>
<camIntriMatrix type_id="opencv-matrix">
  <rows>3</rows>
  <cols>4</cols>
  <dt>d</dt>
  <data>
    9.7469102317687543e+02 0. 9.7055117505690703e+02 0. 0.
    9.7327594462441778e+02 5.9105831347709625e+02 0. 0. 0. 1. 0.</data></camIntriMatrix>
<avg_reprojection_error>2.2448338889404007e-01</avg_reprojection_error>
</opencv_storage>
