<?xml version="1.0"?>
<opencv_storage>
<camera_name>RR</camera_name>
<camera_model>FISHEYE</camera_model>
<calibration_time>"2022-07-07 10:15:15"</calibration_time>
<camIntrinsicMat type_id="opencv-matrix">
  <rows>3</rows>
  <cols>3</cols>
  <dt>d</dt>
  <data>
    1.1508484264248445e+03 0. 9.6006929008709517e+02 0.
    1.1517795627826156e+03 5.9180898394622534e+02 0. 0. 1.</data></camIntrinsicMat>
<distortion_coefficients type_id="opencv-matrix">
  <rows>4</rows>
  <cols>1</cols>
  <dt>d</dt>
  <data>
    -3.8180452528111773e-02 -3.9600070825194580e-03
    4.2613231352013267e-03 -1.0655760830719964e-02</data></distortion_coefficients>
<camIntriMatrix type_id="opencv-matrix">
  <rows>3</rows>
  <cols>4</cols>
  <dt>d</dt>
  <data>
    1.1508484264248445e+03 0. 9.6006929008709517e+02 0. 0.
    1.1517795627826156e+03 5.9180898394622534e+02 0. 0. 0. 1. 0.</data></camIntriMatrix>
<avg_reprojection_error>3.3326395279458376e-01</avg_reprojection_error>
</opencv_storage>
