<?xml version="1.0"?>
<opencv_storage>
<camera_name>RR</camera_name>
<calibration_time>"2022-07-07 11:36:43"</calibration_time>
<undistort>1</undistort>
<rotationMatrix type_id="opencv-matrix">
  <rows>3</rows>
  <cols>3</cols>
  <dt>d</dt>
  <data>
    7.2328928353682231e-01 -6.9046743502591656e-01
    1.0360187716547509e-02 -3.4551421125034731e-03
    -1.8621293503328223e-02 -9.9982063862537141e-01
    6.9053651193385335e-01 7.2312375745580004e-01
    -1.5854245148621438e-02</data></rotationMatrix>
<offsetMatrix type_id="opencv-matrix">
  <rows>3</rows>
  <cols>1</cols>
  <dt>d</dt>
  <data>
    -7.5900309468926744e+03 1.0999048260568904e+03
    5.9825006783323061e+03</data></offsetMatrix>
<deltaXY>
  0. 0.</deltaXY>
<headLocation>
  0. 0.</headLocation>
<pointA>
  0. 0.</pointA>
<pointB>
  0. 0.</pointB>
<pointV>
  0. 0.</pointV>
<cameraLocation>
  1.3624532470703125e+03 -9.5462763671875000e+03 1.2731896972656250e+03</cameraLocation>
<extrinsicMatrix type_id="opencv-matrix">
  <rows>4</rows>
  <cols>4</cols>
  <dt>d</dt>
  <data>
    7.2328928353682231e-01 -6.9046743502591656e-01
    1.0360187716547509e-02 -7.5900309468926744e+03
    -3.4551421125034731e-03 -1.8621293503328223e-02
    -9.9982063862537141e-01 1.0999048260568904e+03
    6.9053651193385335e-01 7.2312375745580004e-01
    -1.5854245148621438e-02 5.9825006783323061e+03 0. 0. 0. 1.</data></extrinsicMatrix>
 <!-- resumed -->

<bsd_deltaXY>
  1950. -6825.</bsd_deltaXY>
<yaw>-4.3672593440816470e+01</yaw>
<pitch>9.1255989471754233e+01</pitch>
<roll>-2.7369900171895384e-01</roll>
<avg_reprojection_error>2.9760301113128662e-01</avg_reprojection_error>
</opencv_storage>
