<?xml version="1.0"?>
<opencv_storage>
<camera_name>RL</camera_name>
<camera_model>FISHEYE</camera_model>
<calibration_time>"2022-07-12 01:56:05"</calibration_time>
<camIntrinsicMat type_id="opencv-matrix">
  <rows>3</rows>
  <cols>3</cols>
  <dt>d</dt>
  <data>
    1.4143441894255541e+03 0. 1.4201418273852314e+03 0.
    1.4157664357182578e+03 9.1146988635258867e+02 0. 0. 1.</data></camIntrinsicMat>
<distortion_coefficients type_id="opencv-matrix">
  <rows>4</rows>
  <cols>1</cols>
  <dt>d</dt>
  <data>
    2.1083522898385772e-02 1.1242818141033801e-04 4.7165892676616986e-03
    -3.5243526956539972e-03</data></distortion_coefficients>
<camIntriMatrix type_id="opencv-matrix">
  <rows>3</rows>
  <cols>4</cols>
  <dt>d</dt>
  <data>
    1.4143441894255541e+03 0. 1.4201418273852314e+03 0. 0.
    1.4157664357182578e+03 9.1146988635258867e+02 0. 0. 0. 1. 0.</data></camIntriMatrix>
<avg_reprojection_error>3.1753442746993621e-01</avg_reprojection_error>
</opencv_storage>
