<?xml version="1.0"?>
<opencv_storage>
<camera_name>RL</camera_name>
<calibration_time>"2022-08-03 16:11:05"</calibration_time>
<undistort>1</undistort>
<rotationMatrix type_id="opencv-matrix">
  <rows>3</rows>
  <cols>3</cols>
  <dt>d</dt>
  <data>
    7.0253586624873254e-01 7.1104407268023095e-01
    -2.9320357099687389e-02 -1.5585018277326335e-02
    -2.5818352638155823e-02 -9.9954515649486642e-01
    -7.1147766222098507e-01 7.0267328067414236e-01
    -7.0566838670561294e-03</data></rotationMatrix>
<offsetMatrix type_id="opencv-matrix">
  <rows>3</rows>
  <cols>1</cols>
  <dt>d</dt>
  <data>
    9.8513478116606905e+02 1.6711555883391700e+03
    -9.4263260533322114e+02</data></offsetMatrix>
<deltaXY>
  0. 0.</deltaXY>
<headLocation>
  0. 0.</headLocation>
<pointA>
  0. 0.</pointA>
<pointB>
  0. 0.</pointB>
<pointV>
  0. 0.</pointV>
<cameraLocation>
  -1.3367095947265625e+03 5.0349826812744141e+00 1.6926281738281250e+03</cameraLocation>
<extrinsicMatrix type_id="opencv-matrix">
  <rows>4</rows>
  <cols>4</cols>
  <dt>d</dt>
  <data>
    7.0253586624873254e-01 7.1104407268023095e-01
    -2.9320357099687389e-02 9.8513478116606905e+02
    -1.5585018277326335e-02 -2.5818352638155823e-02
    -9.9954515649486642e-01 1.6711555883391700e+03
    -7.1147766222098507e-01 7.0267328067414236e-01
    -7.0566838670561294e-03 -9.4263260533322114e+02 0. 0. 0. 1.</data></extrinsicMatrix>
 <!-- resumed -->

<bsd_deltaXY>
  -3210. 2820.</bsd_deltaXY>
<yaw>4.5355269206683317e+01</yaw>
<pitch>9.0575380653387555e+01</pitch>
<roll>-1.2708380801030663e+00</roll>
<avg_reprojection_error>5.9702086448669434e-01</avg_reprojection_error>
</opencv_storage>
