<?xml version="1.0"?>
<opencv_storage>
<camera_name>RR</camera_name>
<calibration_time>"2022-12-21 15:00:10"</calibration_time>
<undistort>1</undistort>
<rotationMatrix type_id="opencv-matrix">
  <rows>3</rows>
  <cols>3</cols>
  <dt>d</dt>
  <data>
    6.8372234999815507e-01 -7.2896260063074447e-01
    3.3723508042051598e-02 2.8343191192157668e-02
    -1.9650626785575026e-02 -9.9940508122581551e-01
    7.2919161516438558e-01 6.8427142257191753e-01 7.2255536368396600e-03</data></rotationMatrix>
<offsetMatrix type_id="opencv-matrix">
  <rows>3</rows>
  <cols>1</cols>
  <dt>d</dt>
  <data>
    -7.8314754579439405e+03 1.0232249675289705e+03
    5.4968918773683272e+03</data></offsetMatrix>
<deltaXY>
  0. 0.</deltaXY>
<headLocation>
  0. 0.</headLocation>
<pointA>
  0. 0.</pointA>
<pointB>
  0. 0.</pointB>
<pointV>
  0. 0.</pointV>
<cameraLocation>
  1.3172658691406250e+03 -9.4501113281250000e+03 1.2470029296875000e+03</cameraLocation>
<extrinsicMatrix type_id="opencv-matrix">
  <rows>4</rows>
  <cols>4</cols>
  <dt>d</dt>
  <data>
    6.8372234999815507e-01 -7.2896260063074447e-01
    3.3723508042051598e-02 -7.8314754579439405e+03
    2.8343191192157668e-02 -1.9650626785575026e-02
    -9.9940508122581551e-01 1.0232249675289705e+03
    7.2919161516438558e-01 6.8427142257191753e-01 7.2255536368396600e-03
    5.4968918773683272e+03 0. 0. 0. 1.</data></extrinsicMatrix>
 <!-- resumed -->

<bsd_deltaXY>
  2335. -6640.</bsd_deltaXY>
<yaw>-4.6818668233875663e+01</yaw>
<pitch>8.9395008576614629e+01</pitch>
<roll>2.3737939326984701e+00</roll>
<avg_reprojection_error>3.7137845158576965e-01</avg_reprojection_error>
</opencv_storage>
