<?xml version="1.0"?>
<opencv_storage>
<camera_name>RC</camera_name>
<calibration_time>"2022-12-25 17:40:48"</calibration_time>
<undistort>1</undistort>
<rotationMatrix type_id="opencv-matrix">
  <rows>3</rows>
  <cols>3</cols>
  <dt>d</dt>
  <data>
    9.9945960873017703e-01 2.0639163184629425e-04
    -3.2870167620745905e-02 -3.2860829806450234e-02
    -1.8373144718378011e-02 -9.9929104540048252e-01
    -8.1017365616290230e-04 9.9983117822743051e-01
    -1.8356433831085425e-02</data></rotationMatrix>
<offsetMatrix type_id="opencv-matrix">
  <rows>3</rows>
  <cols>1</cols>
  <dt>d</dt>
  <data>
    -1.8276639304973403e+03 1.3877254742195166e+03
    5.2832026389920920e+03</data></offsetMatrix>
<deltaXY>
  1810. -5280.</deltaXY>
<headLocation>
  1810. -5280.</headLocation>
<pointA>
  2.9975000989510170e+02 1.1352305722408641e+03</pointA>
<pointB>
  1.6126821733337681e+03 1.0922892459756658e+03</pointB>
<pointV>
  9.6136572265625000e+02 5.9752905273437500e+02</pointV>
<cameraLocation>
  1.8765583496093750e+03 -5.2564365234375000e+03 1.4236467285156250e+03</cameraLocation>
<extrinsicMatrix type_id="opencv-matrix">
  <rows>4</rows>
  <cols>4</cols>
  <dt>d</dt>
  <data>
    9.9945960873017703e-01 2.0639163184629425e-04
    -3.2870167620745905e-02 -1.8276639304973403e+03
    -3.2860829806450234e-02 -1.8373144718378011e-02
    -9.9929104540048252e-01 1.3877254742195166e+03
    -8.1017365616290230e-04 9.9983117822743051e-01
    -1.8356433831085425e-02 5.2832026389920920e+03 0. 0. 0. 1.</data></extrinsicMatrix>
 <!-- resumed -->

<yaw_z>-1.1827366342162998e-02</yaw_z>
<pitch_x>9.1052760051819746e+01</pitch_x>
<roll_z>0.</roll_z>
</opencv_storage>
