<?xml version="1.0"?>
<opencv_storage>
<camera_name>FL</camera_name>
<camera_model>FISHEYE</camera_model>
<calibration_time>"2022-06-08 20:12:49"</calibration_time>
<camIntrinsicMat type_id="opencv-matrix">
  <rows>3</rows>
  <cols>3</cols>
  <dt>d</dt>
  <data>
    1.4205358203127464e+03 0. 1.4518933884554322e+03 0.
    1.4204885744263290e+03 9.0407053885868709e+02 0. 0. 1.</data></camIntrinsicMat>
<distortion_coefficients type_id="opencv-matrix">
  <rows>4</rows>
  <cols>1</cols>
  <dt>d</dt>
  <data>
    7.7085221364651966e-03 4.2349866888524344e-02
    -4.8215291210069622e-02 1.9882988371046659e-02</data></distortion_coefficients>
<camIntriMatrix type_id="opencv-matrix">
  <rows>3</rows>
  <cols>4</cols>
  <dt>d</dt>
  <data>
    1.4205358203127464e+03 0. 1.4518933884554322e+03 0. 0.
    1.4204885744263290e+03 9.0407053885868709e+02 0. 0. 0. 1. 0.</data></camIntriMatrix>
<avg_reprojection_error>3.5304450583926339e-01</avg_reprojection_error>
</opencv_storage>
