<?xml version="1.0"?>
<opencv_storage>
<camera_name>FC120</camera_name>
<calibration_time>"2022-10-21 09:57:35"</calibration_time>
<undistort>1</undistort>
<rotationMatrix type_id="opencv-matrix">
  <rows>3</rows>
  <cols>3</cols>
  <dt>d</dt>
  <data>
    9.9974325489149207e-01 -1.6177437581281557e-02
    1.5865522754346793e-02 1.5511275797506755e-02
    -2.1792838012655618e-02 -9.9964217224689345e-01
    1.6517403612512405e-02 9.9963161350802521e-01
    -2.1536310112075154e-02</data></rotationMatrix>
<offsetMatrix type_id="opencv-matrix">
  <rows>3</rows>
  <cols>1</cols>
  <dt>d</dt>
  <data>
    -1.7802731574241320e+03 1.3271892485753494e+03
    3.3774407033847920e+03</data></offsetMatrix>
<deltaXY>
  1770. -3315.</deltaXY>
<headLocation>
  1770. -3315.</headLocation>
<pointA>
  4.3615533459902815e+02 9.8480938124572174e+02</pointA>
<pointB>
  1.4876492546974896e+03 9.9421173084027157e+02</pointB>
<pointV>
  9.3925964355468750e+02 5.7654364013671875e+02</pointV>
<cameraLocation>
  1.7034431152343750e+03 -3.3760734863281250e+03 1.4276968994140625e+03</cameraLocation>
<extrinsicMatrix type_id="opencv-matrix">
  <rows>4</rows>
  <cols>4</cols>
  <dt>d</dt>
  <data>
    9.9974325489149207e-01 -1.6177437581281557e-02
    1.5865522754346793e-02 -1.7802731574241320e+03
    1.5511275797506755e-02 -2.1792838012655618e-02
    -9.9964217224689345e-01 1.3271892485753494e+03
    1.6517403612512405e-02 9.9963161350802521e-01
    -2.1536310112075154e-02 3.3774407033847920e+03 0. 0. 0. 1.</data></extrinsicMatrix>
 <!-- resumed -->

<yaw_z>9.2715954657173805e-01</yaw_z>
<pitch_x>9.1248738669674921e+01</pitch_x>
<roll_z>0.</roll_z>
</opencv_storage>
