<?xml version="1.0"?>
<opencv_storage>
<camera_name>FC120</camera_name>
<camera_model>FISHEYE</camera_model>
<calibration_time>"2022-10-21 09:31:26"</calibration_time>
<camIntrinsicMat type_id="opencv-matrix">
  <rows>3</rows>
  <cols>3</cols>
  <dt>d</dt>
  <data>
    9.8469547407079961e+02 0. 9.5519536362705287e+02 0.
    9.8434698712635156e+02 5.9800326000949292e+02 0. 0. 1.</data></camIntrinsicMat>
<distortion_coefficients type_id="opencv-matrix">
  <rows>4</rows>
  <cols>1</cols>
  <dt>d</dt>
  <data>
    -4.2287484063928009e-02 -1.8792191118434953e-03
    -6.6823591245345213e-03 1.0080974844777564e-03</data></distortion_coefficients>
<camIntriMatrix type_id="opencv-matrix">
  <rows>3</rows>
  <cols>4</cols>
  <dt>d</dt>
  <data>
    9.8469547407079961e+02 0. 9.5519536362705287e+02 0. 0.
    9.8434698712635156e+02 5.9800326000949292e+02 0. 0. 0. 1. 0.</data></camIntriMatrix>
<avg_reprojection_error>2.0165420113270954e-01</avg_reprojection_error>
</opencv_storage>
