<?xml version="1.0"?>
<opencv_storage>
<camera_name>FC60</camera_name>
<camera_model>PINHOLE</camera_model>
<calibration_time>"2022-01-10 23:16:43"</calibration_time>
<camIntrinsicMat type_id="opencv-matrix">
  <rows>3</rows>
  <cols>3</cols>
  <dt>d</dt>
  <data>
    1.9007168467086972e+03 0. 9.3145066885804636e+02 0.
    1.8983211339526999e+03 5.9406451030085100e+02 0. 0. 1.</data></camIntrinsicMat>
<distortion_coefficients type_id="opencv-matrix">
  <rows>1</rows>
  <cols>5</cols>
  <dt>d</dt>
  <data>
    -5.0139787049175299e-01 3.1897852532604298e-01
    -3.6122467269128825e-04 1.4958665079711820e-03
    -1.7581742273888601e-01</data></distortion_coefficients>
<camIntriMatrix type_id="opencv-matrix">
  <rows>3</rows>
  <cols>4</cols>
  <dt>d</dt>
  <data>
    1.9007168467086972e+03 0. 9.3145066885804636e+02 0. 0.
    1.8983211339526999e+03 5.9406451030085100e+02 0. 0. 0. 1. 0.</data></camIntriMatrix>
<avg_reprojection_error>5.4614156766669353e-01</avg_reprojection_error>
</opencv_storage>
