<?xml version="1.0"?>
<opencv_storage>
<camera_name>RL</camera_name>
<calibration_time>"2022-01-22 22:36:59"</calibration_time>
<undistort>1</undistort>
<rotationMatrix type_id="opencv-matrix">
  <rows>3</rows>
  <cols>3</cols>
  <dt>d</dt>
  <data>
    7.0028958369749805e-01 7.1385442957569978e-01
    -2.5203848787663796e-03 9.7988569914958523e-03
    -1.3142852759783413e-02 -9.9986561488181747e-01
    -7.1379162321117573e-01 7.0017077830804020e-01
    -1.6198760355904368e-02</data></rotationMatrix>
<offsetMatrix type_id="opencv-matrix">
  <rows>3</rows>
  <cols>1</cols>
  <dt>d</dt>
  <data>
    9.6951618562078409e+02 1.7461201380358364e+03
    -9.0696377962241172e+02</data></offsetMatrix>
<deltaXY>
  0. 0.</deltaXY>
<headLocation>
  0. 0.</headLocation>
<pointA>
  0. 0.</pointA>
<pointB>
  0. 0.</pointB>
<pointV>
  0. 0.</pointV>
<cameraLocation>
  -1.3434351806640625e+03 -3.4114887237548828e+01 1.7336373291015625e+03</cameraLocation>
<extrinsicMatrix type_id="opencv-matrix">
  <rows>4</rows>
  <cols>4</cols>
  <dt>d</dt>
  <data>
    7.0028958369749805e-01 7.1385442957569978e-01
    -2.5203848787663796e-03 9.6951618562078409e+02
    9.7988569914958523e-03 -1.3142852759783413e-02
    -9.9986561488181747e-01 1.7461201380358364e+03
    -7.1379162321117573e-01 7.0017077830804020e-01
    -1.6198760355904368e-02 -9.0696377962241172e+02 0. 0. 0. 1.</data></extrinsicMatrix>
 <!-- resumed -->

<bsd_deltaXY>
  -3365. 3150.</bsd_deltaXY>
<yaw>4.5544254961908237e+01</yaw>
<pitch>9.1325326751518915e+01</pitch>
<roll>8.0166337700484058e-01</roll>
<avg_reprojection_error>4.4279411435127258e-01</avg_reprojection_error>
</opencv_storage>
