<?xml version="1.0"?>
<opencv_storage>
<camera_name>FR</camera_name>
<calibration_time>"2022-12-25 15:55:22"</calibration_time>
<undistort>1</undistort>
<rotationMatrix type_id="opencv-matrix">
  <rows>3</rows>
  <cols>3</cols>
  <dt>d</dt>
  <data>
    -6.9840624733366052e-01 -7.1567550950982617e-01
    -6.1056345423408653e-03 4.2718330013145844e-02
    -3.3168733304117959e-02 -9.9853641867079079e-01
    7.1442554403254777e-01 -6.9764489550117936e-01
    5.3737713153307554e-02</data></rotationMatrix>
<offsetMatrix type_id="opencv-matrix">
  <rows>3</rows>
  <cols>1</cols>
  <dt>d</dt>
  <data>
    -2.7155112177234432e+03 1.0389581913836287e+03
    -4.5804430591322498e+03</data></offsetMatrix>
<deltaXY>
  0. 0.</deltaXY>
<headLocation>
  0. 0.</headLocation>
<pointA>
  0. 0.</pointA>
<pointB>
  0. 0.</pointB>
<pointV>
  0. 0.</pointV>
<cameraLocation>
  1.3314730224609375e+03 -5.1044868164062500e+03 1.2670002441406250e+03</cameraLocation>
<extrinsicMatrix type_id="opencv-matrix">
  <rows>4</rows>
  <cols>4</cols>
  <dt>d</dt>
  <data>
    -6.9840624733366052e-01 -7.1567550950982617e-01
    -6.1056345423408653e-03 -2.7155112177234432e+03
    4.2718330013145844e-02 -3.3168733304117959e-02
    -9.9853641867079079e-01 1.0389581913836287e+03
    7.1442554403254777e-01 -6.9764489550117936e-01
    5.3737713153307554e-02 -4.5804430591322498e+03 0. 0. 0. 1.</data></extrinsicMatrix>
 <!-- resumed -->

<bsd_deltaXY>
  2325. -8565.</bsd_deltaXY>
<yaw>-4.5596141344310219e+01</yaw>
<pitch>-8.5595357419855674e+01</pitch>
<roll>1.7649983866103392e+02</roll>
<avg_reprojection_error>6.9162160158157349e-01</avg_reprojection_error>
</opencv_storage>
