<?xml version="1.0"?>
<opencv_storage>
<camera_name>RC</camera_name>
<calibration_time>"2023-01-07 11:52:37"</calibration_time>
<undistort>1</undistort>
<rotationMatrix type_id="opencv-matrix">
  <rows>3</rows>
  <cols>3</cols>
  <dt>d</dt>
  <data>
    9.9991979818360022e-01 -9.9728406523173036e-04
    -1.2625475237064736e-02 -1.2652811046083042e-02
    -3.5294366667067943e-02 -9.9929685982404792e-01
    5.5097468237567937e-04 9.9937646215330878e-01
    -3.5304154441589207e-02</data></rotationMatrix>
<offsetMatrix type_id="opencv-matrix">
  <rows>3</rows>
  <cols>1</cols>
  <dt>d</dt>
  <data>
    -1.8704909274739402e+03 1.2772020486815834e+03
    5.2548847839241243e+03</data></offsetMatrix>
<deltaXY>
  1820. -5340.</deltaXY>
<headLocation>
  1820. -5340.</headLocation>
<pointA>
  2.8060912425144272e+02 1.0976986596635984e+03</pointA>
<pointB>
  1.6006159268261426e+03 1.0808057331213072e+03</pointB>
<pointV>
  9.5906378173828125e+02 5.6511865234375000e+02</pointV>
<cameraLocation>
  1.8836058349609375e+03 -5.2083955078125000e+03 1.4382073974609375e+03</cameraLocation>
<extrinsicMatrix type_id="opencv-matrix">
  <rows>4</rows>
  <cols>4</cols>
  <dt>d</dt>
  <data>
    9.9991979818360022e-01 -9.9728406523173036e-04
    -1.2625475237064736e-02 -1.8704909274739402e+03
    -1.2652811046083042e-02 -3.5294366667067943e-02
    -9.9929685982404792e-01 1.2772020486815834e+03
    5.5097468237567937e-04 9.9937646215330878e-01
    -3.5304154441589207e-02 5.2548847839241243e+03 0. 0. 0. 1.</data></extrinsicMatrix>
 <!-- resumed -->

<yaw_z>5.7175800356761029e-02</yaw_z>
<pitch_x>9.2022640083772387e+01</pitch_x>
<roll_z>0.</roll_z>
</opencv_storage>
