<?xml version="1.0"?>
<opencv_storage>
<camera_name>FC120</camera_name>
<calibration_time>"2022-12-12 11:55:59"</calibration_time>
<undistort>1</undistort>
<rotationMatrix type_id="opencv-matrix">
  <rows>3</rows>
  <cols>3</cols>
  <dt>d</dt>
  <data>
    9.9983918685363637e-01 1.6726835145123586e-02 6.4663295529308797e-03
    6.6549141256926139e-03 -1.1243388460499267e-02
    -9.9991464552425979e-01 -1.6652703979801769e-02
    9.9979687897190106e-01 -1.1352896027310560e-02</data></rotationMatrix>
<offsetMatrix type_id="opencv-matrix">
  <rows>3</rows>
  <cols>1</cols>
  <dt>d</dt>
  <data>
    -1.7023718506442531e+03 1.3799347639430680e+03
    3.2515322630389192e+03</data></offsetMatrix>
<deltaXY>
  1820. -3165.</deltaXY>
<headLocation>
  1820. -3165.</headLocation>
<pointA>
  4.5995249138503635e+02 1.0326691341986364e+03</pointA>
<pointB>
  1.5607690256320138e+03 1.0479062674163822e+03</pointB>
<pointV>
  9.8600555419921875e+02 6.0861541748046875e+02</pointV>
<cameraLocation>
  1.7470615234375000e+03 -3.2068813476562500e+03 1.4277393798828125e+03</cameraLocation>
<extrinsicMatrix type_id="opencv-matrix">
  <rows>4</rows>
  <cols>4</cols>
  <dt>d</dt>
  <data>
    9.9983918685363637e-01 1.6726835145123586e-02 6.4663295529308797e-03
    -1.7023718506442531e+03 6.6549141256926139e-03
    -1.1243388460499267e-02 -9.9991464552425979e-01
    1.3799347639430680e+03 -1.6652703979801769e-02
    9.9979687897190106e-01 -1.1352896027310560e-02
    3.2515322630389192e+03 0. 0. 0. 1.</data></extrinsicMatrix>
 <!-- resumed -->

<yaw_z>-9.5848236721859337e-01</yaw_z>
<pitch_x>9.0644212286615428e+01</pitch_x>
<roll_z>0.</roll_z>
</opencv_storage>
