<?xml version="1.0"?>
<opencv_storage>
<camera_name>RC</camera_name>
<camera_model>PINHOLE</camera_model>
<calibration_time>"2022-07-20 14:16:56"</calibration_time>
<camIntrinsicMat type_id="opencv-matrix">
  <rows>3</rows>
  <cols>3</cols>
  <dt>d</dt>
  <data>
    1.9512263460978240e+03 0. 9.4644471891400462e+02 0.
    1.9461491998293179e+03 6.1478074837375448e+02 0. 0. 1.</data></camIntrinsicMat>
<distortion_coefficients type_id="opencv-matrix">
  <rows>1</rows>
  <cols>5</cols>
  <dt>d</dt>
  <data>
    -5.0999350092903362e-01 3.2278265605439282e-01
    -3.9140180406904623e-03 -1.0942547289897157e-04
    -1.7607188967407458e-01</data></distortion_coefficients>
<camIntriMatrix type_id="opencv-matrix">
  <rows>3</rows>
  <cols>4</cols>
  <dt>d</dt>
  <data>
    1.9512263460978240e+03 0. 9.4644471891400462e+02 0. 0.
    1.9461491998293179e+03 6.1478074837375448e+02 0. 0. 0. 1. 0.</data></camIntriMatrix>
<avg_reprojection_error>2.0518850628545701e-01</avg_reprojection_error>
</opencv_storage>
