<?xml version="1.0"?>
<opencv_storage>
<camera_name>FC60</camera_name>
<calibration_time>"2022-12-21 14:40:54"</calibration_time>
<undistort>1</undistort>
<rotationMatrix type_id="opencv-matrix">
  <rows>3</rows>
  <cols>3</cols>
  <dt>d</dt>
  <data>
    9.9995702482527238e-01 -7.9072351090059469e-03
    4.8398487084236929e-03 4.6432216786526023e-03
    -2.4698639605007941e-02 -9.9968415896927398e-01
    8.0242753587110461e-03 9.9966366985831423e-01
    -2.4660863131179045e-02</data></rotationMatrix>
<offsetMatrix type_id="opencv-matrix">
  <rows>3</rows>
  <cols>1</cols>
  <dt>d</dt>
  <data>
    -1.9290286447507929e+03 1.2889523270965601e+03
    5.3161971867393731e+03</data></offsetMatrix>
<deltaXY>
  1835. -5310.</deltaXY>
<headLocation>
  1835. -5310.</headLocation>
<pointA>
  2.6001217908640604e+02 1.0935550258521278e+03</pointA>
<pointB>
  1.5796016447830796e+03 1.0971035157605875e+03</pointB>
<pointV>
  9.4587902832031250e+02 5.7748101806640625e+02</pointV>
<cameraLocation>
  1.8803022460937500e+03 -5.2978271484375000e+03 1.4289833984375000e+03</cameraLocation>
<extrinsicMatrix type_id="opencv-matrix">
  <rows>4</rows>
  <cols>4</cols>
  <dt>d</dt>
  <data>
    9.9995702482527238e-01 -7.9072351090059469e-03
    4.8398487084236929e-03 -1.9290286447507929e+03
    4.6432216786526023e-03 -2.4698639605007941e-02
    -9.9968415896927398e-01 1.2889523270965601e+03
    8.0242753587110461e-03 9.9966366985831423e-01
    -2.4660863131179045e-02 5.3161971867393731e+03 0. 0. 0. 1.</data></extrinsicMatrix>
 <!-- resumed -->

<yaw_z>4.5319415048774730e-01</yaw_z>
<pitch_x>9.1415272342018170e+01</pitch_x>
<roll_z>0.</roll_z>
</opencv_storage>
