<?xml version="1.0"?>
<opencv_storage>
<camera_name>FC120</camera_name>
<calibration_time>"2022-06-24 13:18:27"</calibration_time>
<undistort>1</undistort>
<rotationMatrix type_id="opencv-matrix">
  <rows>3</rows>
  <cols>3</cols>
  <dt>d</dt>
  <data>
    9.9997700983638382e-01 2.6623055575112783e-03 6.2363392950498982e-03
    6.2610418745368346e-03 -9.3733974606067996e-03
    -9.9993646736914776e-01 -2.6036807273233744e-03
    9.9995252464762741e-01 -9.3898507712439332e-03</data></rotationMatrix>
<offsetMatrix type_id="opencv-matrix">
  <rows>3</rows>
  <cols>1</cols>
  <dt>d</dt>
  <data>
    -1.4357465380803997e+03 1.4212088361328706e+03
    3.1339993669872611e+03</data></offsetMatrix>
<deltaXY>
  1452. -2990.</deltaXY>
<headLocation>
  1452. -2990.</headLocation>
<pointA>
  5.1662737736536133e+02 1.0536725220237486e+03</pointA>
<pointB>
  1.4931551759622089e+03 1.0609425304815422e+03</pointB>
<pointV>
  9.7090960693359375e+02 5.9771838378906250e+02</pointV>
<cameraLocation>
  1.4349752197265625e+03 -3.1167065429687500e+03 1.4595001220703125e+03</cameraLocation>
<extrinsicMatrix type_id="opencv-matrix">
  <rows>4</rows>
  <cols>4</cols>
  <dt>d</dt>
  <data>
    9.9997700983638382e-01 2.6623055575112783e-03 6.2363392950498982e-03
    -1.4357465380803997e+03 6.2610418745368346e-03
    -9.3733974606067996e-03 -9.9993646736914776e-01
    1.4212088361328706e+03 -2.6036807273233744e-03
    9.9995252464762741e-01 -9.3898507712439332e-03
    3.1339993669872611e+03 0. 0. 0. 1.</data></extrinsicMatrix>
 <!-- resumed -->

<yaw_z>1.4918008660383833e-01</yaw_z>
<pitch_x>9.0538008549271211e+01</pitch_x>
<roll_z>3.5873483453373761e-01</roll_z>
</opencv_storage>
