<?xml version="1.0"?>
<opencv_storage>
<camera_name>FC120</camera_name>
<camera_model>FISHEYE</camera_model>
<calibration_time>"2022-06-22 23:10:23"</calibration_time>
<camIntrinsicMat type_id="opencv-matrix">
  <rows>3</rows>
  <cols>3</cols>
  <dt>d</dt>
  <data>
    9.8589397488269844e+02 0. 9.6828473130825137e+02 0.
    9.8509122161397295e+02 6.0695247373587893e+02 0. 0. 1.</data></camIntrinsicMat>
<distortion_coefficients type_id="opencv-matrix">
  <rows>4</rows>
  <cols>1</cols>
  <dt>d</dt>
  <data>
    -4.0728837990666004e-02 9.1783150260736773e-03
    -2.3189974142700041e-02 8.7684940473769478e-03</data></distortion_coefficients>
<camIntriMatrix type_id="opencv-matrix">
  <rows>3</rows>
  <cols>4</cols>
  <dt>d</dt>
  <data>
    9.8589397488269844e+02 0. 9.6828473130825137e+02 0. 0.
    9.8509122161397295e+02 6.0695247373587893e+02 0. 0. 0. 1. 0.</data></camIntriMatrix>
<avg_reprojection_error>2.3570045349384139e-01</avg_reprojection_error>
</opencv_storage>
