<?xml version="1.0"?>
<opencv_storage>
<camera_name>RL</camera_name>
<calibration_time>"2022-07-07 18:01:08"</calibration_time>
<undistort>1</undistort>
<rotationMatrix type_id="opencv-matrix">
  <rows>3</rows>
  <cols>3</cols>
  <dt>d</dt>
  <data>
    7.2475200660521544e-01 6.8887957959880830e-01
    -1.3396034244604171e-02 -4.0737098125461058e-02
    2.3433792525769465e-02 -9.9889506265882388e-01
    -6.8780449094057983e-01 7.2449691661153970e-01
    4.5046643186164748e-02</data></rotationMatrix>
<offsetMatrix type_id="opencv-matrix">
  <rows>3</rows>
  <cols>1</cols>
  <dt>d</dt>
  <data>
    7.5038909021707977e+03 1.4180259656767396e+03 5.9101910650116979e+03</data></offsetMatrix>
<deltaXY>
  0. 0.</deltaXY>
<headLocation>
  0. 0.</headLocation>
<pointA>
  0. 0.</pointA>
<pointB>
  0. 0.</pointB>
<pointV>
  0. 0.</pointV>
<cameraLocation>
  -1.3156378173828125e+03 -9.4844218750000000e+03 1.2507471923828125e+03</cameraLocation>
<extrinsicMatrix type_id="opencv-matrix">
  <rows>4</rows>
  <cols>4</cols>
  <dt>d</dt>
  <data>
    7.2475200660521544e-01 6.8887957959880830e-01
    -1.3396034244604171e-02 7.5038909021707977e+03
    -4.0737098125461058e-02 2.3433792525769465e-02
    -9.9889506265882388e-01 1.4180259656767396e+03
    -6.8780449094057983e-01 7.2449691661153970e-01
    4.5046643186164748e-02 5.9101910650116979e+03 0. 0. 0. 1.</data></extrinsicMatrix>
 <!-- resumed -->

<bsd_deltaXY>
  -3125. -6650.</bsd_deltaXY>
<yaw>4.3456565001173253e+01</yaw>
<pitch>8.6442132159466169e+01</pitch>
<roll>-3.2171147623676046e+00</roll>
<avg_reprojection_error>2.3200733959674835e-01</avg_reprojection_error>
</opencv_storage>
