<?xml version="1.0"?>
<opencv_storage>
<camera_name>FC120</camera_name>
<camera_model>FISHEYE</camera_model>
<calibration_time>"2023-1-07 12:00:33"</calibration_time>
<camIntrinsicMat type_id="opencv-matrix">
  <rows>3</rows>
  <cols>3</cols>
  <dt>d</dt>
  <data>
    991.42641185480591 0. 975.44338089246378 0.
    988.1765301352018 604.93647080093422 0. 0. 1.</data></camIntrinsicMat>
<distortion_coefficients type_id="opencv-matrix">
  <rows>4</rows>
  <cols>1</cols>
  <dt>d</dt>
  <data>
   -0.039624644350655984 -0.030332638625265428
    0.030890599561910991 -0.014337416263647708</data></distortion_coefficients>
<camIntriMatrix type_id="opencv-matrix">
  <rows>3</rows>
  <cols>4</cols>
  <dt>d</dt>
  <data>
    991.42641185480591 0. 975.44338089246378 0. 0.
    988.1765301352018 604.93647080093422 0. 0. 0. 1. 0.</data></camIntriMatrix>
<avg_reprojection_error>3.7216763423458932e-01</avg_reprojection_error>
</opencv_storage>
