<?xml version="1.0"?>
<opencv_storage>
<camera_name>FC120</camera_name>
<calibration_time>"2023-01-07 12:23:23"</calibration_time>
<undistort>1</undistort>
<rotationMatrix type_id="opencv-matrix">
  <rows>3</rows>
  <cols>3</cols>
  <dt>d</dt>
  <data>
    9.9990491918773150e-01 -1.3630993371024240e-02
    2.0853306440926068e-03 1.9006581415082608e-03
    -1.3546928586650353e-02 -9.9990642973455135e-01
    1.3657967740671260e-02 9.9981532131968609e-01
    -1.3519732675149110e-02</data></rotationMatrix>
<offsetMatrix type_id="opencv-matrix">
  <rows>3</rows>
  <cols>1</cols>
  <dt>d</dt>
  <data>
    -1.8091941521121189e+03 1.3741031382765143e+03
    3.2551644933546190e+03</data></offsetMatrix>
<deltaXY>
  1810. -3150.</deltaXY>
<headLocation>
  1810. -3150.</headLocation>
<pointA>
  4.2441658324859691e+02 1.0220755966429695e+03</pointA>
<pointB>
  1.5245605719794376e+03 1.0178692476550152e+03</pointB>
<pointV>
  9.6192675781250000e+02 5.9154724121093750e+02</pointV>
<cameraLocation>
  1.7619515380859375e+03 -3.2606096191406250e+03 1.4217562255859375e+03</cameraLocation>
<extrinsicMatrix type_id="opencv-matrix">
  <rows>4</rows>
  <cols>4</cols>
  <dt>d</dt>
  <data>
    9.9990491918773150e-01 -1.3630993371024240e-02
    2.0853306440926068e-03 -1.8091941521121189e+03
    1.9006581415082608e-03 -1.3546928586650353e-02
    -9.9990642973455135e-01 1.3741031382765143e+03
    1.3657967740671260e-02 9.9981532131968609e-01
    -1.3519732675149110e-02 3.2551644933546190e+03 0. 0. 0. 1.</data></extrinsicMatrix>
 <!-- resumed -->

<yaw_z>7.8109424362372293e-01</yaw_z>
<pitch_x>9.0776205692325931e+01</pitch_x>
<roll_z>0.</roll_z>
</opencv_storage>
