<?xml version="1.0"?>
<opencv_storage>
<camera_name>FC120</camera_name>
<calibration_time>"2022-07-20 22:14:01"</calibration_time>
<undistort>1</undistort>
<rotationMatrix type_id="opencv-matrix">
  <rows>3</rows>
  <cols>3</cols>
  <dt>d</dt>
  <data>
    9.9987984190906132e-01 -6.3140427518437563e-03
    -1.4157492999767301e-02 -1.4255936772412964e-02
    -1.5828744724201607e-02 -9.9977308380811936e-01
    6.0885146506791483e-03 9.9985478130805783e-01
    -1.5916855366702187e-02</data></rotationMatrix>
<offsetMatrix type_id="opencv-matrix">
  <rows>3</rows>
  <cols>1</cols>
  <dt>d</dt>
  <data>
    -1.9092190805791213e+03 2.2664828926628543e+03
    4.8487385323843928e+03</data></offsetMatrix>
<deltaXY>
  1885. -4675.</deltaXY>
<headLocation>
  1885. -4675.</headLocation>
<pointA>
  1.1651343891615686e+03 2.0665609792634623e+03</pointA>
<pointB>
  2.7405238371834603e+03 2.0396474534175229e+03</pointB>
<pointV>
  1.9221079101562500e+03 1.1212186279296875e+03</pointV>
<cameraLocation>
  1.9117789306640625e+03 -4.8242138671875000e+03 2.3161154785156250e+03</cameraLocation>
<extrinsicMatrix type_id="opencv-matrix">
  <rows>4</rows>
  <cols>4</cols>
  <dt>d</dt>
  <data>
    9.9987984190906132e-01 -6.3140427518437563e-03
    -1.4157492999767301e-02 -1.9092190805791213e+03
    -1.4255936772412964e-02 -1.5828744724201607e-02
    -9.9977308380811936e-01 2.2664828926628543e+03
    6.0885146506791483e-03 9.9985478130805783e-01
    -1.5916855366702187e-02 4.8487385323843928e+03 0. 0. 0. 1.</data></extrinsicMatrix>
 <!-- resumed -->

<yaw_z>-3.4884834896356320e-01</yaw_z>
<pitch_x>9.0912024053289059e+01</pitch_x>
<roll_z>-8.1684782082301388e-01</roll_z>
</opencv_storage>
