<?xml version="1.0"?>
<opencv_storage>
<camera_name>FC120</camera_name>
<camera_model>FISHEYE</camera_model>
<calibration_time>"2022-07-19 08:56:16"</calibration_time>
<camIntrinsicMat type_id="opencv-matrix">
  <rows>3</rows>
  <cols>3</cols>
  <dt>d</dt>
  <data>
    1.9537781712083824e+03 0. 1.9344459407695460e+03 0.
    1.9561423796186025e+03 1.1521864034007087e+03 0. 0. 1.</data></camIntrinsicMat>
<distortion_coefficients type_id="opencv-matrix">
  <rows>4</rows>
  <cols>1</cols>
  <dt>d</dt>
  <data>
    -4.9920091098890562e-02 6.1913872593431210e-04
    -3.0042926251117948e-03 1.2794139883512982e-03</data></distortion_coefficients>
<camIntriMatrix type_id="opencv-matrix">
  <rows>3</rows>
  <cols>4</cols>
  <dt>d</dt>
  <data>
    1.9537781712083824e+03 0. 1.9344459407695460e+03 0. 0.
    1.9561423796186025e+03 1.1521864034007087e+03 0. 0. 0. 1. 0.</data></camIntriMatrix>
<avg_reprojection_error>3.5879996386541640e-01</avg_reprojection_error>
</opencv_storage>
