<?xml version="1.0"?>
<opencv_storage>
<camera_name>FC120</camera_name>
<calibration_time>"2022-11-08 20:26:19"</calibration_time>
<undistort>1</undistort>
<rotationMatrix type_id="opencv-matrix">
  <rows>3</rows>
  <cols>3</cols>
  <dt>d</dt>
  <data>
    9.9993157946635680e-01 2.1818604047527134e-03
    -1.1492426684177371e-02 -1.1449364011060273e-02
    -1.8817735442228176e-02 -9.9975737301435708e-01
    -2.3975924714716682e-03 9.9982055005785941e-01
    -1.8791467008731931e-02</data></rotationMatrix>
<offsetMatrix type_id="opencv-matrix">
  <rows>3</rows>
  <cols>1</cols>
  <dt>d</dt>
  <data>
    -1.5630564140355605e+03 2.2141257211763391e+03
    4.8926823171958422e+03</data></offsetMatrix>
<deltaXY>
  1565. -4725.</deltaXY>
<headLocation>
  1565. -4725.</headLocation>
<pointA>
  1.3546398949933653e+03 1.9835571186911716e+03</pointA>
<pointB>
  2.7097979851291111e+03 1.9694905569299031e+03</pointB>
<pointV>
  1.9813699951171875e+03 1.0645023193359375e+03</pointV>
<cameraLocation>
  1.6000305175781250e+03 -4.8467290039062500e+03 2.2875659179687500e+03</cameraLocation>
<extrinsicMatrix type_id="opencv-matrix">
  <rows>4</rows>
  <cols>4</cols>
  <dt>d</dt>
  <data>
    9.9993157946635680e-01 2.1818604047527134e-03
    -1.1492426684177371e-02 -1.5630564140355605e+03
    -1.1449364011060273e-02 -1.8817735442228176e-02
    -9.9975737301435708e-01 2.2141257211763391e+03
    -2.3975924714716682e-03 9.9982055005785941e-01
    -1.8791467008731931e-02 4.8926823171958422e+03 0. 0. 0. 1.</data></extrinsicMatrix>
 <!-- resumed -->

<yaw_z>1.3737205940647573e-01</yaw_z>
<pitch_x>9.1076738221271015e+01</pitch_x>
<roll_z>-6.5601645469832748e-01</roll_z>
</opencv_storage>
