<?xml version="1.0"?>
<opencv_storage>
<camera_name>FC120</camera_name>
<camera_model>FISHEYE</camera_model>
<calibration_time>"2022-11-08 20:14:43"</calibration_time>
<camIntrinsicMat type_id="opencv-matrix">
  <rows>3</rows>
  <cols>3</cols>
  <dt>d</dt>
  <data>
    1.9484819493146315e+03 0. 1.9771179164673351e+03 0.
    1.9497965680484488e+03 1.1011996606554142e+03 0. 0. 1.</data></camIntrinsicMat>
<distortion_coefficients type_id="opencv-matrix">
  <rows>4</rows>
  <cols>1</cols>
  <dt>d</dt>
  <data>
    -5.7008375327029272e-02 1.0814332930762196e-02
    -1.2223242630550052e-02 5.1417741580293353e-03</data></distortion_coefficients>
<camIntriMatrix type_id="opencv-matrix">
  <rows>3</rows>
  <cols>4</cols>
  <dt>d</dt>
  <data>
    1.9484819493146315e+03 0. 1.9771179164673351e+03 0. 0.
    1.9497965680484488e+03 1.1011996606554142e+03 0. 0. 0. 1. 0.</data></camIntriMatrix>
<avg_reprojection_error>4.8699718219648663e-01</avg_reprojection_error>
</opencv_storage>
