<?xml version="1.0"?>
<opencv_storage>
<camera_name>FC60</camera_name>
<calibration_time>"2022-09-22 10:35:10"</calibration_time>
<undistort>1</undistort>
<rotationMatrix type_id="opencv-matrix">
  <rows>3</rows>
  <cols>3</cols>
  <dt>d</dt>
  <data>
    9.9979214714871167e-01 9.2195440753147766e-03 1.8184127881542906e-02
    1.7985518489255170e-02 2.1185904621187853e-02
    -9.9961376469617247e-01 -9.6012303608255436e-03
    9.9973304309321764e-01 2.1015682790076137e-02</data></rotationMatrix>
<offsetMatrix type_id="opencv-matrix">
  <rows>3</rows>
  <cols>1</cols>
  <dt>d</dt>
  <data>
    -1.7843542387762579e+03 1.4695788610448035e+03
    3.3529283559729251e+03</data></offsetMatrix>
<deltaXY>
  1860. -3300.</deltaXY>
<headLocation>
  1860. -3300.</headLocation>
<pointA>
  4.4402174491838434e+02 1.0334210196160548e+03</pointA>
<pointB>
  1.5096519488608794e+03 1.0571604111482989e+03</pointB>
<pointV>
  9.7272564697265625e+02 6.2673614501953125e+02</pointV>
<cameraLocation>
  1.7897445068359375e+03 -3.3667167968750000e+03 1.4309941406250000e+03</cameraLocation>
<extrinsicMatrix type_id="opencv-matrix">
  <rows>4</rows>
  <cols>4</cols>
  <dt>d</dt>
  <data>
    9.9979214714871167e-01 9.2195440753147766e-03 1.8184127881542906e-02
    -1.7843542387762579e+03 1.7985518489255170e-02
    2.1185904621187853e-02 -9.9961376469617247e-01
    1.4695788610448035e+03 -9.6012303608255436e-03
    9.9973304309321764e-01 2.1015682790076137e-02 3.3529283559729251e+03
    0. 0. 0. 1.</data></extrinsicMatrix>
 <!-- resumed -->

<yaw_z>-5.2836705241034898e-01</yaw_z>
<pitch_x>8.8786045662535116e+01</pitch_x>
<roll_z>0.</roll_z>
</opencv_storage>
