<?xml version="1.0"?>
<opencv_storage>
<camera_name>FC120</camera_name>
<camera_model>FISHEYE</camera_model>
<calibration_time>"2022-09-22 09:54:02"</calibration_time>
<camIntrinsicMat type_id="opencv-matrix">
  <rows>3</rows>
  <cols>3</cols>
  <dt>d</dt>
  <data>
    9.7654974603366281e+02 0. 9.6371989940084620e+02 0.
    9.7501666212242571e+02 6.0607401911451745e+02 0. 0. 1.</data></camIntrinsicMat>
<distortion_coefficients type_id="opencv-matrix">
  <rows>4</rows>
  <cols>1</cols>
  <dt>d</dt>
  <data>
    -3.0983870205563639e-02 -2.4105859873747530e-02
    1.1793011381322207e-02 -3.7087486817541939e-03</data></distortion_coefficients>
<camIntriMatrix type_id="opencv-matrix">
  <rows>3</rows>
  <cols>4</cols>
  <dt>d</dt>
  <data>
    9.7654974603366281e+02 0. 9.6371989940084620e+02 0. 0.
    9.7501666212242571e+02 6.0607401911451745e+02 0. 0. 0. 1. 0.</data></camIntriMatrix>
<avg_reprojection_error>1.8899246036740011e-01</avg_reprojection_error>
</opencv_storage>
