<?xml version="1.0"?>
<opencv_storage>
<camera_name>RR</camera_name>
<camera_model>FISHEYE</camera_model>
<calibration_time>"2023-02-07 17:30:53"</calibration_time>
<camIntrinsicMat type_id="opencv-matrix">
  <rows>3</rows>
  <cols>3</cols>
  <dt>d</dt>
  <data>
    1145.9763403523912 0. 970.0655290405964 0.
    1146.0719742093072 591.33633494105368 0. 0. 1.</data></camIntrinsicMat>
<distortion_coefficients type_id="opencv-matrix">
  <rows>4</rows>
  <cols>1</cols>
  <dt>d</dt>
  <data>
    -0.040332725519208884 0.01175677435397196
    -0.050979528897357677 0.038744160508208995</data></distortion_coefficients>
<camIntriMatrix type_id="opencv-matrix">
  <rows>3</rows>
  <cols>4</cols>
  <dt>d</dt>
  <data>
    1145.9763403523912 0. 970.0655290405964 0. 0.
    1146.0719742093072 591.33633494105368 0. 0. 0. 1. 0.</data></camIntriMatrix>
<avg_reprojection_error>2.2221480647619546e-01</avg_reprojection_error>
</opencv_storage>
