<?xml version="1.0"?>
<opencv_storage>
<camera_name>FC60</camera_name>
<calibration_time>"2023-01-05 09:33:34"</calibration_time>
<undistort>1</undistort>
<rotationMatrix type_id="opencv-matrix">
  <rows>3</rows>
  <cols>3</cols>
  <dt>d</dt>
  <data>
    9.9994355848069383e-01 -3.3416498562625896e-04
    -1.0619236635919559e-02 -1.0623481151529659e-02
    -1.7652983755871689e-02 -9.9978773437802182e-01
    1.4663284205409618e-04 9.9984411809955520e-01
    -1.7655537390074524e-02</data></rotationMatrix>
<offsetMatrix type_id="opencv-matrix">
  <rows>3</rows>
  <cols>1</cols>
  <dt>d</dt>
  <data>
    -1.8765351771855155e+03 1.3399742804120847e+03
    5.3137021259416324e+03</data></offsetMatrix>
<deltaXY>
  1825. -5225.</deltaXY>
<headLocation>
  1825. -5225.</headLocation>
<pointA>
  2.8078754661941457e+02 1.1066569372759889e+03</pointA>
<pointB>
  1.6143634198654377e+03 1.0924443582828751e+03</pointB>
<pointV>
  9.6770965576171875e+02 5.8145623779296875e+02</pointV>
<cameraLocation>
  1.8898852539062500e+03 -5.2898461914062500e+03 1.4135787353515625e+03</cameraLocation>
<extrinsicMatrix type_id="opencv-matrix">
  <rows>4</rows>
  <cols>4</cols>
  <dt>d</dt>
  <data>
    9.9994355848069383e-01 -3.3416498562625896e-04
    -1.0619236635919559e-02 -1.8765351771855155e+03
    -1.0623481151529659e-02 -1.7652983755871689e-02
    -9.9978773437802182e-01 1.3399742804120847e+03
    1.4663284205409618e-04 9.9984411809955520e-01
    -1.7655537390074524e-02 5.3137021259416324e+03 0. 0. 0. 1.</data></extrinsicMatrix>
 <!-- resumed -->

<yaw_z>1.9149227413290844e-02</yaw_z>
<pitch_x>9.1011492048854521e+01</pitch_x>
<roll_z>0.</roll_z>
</opencv_storage>
