<?xml version="1.0"?>
<opencv_storage>
<camera_name>FC60</camera_name>
<camera_model>PINHOLE</camera_model>
<calibration_time>"2023-01-05 09:04:25"</calibration_time>
<camIntrinsicMat type_id="opencv-matrix">
  <rows>3</rows>
  <cols>3</cols>
  <dt>d</dt>
  <data>
    1946.9697121076606 0. 968.36036630157548 0.
    1946.4195976663898 615.82170828753408 0. 0. 1.</data></camIntrinsicMat>
<distortion_coefficients type_id="opencv-matrix">
  <rows>1</rows>
  <cols>5</cols>
  <dt>d</dt>
  <data>
    -0.50116421843007364 0.23846383031418791
    -0.00084788924308047513 0.0002060831141478133
    0</data></distortion_coefficients>
<camIntriMatrix type_id="opencv-matrix">
  <rows>3</rows>
  <cols>4</cols>
  <dt>d</dt>
  <data>
    1946.9697121076606 0. 968.36036630157548 0. 0.
    1946.4195976663898 615.82170828753408 0. 0. 0. 1. 0.</data></camIntriMatrix>
<avg_reprojection_error>2.7685692879299723e-01</avg_reprojection_error>
</opencv_storage>
