<?xml version="1.0"?>
<opencv_storage>
<camera_name>FC120</camera_name>
<calibration_time>"2022-08-15 06:09:43"</calibration_time>
<undistort>1</undistort>
<rotationMatrix type_id="opencv-matrix">
  <rows>3</rows>
  <cols>3</cols>
  <dt>d</dt>
  <data>
    9.9983628097698662e-01 1.2981613227613091e-02
    -1.2605116426157775e-02 -1.2804000349036898e-02
    1.5353005474638222e-02 -9.9980015142925316e-01
    -1.2785492449264312e-02 9.9979786104037272e-01
    1.5516708475879014e-02</data></rotationMatrix>
<offsetMatrix type_id="opencv-matrix">
  <rows>3</rows>
  <cols>1</cols>
  <dt>d</dt>
  <data>
    -1.6392963535252775e+03 1.4920145158421303e+03
    3.3314207549644830e+03</data></offsetMatrix>
<deltaXY>
  1790. -3340.</deltaXY>
<headLocation>
  1790. -3340.</headLocation>
<pointA>
  4.8610044199119261e+02 1.0535218004159710e+03</pointA>
<pointB>
  1.5654733394474381e+03 1.0458328034511126e+03</pointB>
<pointV>
  9.8125573730468750e+02 6.2951129150390625e+02</pointV>
<cameraLocation>
  1.7007255859375000e+03 -3.3323735351562500e+03 1.4193601074218750e+03</cameraLocation>
<extrinsicMatrix type_id="opencv-matrix">
  <rows>4</rows>
  <cols>4</cols>
  <dt>d</dt>
  <data>
    9.9983628097698662e-01 1.2981613227613091e-02
    -1.2605116426157775e-02 -1.6392963535252775e+03
    -1.2804000349036898e-02 1.5353005474638222e-02
    -9.9980015142925316e-01 1.4920145158421303e+03
    -1.2785492449264312e-02 9.9979786104037272e-01
    1.5516708475879014e-02 3.3314207549644830e+03 0. 0. 0. 1.</data></extrinsicMatrix>
 <!-- resumed -->

<yaw_z>-7.4390023505500691e-01</yaw_z>
<pitch_x>8.9120301460137199e+01</pitch_x>
<roll_z>0.</roll_z>
</opencv_storage>
