<?xml version="1.0"?>
<opencv_storage>
<camera_name>RR</camera_name>
<calibration_time>"2022-08-16 10:37:40"</calibration_time>
<undistort>1</undistort>
<rotationMatrix type_id="opencv-matrix">
  <rows>3</rows>
  <cols>3</cols>
  <dt>d</dt>
  <data>
    7.0529401107174594e-01 -7.0661060334010695e-01
    5.7112285838147314e-02 1.2064511479275841e-02
    -6.8587420557509465e-02 -9.9757215944714184e-01
    7.0881224983001989e-01 7.0427070149808002e-01
    -3.9849385218695799e-02</data></rotationMatrix>
<offsetMatrix type_id="opencv-matrix">
  <rows>3</rows>
  <cols>1</cols>
  <dt>d</dt>
  <data>
    -7.6359857280469969e+03 5.9663623768251273e+02
    5.8046175625679452e+03</data></offsetMatrix>
<deltaXY>
  0. 0.</deltaXY>
<headLocation>
  0. 0.</headLocation>
<pointA>
  0. 0.</pointA>
<pointB>
  0. 0.</pointB>
<pointV>
  0. 0.</pointV>
<cameraLocation>
  1.2640328369140625e+03 -9.4427685546875000e+03 1.2626066894531250e+03</cameraLocation>
<extrinsicMatrix type_id="opencv-matrix">
  <rows>4</rows>
  <cols>4</cols>
  <dt>d</dt>
  <data>
    7.0529401107174594e-01 -7.0661060334010695e-01
    5.7112285838147314e-02 -7.6359857280469969e+03
    1.2064511479275841e-02 -6.8587420557509465e-02
    -9.9757215944714184e-01 5.9663623768251273e+02
    7.0881224983001989e-01 7.0427070149808002e-01
    -3.9849385218695799e-02 5.8046175625679452e+03 0. 0. 0. 1.</data></extrinsicMatrix>
 <!-- resumed -->

<bsd_deltaXY>
  2350. -6670.</bsd_deltaXY>
<yaw>-4.5138358722519691e+01</yaw>
<pitch>9.3238484348066223e+01</pitch>
<roll>9.7998589298468852e-01</roll>
<avg_reprojection_error>3.4438610076904297e-01</avg_reprojection_error>
</opencv_storage>
