<?xml version="1.0"?>
<opencv_storage>
<camera_name>FC120</camera_name>
<camera_model>FISHEYE</camera_model>
<calibration_time>"2022-07-07 16:06:53"</calibration_time>
<camIntrinsicMat type_id="opencv-matrix">
  <rows>3</rows>
  <cols>3</cols>
  <dt>d</dt>
  <data>
    9.7611005325831650e+02 0. 9.6576669283123783e+02 0.
    9.7687570594888541e+02 6.0381542159461526e+02 0. 0. 1.</data></camIntrinsicMat>
<distortion_coefficients type_id="opencv-matrix">
  <rows>4</rows>
  <cols>1</cols>
  <dt>d</dt>
  <data>
    -2.6958443372958309e-02 -3.7482734728165309e-02
    3.2517678299424049e-02 -1.4444870584622748e-02</data></distortion_coefficients>
<camIntriMatrix type_id="opencv-matrix">
  <rows>3</rows>
  <cols>4</cols>
  <dt>d</dt>
  <data>
    9.7611005325831650e+02 0. 9.6576669283123783e+02 0. 0.
    9.7687570594888541e+02 6.0381542159461526e+02 0. 0. 0. 1. 0.</data></camIntriMatrix>
<avg_reprojection_error>2.2094145979611030e-01</avg_reprojection_error>
</opencv_storage>
