<?xml version="1.0"?>
<opencv_storage>
<camera_name>RR</camera_name>
<camera_model>FISHEYE</camera_model>
<calibration_time>"2022-07-07 16:01:26"</calibration_time>
<camIntrinsicMat type_id="opencv-matrix">
  <rows>3</rows>
  <cols>3</cols>
  <dt>d</dt>
  <data>
    1.1477875172211304e+03 0. 9.5100671213754777e+02 0.
    1.1483772960776055e+03 6.0073654866637116e+02 0. 0. 1.</data></camIntrinsicMat>
<distortion_coefficients type_id="opencv-matrix">
  <rows>4</rows>
  <cols>1</cols>
  <dt>d</dt>
  <data>
    -3.7569570124630178e-02 -6.2449232500012277e-04
    -1.8751261646331702e-02 1.1667701005924352e-02</data></distortion_coefficients>
<camIntriMatrix type_id="opencv-matrix">
  <rows>3</rows>
  <cols>4</cols>
  <dt>d</dt>
  <data>
    1.1477875172211304e+03 0. 9.5100671213754777e+02 0. 0.
    1.1483772960776055e+03 6.0073654866637116e+02 0. 0. 0. 1. 0.</data></camIntriMatrix>
<avg_reprojection_error>1.0276549149933534e-01</avg_reprojection_error>
</opencv_storage>
