<?xml version="1.0"?>
<opencv_storage>
<camera_name>FC120</camera_name>
<calibration_time>"2022-08-06 14:18:21"</calibration_time>
<undistort>1</undistort>
<rotationMatrix type_id="opencv-matrix">
  <rows>3</rows>
  <cols>3</cols>
  <dt>d</dt>
  <data>
    9.9997710362112646e-01 4.7662100279293037e-03
    -4.8036939403582925e-03 -4.9113896652989535e-03
    2.2847325644788963e-02 -9.9972690168987488e-01
    -4.6551568242717088e-03 9.9972760437673758e-01
    2.2870211238438569e-02</data></rotationMatrix>
<offsetMatrix type_id="opencv-matrix">
  <rows>3</rows>
  <cols>1</cols>
  <dt>d</dt>
  <data>
    -1.8574607168612015e+03 1.5458154322731393e+03
    3.2704490864590666e+03</data></offsetMatrix>
<deltaXY>
  1850. -3235.</deltaXY>
<headLocation>
  1850. -3235.</headLocation>
<pointA>
  4.0909857506899084e+02 1.0545067330438303e+03</pointA>
<pointB>
  1.4981613174217132e+03 1.0515471465178532e+03</pointB>
<pointV>
  9.6809008789062500e+02 6.1560583496093750e+02</pointV>
<cameraLocation>
  1.8802347412109375e+03 -3.2960229492187500e+03 1.4616746826171875e+03</cameraLocation>
<extrinsicMatrix type_id="opencv-matrix">
  <rows>4</rows>
  <cols>4</cols>
  <dt>d</dt>
  <data>
    9.9997710362112646e-01 4.7662100279293037e-03
    -4.8036939403582925e-03 -1.8574607168612015e+03
    -4.9113896652989535e-03 2.2847325644788963e-02
    -9.9972690168987488e-01 1.5458154322731393e+03
    -4.6551568242717088e-03 9.9972760437673758e-01
    2.2870211238438569e-02 3.2704490864590666e+03 0. 0. 0. 1.</data></extrinsicMatrix>
 <!-- resumed -->

<yaw_z>-2.7315604689704404e-01</yaw_z>
<pitch_x>8.8690832825505140e+01</pitch_x>
<roll_z>0.</roll_z>
</opencv_storage>
