<?xml version="1.0"?>
<opencv_storage>
<camera_name>RC</camera_name>
<camera_model>PINHOLE</camera_model>
<calibration_time>"2021-11-02 17:34:28"</calibration_time>
<camIntrinsicMat type_id="opencv-matrix">
  <rows>3</rows>
  <cols>3</cols>
  <dt>d</dt>
  <data>
    2.6677030244199123e+03 0. 1.4193845153360212e+03 0.
    2.6579243896379116e+03 8.3890714439265696e+02 0. 0. 1.</data></camIntrinsicMat>
<distortion_coefficients type_id="opencv-matrix">
  <rows>1</rows>
  <cols>5</cols>
  <dt>d</dt>
  <data>
    -3.6176425220819824e-01 -8.8310501247678058e-02
    3.9379919433851175e-03 7.9376348387613898e-04 2.7756345070922606e-01</data></distortion_coefficients>
<undistort_roi>
  0 0 0 0</undistort_roi>
<camIntriMatrix type_id="opencv-matrix">
  <rows>3</rows>
  <cols>4</cols>
  <dt>d</dt>
  <data>
    2.6677030244199123e+03 0. 1.4193845153360212e+03 0. 0.
    2.6579243896379116e+03 8.3890714439265696e+02 0. 0. 0. 1. 0.</data></camIntriMatrix>
<avg_reprojection_error>5.2788062171813543e-01</avg_reprojection_error>
</opencv_storage>
