<?xml version="1.0"?>
<opencv_storage>
<camera_name>RC</camera_name>
<calibration_time>"2022-08-29 18:29:27"</calibration_time>
<undistort>1</undistort>
<rotationMatrix type_id="opencv-matrix">
  <rows>3</rows>
  <cols>3</cols>
  <dt>d</dt>
  <data>
    9.9985050890164728e-01 -1.3243593728650135e-02
    1.1116072789771373e-02 1.1910061759277574e-02 6.1464903808437096e-02
    -9.9803818365266461e-01 1.2534363885224917e-02
    9.9802137894183918e-01 6.1613447371679626e-02</data></rotationMatrix>
<offsetMatrix type_id="opencv-matrix">
  <rows>3</rows>
  <cols>1</cols>
  <dt>d</dt>
  <data>
    -1.7766309408283314e+03 1.5296067095474405e+03
    4.7051736200301448e+03</data></offsetMatrix>
<deltaXY>
  1670. -4740.</deltaXY>
<headLocation>
  1670. -4740.</headLocation>
<pointA>
  4.1208401659366689e+02 1.7029728108651066e+03</pointA>
<pointB>
  2.3312424996311202e+03 1.7178864434569757e+03</pointB>
<pointV>
  1.3839844970703125e+03 1.0026000976562500e+03</pointV>
<cameraLocation>
  1.6991712646484375e+03 -4.8134101562500000e+03 1.2564531250000000e+03</cameraLocation>
<extrinsicMatrix type_id="opencv-matrix">
  <rows>4</rows>
  <cols>4</cols>
  <dt>d</dt>
  <data>
    9.9985050890164728e-01 -1.3243593728650135e-02
    1.1116072789771373e-02 -1.7766309408283314e+03
    1.1910061759277574e-02 6.1464903808437096e-02
    -9.9803818365266461e-01 1.5296067095474405e+03
    1.2534363885224917e-02 9.9802137894183918e-01 6.1613447371679626e-02
    4.7051736200301448e+03 0. 0. 0. 1.</data></extrinsicMatrix>
 <!-- resumed -->

<yaw_z>-7.1818495654877823e-01</yaw_z>
<pitch_x>8.6467294243384657e+01</pitch_x>
<roll_z>6.8246602236759002e-01</roll_z>
</opencv_storage>
