<?xml version="1.0"?>
<opencv_storage>
<camera_name>FC60</camera_name>
<camera_model>PINHOLE</camera_model>
<calibration_time>"2022-07-04 10:06:34"</calibration_time>
<camIntrinsicMat type_id="opencv-matrix">
  <rows>3</rows>
  <cols>3</cols>
  <dt>d</dt>
  <data>
    1.8931942289994074e+03 0. 9.5474199146038620e+02 0.
    1.8964755568269907e+03 5.4573786675495239e+02 0. 0. 1.</data></camIntrinsicMat>
<distortion_coefficients type_id="opencv-matrix">
  <rows>1</rows>
  <cols>5</cols>
  <dt>d</dt>
  <data>
    -5.1397121154902881e-01 4.2490732060622333e-01
    6.0315527421569955e-03 -8.2819038707320153e-04
    -3.7831780975205465e-01</data></distortion_coefficients>
<camIntriMatrix type_id="opencv-matrix">
  <rows>3</rows>
  <cols>4</cols>
  <dt>d</dt>
  <data>
    1.8931942289994074e+03 0. 9.5474199146038620e+02 0. 0.
    1.8964755568269907e+03 5.4573786675495239e+02 0. 0. 0. 1. 0.</data></camIntriMatrix>
<avg_reprojection_error>4.8795597132884067e-01</avg_reprojection_error>
</opencv_storage>
