<?xml version="1.0"?>
<opencv_storage>
<camera_name>FR</camera_name>
<camera_model>FISHEYE</camera_model>
<calibration_time>"2022-07-28 09:58:47"</calibration_time>
<camIntrinsicMat type_id="opencv-matrix">
  <rows>3</rows>
  <cols>3</cols>
  <dt>d</dt>
  <data>
    1.1485056297702315e+03 0. 9.7947290906231831e+02 0.
    1.1507090362306105e+03 5.9540316621861291e+02 0. 0. 1.</data></camIntrinsicMat>
<distortion_coefficients type_id="opencv-matrix">
  <rows>4</rows>
  <cols>1</cols>
  <dt>d</dt>
  <data>
    -3.9853656982907763e-02 -3.6036881685375902e-02
    7.5997750157753854e-02 -5.1717328198123691e-02</data></distortion_coefficients>
<camIntriMatrix type_id="opencv-matrix">
  <rows>3</rows>
  <cols>4</cols>
  <dt>d</dt>
  <data>
    1.1485056297702315e+03 0. 9.7947290906231831e+02 0. 0.
    1.1507090362306105e+03 5.9540316621861291e+02 0. 0. 0. 1. 0.</data></camIntriMatrix>
<avg_reprojection_error>3.3658051842348907e-01</avg_reprojection_error>
</opencv_storage>
