<?xml version="1.0"?>
<opencv_storage>
<camera_name>FR</camera_name>
<calibration_time>"2022-07-28 15:27:16"</calibration_time>
<undistort>1</undistort>
<rotationMatrix type_id="opencv-matrix">
  <rows>3</rows>
  <cols>3</cols>
  <dt>d</dt>
  <data>
    -6.7802679204546679e-01 -7.3482892397536037e-01
    1.7496335551975772e-02 -2.1121988446791695e-03
    -2.1855413473558460e-02 -9.9975891069694411e-01
    7.3503415422997431e-01 -6.7790028277845826e-01
    1.3266451082046271e-02</data></rotationMatrix>
<offsetMatrix type_id="opencv-matrix">
  <rows>3</rows>
  <cols>1</cols>
  <dt>d</dt>
  <data>
    -2.8922260141697689e+03 1.1640880727156157e+03
    -4.4166548645173480e+03</data></offsetMatrix>
<deltaXY>
  0. 0.</deltaXY>
<headLocation>
  0. 0.</headLocation>
<pointA>
  0. 0.</pointA>
<pointB>
  0. 0.</pointB>
<pointV>
  0. 0.</pointV>
<cameraLocation>
  1.2878442382812500e+03 -5.0939013671875000e+03 1.2730041503906250e+03</cameraLocation>
<extrinsicMatrix type_id="opencv-matrix">
  <rows>4</rows>
  <cols>4</cols>
  <dt>d</dt>
  <data>
    -6.7802679204546679e-01 -7.3482892397536037e-01
    1.7496335551975772e-02 -2.8922260141697689e+03
    -2.1121988446791695e-03 -2.1855413473558460e-02
    -9.9975891069694411e-01 1.1640880727156157e+03
    7.3503415422997431e-01 -6.7790028277845826e-01
    1.3266451082046271e-02 -4.4166548645173480e+03 0. 0. 0. 1.</data></extrinsicMatrix>
 <!-- resumed -->

<bsd_deltaXY>
  2210. -8600.</bsd_deltaXY>
<yaw>-4.7310102523946348e+01</yaw>
<pitch>-8.8878869560225468e+01</pitch>
<roll>-1.7982151193841844e+02</roll>
<avg_reprojection_error>1.6578202819824219e+02</avg_reprojection_error>
</opencv_storage>
