<?xml version="1.0"?>
<opencv_storage>
<camera_name>RC</camera_name>
<camera_model>PINHOLE</camera_model>
<calibration_time>"2022-08-01 12:40:54"</calibration_time>
<camIntrinsicMat type_id="opencv-matrix">
  <rows>3</rows>
  <cols>3</cols>
  <dt>d</dt>
  <data>
    2.6397554188586132e+03 0. 1.3862663264866972e+03 0.
    2.6395254755398569e+03 8.6897024733582418e+02 0. 0. 1.</data></camIntrinsicMat>
<distortion_coefficients type_id="opencv-matrix">
  <rows>1</rows>
  <cols>5</cols>
  <dt>d</dt>
  <data>
    -3.4692576502304134e-01 -1.8400647160559158e-01
    -1.4292788050757883e-03 4.4644082247059200e-04
    4.4123652658272827e-01</data></distortion_coefficients>
<camIntriMatrix type_id="opencv-matrix">
  <rows>3</rows>
  <cols>4</cols>
  <dt>d</dt>
  <data>
    2.6397554188586132e+03 0. 1.3862663264866972e+03 0. 0.
    2.6395254755398569e+03 8.6897024733582418e+02 0. 0. 0. 1. 0.</data></camIntriMatrix>
<avg_reprojection_error>3.2150687694639540e-01</avg_reprojection_error>
</opencv_storage>
