<?xml version="1.0"?>
<opencv_storage>
<camera_name>RC</camera_name>
<calibration_time>"2022-08-01 12:45:12"</calibration_time>
<undistort>1</undistort>
<rotationMatrix type_id="opencv-matrix">
  <rows>3</rows>
  <cols>3</cols>
  <dt>d</dt>
  <data>
    9.9931245431499127e-01 -3.5502434321170169e-03
    -3.6905479573109835e-02 -3.7040943445695675e-02
    -5.2416558808432101e-02 -9.9793811074201133e-01
    1.6084649829237888e-03 9.9861899648176866e-01
    -5.2512024395787851e-02</data></rotationMatrix>
<offsetMatrix type_id="opencv-matrix">
  <rows>3</rows>
  <cols>1</cols>
  <dt>d</dt>
  <data>
    -1.8789458464369877e+03 8.4742829434512316e+02
    5.8583482336778716e+03</data></offsetMatrix>
<deltaXY>
  1890. -5670.</deltaXY>
<headLocation>
  1890. -5670.</headLocation>
<pointA>
  5.3961855444736602e+02 1.2507858175947763e+03</pointA>
<pointB>
  2.3037577392613912e+03 1.1850244155306150e+03</pointB>
<pointV>
  1.3768815917968750e+03 7.3042407226562500e+02</pointV>
<cameraLocation>
  1.8996206054687500e+03 -5.8125092773437500e+03 1.0839713134765625e+03</cameraLocation>
<extrinsicMatrix type_id="opencv-matrix">
  <rows>4</rows>
  <cols>4</cols>
  <dt>d</dt>
  <data>
    9.9931245431499127e-01 -3.5502434321170169e-03
    -3.6905479573109835e-02 -1.8789458464369877e+03
    -3.7040943445695675e-02 -5.2416558808432101e-02
    -9.9793811074201133e-01 8.4742829434512316e+02
    1.6084649829237888e-03 9.9861899648176866e-01
    -5.2512024395787851e-02 5.8583482336778716e+03 0. 0. 0. 1.</data></extrinsicMatrix>
 <!-- resumed -->

<yaw_z>-9.2158296387367389e-02</yaw_z>
<pitch_x>9.3010105750362996e+01</pitch_x>
<roll_z>-2.1227780838007968e+00</roll_z>
</opencv_storage>
