<?xml version="1.0"?>
<opencv_storage>
<camera_name>RR</camera_name>
<calibration_time>"2022-09-08 22:10:22"</calibration_time>
<undistort>1</undistort>
<rotationMatrix type_id="opencv-matrix">
  <rows>3</rows>
  <cols>3</cols>
  <dt>d</dt>
  <data>
    7.0629953714374005e-01 -7.0637269296145166e-01
    4.6675287561250389e-02 2.7733396316306669e-02
    -3.8273050695767169e-02 -9.9888239163537262e-01
    7.0736965057832479e-01 7.0680463512120939e-01
    -7.4421241505824853e-03</data></rotationMatrix>
<offsetMatrix type_id="opencv-matrix">
  <rows>3</rows>
  <cols>1</cols>
  <dt>d</dt>
  <data>
    -7.6609089210989614e+03 8.5440439366332271e+02
    5.7612544945095269e+03</data></offsetMatrix>
<deltaXY>
  0. 0.</deltaXY>
<headLocation>
  0. 0.</headLocation>
<pointA>
  0. 0.</pointA>
<pointB>
  0. 0.</pointB>
<pointV>
  0. 0.</pointV>
<cameraLocation>
  1.3118642578125000e+03 -9.4508378906250000e+03 1.2539006347656250e+03</cameraLocation>
<extrinsicMatrix type_id="opencv-matrix">
  <rows>4</rows>
  <cols>4</cols>
  <dt>d</dt>
  <data>
    7.0629953714374005e-01 -7.0637269296145166e-01
    4.6675287561250389e-02 -7.6609089210989614e+03
    2.7733396316306669e-02 -3.8273050695767169e-02
    -9.9888239163537262e-01 8.5440439366332271e+02
    7.0736965057832479e-01 7.0680463512120939e-01
    -7.4421241505824853e-03 5.7612544945095269e+03 0. 0. 0. 1.</data></extrinsicMatrix>
 <!-- resumed -->

<bsd_deltaXY>
  2320. -6650.</bsd_deltaXY>
<yaw>-4.5021304702011221e+01</yaw>
<pitch>9.0603259410851848e+01</pitch>
<roll>2.2486078324050869e+00</roll>
<avg_reprojection_error>2.5473603606224060e-01</avg_reprojection_error>
</opencv_storage>
