<?xml version="1.0"?>
<opencv_storage>
<camera_name>RR</camera_name>
<camera_model>FISHEYE</camera_model>
<calibration_time>"2022-09-08 21:35:35"</calibration_time>
<camIntrinsicMat type_id="opencv-matrix">
  <rows>3</rows>
  <cols>3</cols>
  <dt>d</dt>
  <data>
    1.1485014156160134e+03 0. 9.7034117007782379e+02 0.
    1.1487157974528652e+03 5.9791235591216764e+02 0. 0. 1.</data></camIntrinsicMat>
<distortion_coefficients type_id="opencv-matrix">
  <rows>4</rows>
  <cols>1</cols>
  <dt>d</dt>
  <data>
    -2.6178386794456766e-02 -5.0568397039351405e-02
    6.7739954103905736e-02 -4.3857092090347390e-02</data></distortion_coefficients>
<camIntriMatrix type_id="opencv-matrix">
  <rows>3</rows>
  <cols>4</cols>
  <dt>d</dt>
  <data>
    1.1485014156160134e+03 0. 9.7034117007782379e+02 0. 0.
    1.1487157974528652e+03 5.9791235591216764e+02 0. 0. 0. 1. 0.</data></camIntriMatrix>
<avg_reprojection_error>2.2254040206431497e-01</avg_reprojection_error>
</opencv_storage>
