<?xml version="1.0"?>
<opencv_storage>
<camera_name>RR</camera_name>
<camera_model>FISHEYE</camera_model>
<calibration_time>"2022-09-22 10:30:53"</calibration_time>
<camIntrinsicMat type_id="opencv-matrix">
  <rows>3</rows>
  <cols>3</cols>
  <dt>d</dt>
  <data>
    1.1542665804668043e+03 0. 9.5632036484432967e+02 0.
    1.1519300375300832e+03 6.0051764949672770e+02 0. 0. 1.</data></camIntrinsicMat>
<distortion_coefficients type_id="opencv-matrix">
  <rows>4</rows>
  <cols>1</cols>
  <dt>d</dt>
  <data>
    -4.8994470141588822e-02 2.9041981193636379e-02
    -6.4618865735164219e-02 4.2071253103564007e-02</data></distortion_coefficients>
<camIntriMatrix type_id="opencv-matrix">
  <rows>3</rows>
  <cols>4</cols>
  <dt>d</dt>
  <data>
    1.1542665804668043e+03 0. 9.5632036484432967e+02 0. 0.
    1.1519300375300832e+03 6.0051764949672770e+02 0. 0. 0. 1. 0.</data></camIntriMatrix>
<avg_reprojection_error>2.1434683548977490e-01</avg_reprojection_error>
</opencv_storage>
