<?xml version="1.0"?>
<opencv_storage>
<camera_name>FR</camera_name>
<camera_model>FISHEYE</camera_model>
<calibration_time>"2022-07-07 15:55:45"</calibration_time>
<camIntrinsicMat type_id="opencv-matrix">
  <rows>3</rows>
  <cols>3</cols>
  <dt>d</dt>
  <data>
    1.1602467237297201e+03 0. 9.6737155970996696e+02 0.
    1.1581334609256030e+03 5.9108016954162895e+02 0. 0. 1.</data></camIntrinsicMat>
<distortion_coefficients type_id="opencv-matrix">
  <rows>4</rows>
  <cols>1</cols>
  <dt>d</dt>
  <data>
    -5.5152499914098346e-02 8.4856023880180292e-02
    -2.1948417134481540e-01 1.7672207539286128e-01</data></distortion_coefficients>
<camIntriMatrix type_id="opencv-matrix">
  <rows>3</rows>
  <cols>4</cols>
  <dt>d</dt>
  <data>
    1.1602467237297201e+03 0. 9.6737155970996696e+02 0. 0.
    1.1581334609256030e+03 5.9108016954162895e+02 0. 0. 0. 1. 0.</data></camIntriMatrix>
<avg_reprojection_error>1.4815825909482125e-01</avg_reprojection_error>
</opencv_storage>
