<?xml version="1.0"?>
<opencv_storage>
<camera_name>FR</camera_name>
<calibration_time>"2022-07-08 15:27:19"</calibration_time>
<undistort>1</undistort>
<rotationMatrix type_id="opencv-matrix">
  <rows>3</rows>
  <cols>3</cols>
  <dt>d</dt>
  <data>
    -6.8098369859043795e-01 -7.3229857441063717e-01
    1.3047459876458500e-05 3.5499878701067022e-02
    -3.3030066771484234e-02 -9.9882369480368305e-01
    7.3143759875077330e-01 -6.8018219074393604e-01
    4.8489447599276647e-02</data></rotationMatrix>
<offsetMatrix type_id="opencv-matrix">
  <rows>3</rows>
  <cols>1</cols>
  <dt>d</dt>
  <data>
    -2.7923320261303497e+03 1.0755216070609138e+03
    -4.4157693763843799e+03</data></offsetMatrix>
<deltaXY>
  0. 0.</deltaXY>
<headLocation>
  0. 0.</headLocation>
<pointA>
  0. 0.</pointA>
<pointB>
  0. 0.</pointB>
<pointV>
  0. 0.</pointV>
<cameraLocation>
  1.2901462402343750e+03 -5.0128237304687500e+03 1.2884111328125000e+03</cameraLocation>
<extrinsicMatrix type_id="opencv-matrix">
  <rows>4</rows>
  <cols>4</cols>
  <dt>d</dt>
  <data>
    -6.8098369859043795e-01 -7.3229857441063717e-01
    1.3047459876458500e-05 -2.7923320261303497e+03
    3.5499878701067022e-02 -3.3030066771484234e-02
    -9.9882369480368305e-01 1.0755216070609138e+03
    7.3143759875077330e-01 -6.8018219074393604e-01
    4.8489447599276647e-02 -4.4157693763843799e+03 0. 0. 0. 1.</data></extrinsicMatrix>
 <!-- resumed -->

<bsd_deltaXY>
  2185. -8630.</bsd_deltaXY>
<yaw>-4.7007049269179568e+01</yaw>
<pitch>-8.5922344638129061e+01</pitch>
<roll>1.7701585556162493e+02</roll>
<avg_reprojection_error>3.7100517749786377e-01</avg_reprojection_error>
</opencv_storage>
