<?xml version="1.0"?>
<opencv_storage>
<camera_name>FC60</camera_name>
<camera_model>PINHOLE</camera_model>
<calibration_time>"2022-07-20 19:17:05"</calibration_time>
<camIntrinsicMat type_id="opencv-matrix">
  <rows>3</rows>
  <cols>3</cols>
  <dt>d</dt>
  <data>
    2.6306181455090586e+03 0. 1.4237612521798981e+03 0.
    2.6309093595363447e+03 9.0445167472294850e+02 0. 0. 1.</data></camIntrinsicMat>
<distortion_coefficients type_id="opencv-matrix">
  <rows>1</rows>
  <cols>5</cols>
  <dt>d</dt>
  <data>
    -3.3731284035078496e-01 -2.2972811015055888e-01
    -7.6602919553102789e-04 -1.2351788670408989e-03
    5.1318034297980819e-01</data></distortion_coefficients>
<camIntriMatrix type_id="opencv-matrix">
  <rows>3</rows>
  <cols>4</cols>
  <dt>d</dt>
  <data>
    2.6306181455090586e+03 0. 1.4237612521798981e+03 0. 0.
    2.6309093595363447e+03 9.0445167472294850e+02 0. 0. 0. 1. 0.</data></camIntriMatrix>
<avg_reprojection_error>2.1189353061115024e-01</avg_reprojection_error>
</opencv_storage>
