<?xml version="1.0"?>
<opencv_storage>
<camera_name>RR</camera_name>
<camera_model>FISHEYE</camera_model>
<calibration_time>"2022-01-10 23:07:55"</calibration_time>
<camIntrinsicMat type_id="opencv-matrix">
  <rows>3</rows>
  <cols>3</cols>
  <dt>d</dt>
  <data>
    1.1456223885244701e+03 0. 9.6704876060106392e+02 0.
    1.1443593567025898e+03 5.8306927328938309e+02 0. 0. 1.</data></camIntrinsicMat>
<distortion_coefficients type_id="opencv-matrix">
  <rows>4</rows>
  <cols>1</cols>
  <dt>d</dt>
  <data>
    -3.8100607890264940e-02 4.7309170639305304e-03
    -3.1430084538378658e-02 2.1125600042714309e-02</data></distortion_coefficients>
<camIntriMatrix type_id="opencv-matrix">
  <rows>3</rows>
  <cols>4</cols>
  <dt>d</dt>
  <data>
    1.1456223885244701e+03 0. 9.6704876060106392e+02 0. 0.
    1.1443593567025898e+03 5.8306927328938309e+02 0. 0. 0. 1. 0.</data></camIntriMatrix>
<avg_reprojection_error>5.7976854556231172e-01</avg_reprojection_error>
</opencv_storage>
