<?xml version="1.0"?>
<opencv_storage>
<camera_name>RR</camera_name>
<calibration_time>"2022-01-10 23:09:39"</calibration_time>
<undistort>1</undistort>
<rotationMatrix type_id="opencv-matrix">
  <rows>3</rows>
  <cols>3</cols>
  <dt>d</dt>
  <data>
    7.1967507703409783e-01 -6.9429369406178620e-01
    4.9040679036876367e-03 1.5721576529534764e-02 9.2340952603188198e-03
    -9.9983376794152601e-01 6.9413299556165109e-01
    7.1963254364346396e-01 1.7560939662975839e-02</data></rotationMatrix>
<offsetMatrix type_id="opencv-matrix">
  <rows>3</rows>
  <cols>1</cols>
  <dt>d</dt>
  <data>
    -7.5824963028884767e+03 1.3361537137480871e+03
    5.9074830550295874e+03</data></offsetMatrix>
<deltaXY>
  0. 0.</deltaXY>
<headLocation>
  0. 0.</headLocation>
<pointA>
  0. 0.</pointA>
<pointB>
  0. 0.</pointB>
<pointV>
  0. 0.</pointV>
<cameraLocation>
  1.3353482666015625e+03 -9.5280341796875000e+03 1.2693757324218750e+03</cameraLocation>
<extrinsicMatrix type_id="opencv-matrix">
  <rows>4</rows>
  <cols>4</cols>
  <dt>d</dt>
  <data>
    7.1967507703409783e-01 -6.9429369406178620e-01
    4.9040679036876367e-03 -7.5824963028884767e+03
    1.5721576529534764e-02 9.2340952603188198e-03
    -9.9983376794152601e-01 1.3361537137480871e+03
    6.9413299556165109e-01 7.1963254364346396e-01 1.7560939662975839e-02
    5.9074830550295874e+03 0. 0. 0. 1.</data></extrinsicMatrix>
 <!-- resumed -->

<bsd_deltaXY>
  2260. -6755.</bsd_deltaXY>
<yaw>-4.3958168103776750e+01</yaw>
<pitch>8.8602108692130429e+01</pitch>
<roll>1.2514491079498096e+00</roll>
<avg_reprojection_error>5.1457202434539795e-01</avg_reprojection_error>
</opencv_storage>
