<?xml version="1.0"?>
<opencv_storage>
<camera_name>FC60</camera_name>
<calibration_time>"2022-07-08 17:39:09"</calibration_time>
<undistort>1</undistort>
<rotationMatrix type_id="opencv-matrix">
  <rows>3</rows>
  <cols>3</cols>
  <dt>d</dt>
  <data>
    9.9996465373426047e-01 6.6519447084452650e-03
    -5.1422673711572307e-03 -5.1023849450782879e-03
    -5.9987440957088500e-03 -9.9996898988775973e-01
    -6.6825855769245251e-03 9.9995988254572987e-01
    -5.9645912799700740e-03</data></rotationMatrix>
<offsetMatrix type_id="opencv-matrix">
  <rows>3</rows>
  <cols>1</cols>
  <dt>d</dt>
  <data>
    -1.3967023340558087e+03 1.4149515629361558e+03
    5.2444629373196958e+03</data></offsetMatrix>
<deltaXY>
  1365. -5155.</deltaXY>
<headLocation>
  1365. -5155.</headLocation>
<pointA>
  4.3470277013091345e+02 1.1447130631241530e+03</pointA>
<pointB>
  1.4871946579085020e+03 1.1412312514522366e+03</pointB>
<pointV>
  9.6805462646484375e+02 6.0539331054687500e+02</pointV>
<cameraLocation>
  1.4389191894531250e+03 -5.2264736328125000e+03 1.4390065917968750e+03</cameraLocation>
<extrinsicMatrix type_id="opencv-matrix">
  <rows>4</rows>
  <cols>4</cols>
  <dt>d</dt>
  <data>
    9.9996465373426047e-01 6.6519447084452650e-03
    -5.1422673711572307e-03 -1.3967023340558087e+03
    -5.1023849450782879e-03 -5.9987440957088500e-03
    -9.9996898988775973e-01 1.4149515629361558e+03
    -6.6825855769245251e-03 9.9995988254572987e-01
    -5.9645912799700740e-03 5.2444629373196958e+03 0. 0. 0. 1.</data></extrinsicMatrix>
 <!-- resumed -->

<yaw_z>3.8288680840130834e-01</yaw_z>
<pitch_x>9.0341755564296818e+01</pitch_x>
<roll_z>-2.9235291924498630e-01</roll_z>
</opencv_storage>
