<?xml version="1.0"?>
<opencv_storage>
<camera_name>RC</camera_name>
<calibration_time>"2023-01-07 13:29:27"</calibration_time>
<undistort>1</undistort>
<rotationMatrix type_id="opencv-matrix">
  <rows>3</rows>
  <cols>3</cols>
  <dt>d</dt>
  <data>
    9.9986352527653777e-01 -1.1169300169761458e-02
    -1.2172820350776657e-02 -1.2334175373243205e-02
    -1.4492965531678413e-02 -9.9981889463440321e-01
    1.0990857083803632e-02 9.9983258632823901e-01
    -1.4628751715305560e-02</data></rotationMatrix>
<offsetMatrix type_id="opencv-matrix">
  <rows>3</rows>
  <cols>1</cols>
  <dt>d</dt>
  <data>
    -1.9326101991789096e+03 1.3701988383417449e+03
    5.5169967073619027e+03</data></offsetMatrix>
<deltaXY>
  1810. -5240.</deltaXY>
<headLocation>
  1810. -5240.</headLocation>
<pointA>
  2.8061451290005084e+02 1.1347680978299670e+03</pointA>
<pointB>
  1.5884993630242680e+03 1.1151129686770544e+03</pointB>
<pointV>
  9.5708880615234375e+02 6.0974157714843750e+02</pointV>
<cameraLocation>
  1.8886102294921875e+03 -5.5178007812500000e+03 1.4271322021484375e+03</cameraLocation>
<extrinsicMatrix type_id="opencv-matrix">
  <rows>4</rows>
  <cols>4</cols>
  <dt>d</dt>
  <data>
    9.9986352527653777e-01 -1.1169300169761458e-02
    -1.2172820350776657e-02 -1.9326101991789096e+03
    -1.2334175373243205e-02 -1.4492965531678413e-02
    -9.9981889463440321e-01 1.3701988383417449e+03
    1.0990857083803632e-02 9.9983258632823901e-01
    -1.4628751715305560e-02 5.5169967073619027e+03 0. 0. 0. 1.</data></extrinsicMatrix>
 <!-- resumed -->

<yaw_z>6.4003429539856349e-01</yaw_z>
<pitch_x>9.0830416903768324e+01</pitch_x>
<roll_z>0.</roll_z>
</opencv_storage>
