<?xml version="1.0"?>
<opencv_storage>
<camera_name>RC</camera_name>
<camera_model>PINHOLE</camera_model>
<calibration_time>"2023-1-07 13:08:39"</calibration_time>
<camIntrinsicMat type_id="opencv-matrix">
  <rows>3</rows>
  <cols>3</cols>
  <dt>d</dt>
  <data>
    1994.7346656021571 0. 979.3723269575205 0.
    1997.4001986878031 638.69467652566311 0. 0. 1.</data></camIntrinsicMat>
<distortion_coefficients type_id="opencv-matrix">
  <rows>1</rows>
  <cols>5</cols>
  <dt>d</dt>
  <data>
    -0.52844945974237112 0.27795937183980818
    -0.00073130061447445249 -0.0023590471299566162
    0</data></distortion_coefficients>
<camIntriMatrix type_id="opencv-matrix">
  <rows>3</rows>
  <cols>4</cols>
  <dt>d</dt>
  <data>
    1994.7346656021571 0. 979.3723269575205 0. 0.
    1997.4001986878031 638.69467652566311 0. 0. 0. 1. 0.</data></camIntriMatrix>
<avg_reprojection_error>2.4702149572606177e-01</avg_reprojection_error>
</opencv_storage>
