<?xml version="1.0"?>
<opencv_storage>
<camera_name>FR</camera_name>
<calibration_time>"2022-12-21 14:50:28"</calibration_time>
<undistort>1</undistort>
<rotationMatrix type_id="opencv-matrix">
  <rows>3</rows>
  <cols>3</cols>
  <dt>d</dt>
  <data>
    -7.0358084314199676e-01 -7.1033484140237069e-01
    -1.9960216769009165e-02 7.7043424023556795e-03
    2.0461923961913486e-02 -9.9976094781498848e-01
    7.1057345874423439e-01 -7.0356643094852522e-01
    -8.9239548749434627e-03</data></rotationMatrix>
<offsetMatrix type_id="opencv-matrix">
  <rows>3</rows>
  <cols>1</cols>
  <dt>d</dt>
  <data>
    -2.6797519377378981e+03 1.3620367590617554e+03
    -4.4989523691126096e+03</data></offsetMatrix>
<deltaXY>
  0. 0.</deltaXY>
<headLocation>
  0. 0.</headLocation>
<pointA>
  0. 0.</pointA>
<pointB>
  0. 0.</pointB>
<pointV>
  0. 0.</pointV>
<cameraLocation>
  1.3009204101562500e+03 -5.0967031250000000e+03 1.2680743408203125e+03</cameraLocation>
<extrinsicMatrix type_id="opencv-matrix">
  <rows>4</rows>
  <cols>4</cols>
  <dt>d</dt>
  <data>
    -7.0358084314199676e-01 -7.1033484140237069e-01
    -1.9960216769009165e-02 -2.6797519377378981e+03
    7.7043424023556795e-03 2.0461923961913486e-02
    -9.9976094781498848e-01 1.3620367590617554e+03
    7.1057345874423439e-01 -7.0356643094852522e-01
    -8.9239548749434627e-03 -4.4989523691126096e+03 0. 0. 0. 1.</data></extrinsicMatrix>
 <!-- resumed -->

<bsd_deltaXY>
  2315. -8540.</bsd_deltaXY>
<yaw>-4.5281593781902856e+01</yaw>
<pitch>-9.0726694042411282e+01</pitch>
<roll>1.7937262552578105e+02</roll>
<avg_reprojection_error>4.3785372376441956e-01</avg_reprojection_error>
</opencv_storage>
