<?xml version="1.0"?>
<opencv_storage>
<camera_name>FL</camera_name>
<camera_model>FISHEYE</camera_model>
<calibration_time>"2022-12-21 14:21:12"</calibration_time>
<camIntrinsicMat type_id="opencv-matrix">
  <rows>3</rows>
  <cols>3</cols>
  <dt>d</dt>
  <data>
   1144.4117708466893 0. 963.02406651653655 0.
    1144.9737045243432 591.65262692252668 0. 0. 1.</data></camIntrinsicMat>
<distortion_coefficients type_id="opencv-matrix">
  <rows>4</rows>
  <cols>1</cols>
  <dt>d</dt>
  <data>
    -0.031747998099902607 -0.020508282965683845
    0.022807787729867204 -0.015619084590809263</data></distortion_coefficients>
<camIntriMatrix type_id="opencv-matrix">
  <rows>3</rows>
  <cols>4</cols>
  <dt>d</dt>
  <data>
    1144.4117708466893 0. 963.02406651653655 0. 0.
    1144.9737045243432 591.65262692252668 0. 0. 0. 1. 0.</data></camIntriMatrix>
<avg_reprojection_error>2.7698559417496921e-01</avg_reprojection_error>
</opencv_storage>
